Connecting to HC-06 ...
Connected
 16 13.28   -0.3   Tb,C  VOC,V  Ib,A 
154 ---  158   EKF,Ah  chg,hrs  CC, Ah
Pf; for fails.  prints=0

 16 13.28   -0.3   Tb,C  VOC,V  Ib,A 
154 ---  158   EKF,Ah  chg,hrs  CC, Ah
Pf; for fails.  prints=0

Pf;echo: Pf, 4
echo: Pf, 0
unit_f, 2023-02-09T17:38:53, 1675964333,  15.625,  14.485,  -0.030,  -0.013,  15.625,  14.485,  -0.030,  1.0000,  0.9989,  14.484,  14.484,   0.219, 0, 0,
unit_f, 2023-02-09T17:39:36, 1675964376,  15.625,  14.481,  -0.030,   0.075,  15.625,  14.481,  -0.030,  1.0000,  0.9989,  14.481,  14.481,   0.210, 0, 0,
unit_f, 2023-02-09T18:08:31, 1675966111,  15.687,  13.938,  -0.170,  -0.193,  15.687,  13.938,  -0.170,  0.9998,  0.9961,  13.942,  13.942,   0.725, 1024, 0,
unit_f, 2023-02-09T18:38:31, 1675967911,  15.750,  13.723,  -0.170,  -0.103,  15.750,  13.723,  -0.170,  0.9995,  0.9951,  13.727,  13.727,   0.877, 1024, 0,
unit_f, 2023-02-09T19:08:31, 1675969711,  15.812,  13.572,  -0.170,  -0.103,  15.812,  13.572,  -0.170,  0.9979,  0.9932,  13.576,  13.576,   0.709, 0, 0,
unit_f, 2023-02-09T19:38:31, 1675971511,  15.875,  13.482,  -0.205,  -0.193,  15.875,  13.482,  -0.205,  0.9963,  0.9919,  13.486,  13.486,   0.482, 1024, 0,
unit_f, 2023-02-09T20:08:31, 1675973311,  15.875,  13.421,  -0.170,  -0.193,  15.875,  13.421,  -0.170,  0.9953,  0.9909,  13.425,  13.425,   0.356, 0, 0,
unit_f, 2023-02-09T20:38:31, 1675975111,  15.937,  13.365,  -0.205,  -0.193,  15.937,  13.365,  -0.205,  0.9938,  0.9902,  13.369,  13.369,   0.242, 1024, 0,
unit_f, 2023-02-09T21:08:31, 1675976911,  15.937,  13.327,  -0.170,  -0.193,  15.937,  13.327,  -0.170,  0.9928,  0.9872,  13.331,  13.331,   0.205, 0, 0,
unit_f, 2023-02-09T21:38:32, 1675978712,  15.998,  13.305,  -0.205,  -0.103,  15.998,  13.305,  -0.205,  0.9912,  0.9567,  13.309,  13.309,   0.116, 0, 0,
unit_f, 2023-02-09T22:08:32, 1675980512,  15.998,  13.309,  -0.170,  -0.193,  15.998,  13.309,  -0.170,  0.9902,  0.9254,  13.313,  13.313,   0.063, 0, 0,
unit_f, 2023-02-09T22:38:32, 1675982312,  15.998,  13.287,  -0.205,  -0.193,  15.998,  13.287,  -0.205,  0.9892,  0.9029,  13.292,  13.292,   0.055, 1024, 0,
unit_f, 2023-02-09T23:08:32, 1675984112,  15.998,  13.283,  -0.170,  -0.193,  15.998,  13.283,  -0.170,  0.9883,  0.8862,  13.287,  13.287,   0.060, 0, 0,
unit_f, 2023-02-09T23:38:32, 1675985912,  15.998,  13.283,  -0.205,  -0.193,  15.998,  13.283,  -0.205,  0.9873,  0.8691,  13.287,  13.287,   0.063, 0, 0,
unit_f, 2023-02-10T00:08:32, 1675987712,  15.998,  13.283,  -0.170,  -0.193,  15.998,  13.283,  -0.170,  0.9864,  0.8569,  13.287,  13.287,   0.065, 1024, 0,
unit_f, 2023-02-10T00:38:32, 1675989512,  15.998,  13.279,  -0.205,  -0.193,  15.998,  13.279,  -0.205,  0.9854,  0.8482,  13.283,  13.283,   0.066, 1024, 0,
unit_f, 2023-02-10T01:08:32, 1675991312,  15.998,  13.275,  -0.170,  -0.193,  15.998,  13.275,  -0.170,  0.9844,  0.8413,  13.279,  13.279,   0.067, 1024, 0,
unit_f, 2023-02-10T01:38:32, 1675993112,  15.998,  13.266,  -0.205,  -0.193,  15.998,  13.266,  -0.205,  0.9834,  0.8376,  13.271,  13.271,   0.064, 0, 0,
unit_f, 2023-02-10T02:08:32, 1675994912,  16.062,  13.271,  -0.170,  -0.103,  16.062,  13.271,  -0.170,  0.9819,  0.8345,  13.274,  13.274,   0.065, 0, 0,
unit_f, 2023-02-10T02:38:33, 1675996713,  16.062,  13.283,  -0.170,  -0.193,  16.062,  13.283,  -0.170,  0.9809,  0.8334,  13.287,  13.287,   0.066, 0, 0,
unit_f, 2023-02-10T03:08:33, 1675998513,  16.062,  13.223,  -1.422,  -1.543,  16.062,  13.223,  -1.422,  0.9763,  0.8067,  13.255,  13.255,   0.089, 0, 0,
unit_f, 2023-02-10T03:38:33, 1676000313,  16.062,  13.232,  -1.178,  -1.183,  16.062,  13.232,  -1.178,  0.9702,  0.7752,  13.258,  13.258,   0.082, 0, 0,
unit_f, 2023-02-10T04:08:33, 1676002113,  16.057,  13.227,  -1.073,  -1.093,  16.057,  13.227,  -1.073,  0.9645,  0.7673,  13.251,  13.251,   0.073, 0, 0,
unit_f, 2023-02-10T04:38:33, 1676003913,  16.057,  13.219,  -1.525,  -1.543,  16.057,  13.219,  -1.525,  0.9571,  0.7620,  13.253,  13.253,   0.075, 0, 0,
unit_f, 2023-02-10T05:08:33, 1676005713,  15.995,  13.210,  -1.665,  -1.723,  15.995,  13.210,  -1.665,  0.9496,  0.7562,  13.246,  13.246,   0.071, 0, 0,
unit_f, 2023-02-10T05:38:33, 1676007513,  15.995,  13.240,  -0.865,  -0.913,  15.995,  13.240,  -0.865,  0.9433,  0.7594,  13.260,  13.260,   0.060, 0, 0,
unit_f, 2023-02-10T06:08:33, 1676009313,  15.995,  13.258,  -0.900,  -0.913,  15.995,  13.258,  -0.900,  0.9387,  0.7739,  13.278,  13.278,   0.055, 0, 0,
unit_f, 2023-02-10T06:38:33, 1676011113,  15.932,  13.245,  -0.900,  -0.913,  15.932,  13.245,  -0.900,  0.9343,  0.7799,  13.266,  13.266,   0.052, 0, 0,
unit_f, 2023-02-10T07:08:33, 1676012913,  15.932,  13.245,  -0.935,  -0.913,  15.932,  13.245,  -0.935,  0.9294,  0.7827,  13.266,  13.266,   0.049, 0, 0,
unit_f, 2023-02-10T07:38:34, 1676014714,  15.870,  13.245,  -0.900,  -0.913,  15.870,  13.245,  -0.900,  0.9251,  0.7834,  13.265,  13.265,   0.048, 0, 0,
unit_f, 2023-02-10T08:08:34, 1676016514,  15.870,  13.245,  -0.795,  -0.823,  15.870,  13.245,  -0.795,  0.9204,  0.7838,  13.262,  13.262,   0.044, 0, 0,
unit_f, 2023-02-10T08:38:34, 1676018314,  15.870,  13.253,  -0.552,  -0.553,  15.870,  13.253,  -0.552,  0.9158,  0.7836,  13.267,  13.267,   0.042, 0, 0,
unit_f, 2023-02-10T09:08:34, 1676020114,  15.807,  13.240,  -0.900,  -1.003,  15.807,  13.240,  -0.900,  0.9126,  0.7889,  13.261,  13.261,   0.041, 0, 0,
unit_f, 2023-02-10T09:38:34, 1676021914,  15.807,  13.279,  -0.205,  -0.193,  15.807,  13.279,  -0.205,  0.9087,  0.7873,  13.284,  13.284,   0.029, 0, 0,
unit_f, 2023-02-10T10:08:34, 1676023714,  15.745,  13.279,  -0.205,  -0.103,  15.745,  13.279,  -0.205,  0.9081,  0.8127,  13.283,  13.283,   0.019, 1024, 0,
unit_f, 2023-02-10T10:38:34, 1676025514,  15.745,  13.287,  -0.205,  -0.193,  15.745,  13.287,  -0.205,  0.9071,  0.8328,  13.293,  13.293,   0.018, 0, 0,
unit_f, 2023-02-10T11:08:34, 1676027314,  15.682,  13.283,  -0.205,  -0.103,  15.682,  13.283,  -0.205,  0.9066,  0.8454,  13.288,  13.288,   0.015, 0, 0,
unit_f, 2023-02-10T11:38:34, 1676029114,  15.620,  13.287,  -0.205,  -0.103,  15.620,  13.287,  -0.205,  0.9060,  0.8526,  13.293,  13.293,   0.015, 0, 0,
unit_f, 2023-02-10T12:08:34, 1676030914,  15.620,  13.279,  -0.205,  -0.193,  15.620,  13.279,  -0.205,  0.9049,  0.8579,  13.283,  13.283,   0.013, 1024, 0,
unit_f, 2023-02-10T12:38:35, 1676032715,  15.557,  13.297,  -0.205,  -0.103,  15.557,  13.297,  -0.205,  0.9044,  0.8612,  13.301,  13.301,   0.013, 0, 0,
unit_f, 2023-02-10T13:08:35, 1676034515,  15.557,  13.287,  -0.205,  -0.103,  15.557,  13.287,  -0.205,  0.9034,  0.8630,  13.293,  13.293,   0.011, 0, 0,
unit_f, 2023-02-10T13:38:35, 1676036315,  15.562,  13.287,  -0.205,  -0.103,  15.562,  13.287,  -0.205,  0.9022,  0.8640,  13.293,  13.293,   0.011, 0, 0,
unit_f, 2023-02-10T14:08:35, 1676038115,  15.562,  13.283,  -0.205,  -0.193,  15.562,  13.283,  -0.205,  0.9011,  0.8650,  13.288,  13.288,   0.010, 0, 0,
unit_f, 2023-02-10T14:38:35, 1676039915,  15.562,  13.287,  -0.205,  -0.193,  15.562,  13.287,  -0.205,  0.9001,  0.8659,  13.293,  13.293,   0.011, 0, 0,
unit_f, 2023-02-10T15:08:35, 1676041715,  15.625,  13.279,  -0.205,  -0.193,  15.625,  13.279,  -0.205,  0.8984,  0.8654,  13.283,  13.283,   0.008, 0, 0,
unit_f, 2023-02-10T15:38:35, 1676043515,  15.687,  13.275,  -0.205,  -0.193,  15.687,  13.275,  -0.205,  0.8968,  0.8654,  13.279,  13.279,   0.008, 0, 0,
unit_f, 2023-02-10T16:08:35, 1676045315,  15.750,  13.283,  -0.205,  -0.193,  15.750,  13.283,  -0.205,  0.8952,  0.8661,  13.288,  13.288,   0.007, 0, 0,
unit_f, 2023-02-10T16:38:35, 1676047115,  15.812,  13.275,  -0.205,  -0.193,  15.812,  13.275,  -0.205,  0.8939,  0.8656,  13.279,  13.279,   0.008, 0, 0,
unit_f, 2023-02-10T17:08:35, 1676048915,  15.875,  13.287,  -0.205,  -0.193,  15.875,  13.287,  -0.205,  0.8919,  0.8658,  13.293,  13.293,   0.007, 0, 0,
unit_f, 2023-02-10T17:38:35, 1676050715,  15.937,  13.279,  -0.205,  -0.193,  15.937,  13.279,  -0.205,  0.8903,  0.8659,  13.283,  13.283,   0.007, 0, 0,
unit_f, 2023-02-10T18:08:36, 1676052516,  15.998,  13.279,  -0.205,  -0.193,  15.998,  13.279,  -0.205,  0.8887,  0.8664,  13.283,  13.283,   0.006, 0, 0,
unit_f, 2023-02-10T18:38:36, 1676054316,  16.062,  13.287,  -0.205,  -0.103,  16.062,  13.287,  -0.205,  0.8871,  0.8659,  13.293,  13.293,   0.006, 0, 0,
fltb,  date,                time,    Tb_h, vb_h, ibah, ibnh, Tb, vb, ib, soc, soc_ekf, voc, voc_stat, e_w_f, fltw, falw,
unit_f, 2023-02-10T18:40:04, 1676054404,  16.062,  13.283,  -0.170,  -0.103,  16.062,  13.283,  -0.170,  0.8870,  0.8659,  13.292,  13.292,   0.006, 0, 0,
unit_f, 2023-02-10T18:40:14, 1676054414,  16.062,  13.292,  -0.170,  -0.103,  16.062,  13.292,  -0.170,  0.8870,  0.8659,  13.292,  13.292,   0.006, 0, 0,
unit_f, 2023-02-10T18:40:24, 1676054424,  16.062,  13.283,  -0.170,  -0.103,  16.062,  13.283,  -0.170,  0.8870,  0.8660,  13.287,  13.287,   0.006, 1024, 0,
unit_f, 2023-02-10T18:40:34, 1676054434,  16.062,  13.287,  -0.205,  -0.193,  16.062,  13.287,  -0.205,  0.8870,  0.8660,  13.283,  13.283,   0.007, 0, 0,
unit_f, 2023-02-10T18:40:44, 1676054444,  16.062,  13.283,  -0.170,  -0.193,  16.062,  13.283,  -0.170,  0.8870,  0.8659,  13.287,  13.287,   0.006, 0, 0,
unit_f, 2023-02-10T18:40:54, 1676054454,  16.062,  13.287,  -0.170,  -0.193,  16.062,  13.287,  -0.170,  0.8870,  0.8659,  13.287,  13.287,   0.007, 0, 0,
unit_f, 2023-02-10T18:41:04, 1676054464,  16.062,  13.287,  -0.170,  -0.103,  16.062,  13.287,  -0.170,  0.8870,  0.8659,  13.292,  13.292,   0.007, 1024, 0,
fltb,  date,                time,    Tb_h, vb_h, ibah, ibnh, Tb, vb, ib, soc, soc_ekf, voc, voc_stat, e_w_f, fltw, falw,

Sen::
Fault:
 cc_diff   -0.021  thr=  0.200 Fc^
 ib_diff   -0.026  thr= 10.000 Fd^
 e_wrap     0.007  thr= -0.708 Fo^  0.708 Fi^
 ib_quiet   0.019  thr=  0.005 Fq v

 soc    0.887  voc  13.283  voc_soc  13.296
 dis_tb_fa 0  dis_vb_fa 0  dis_ib_fa 0
 bms_off   0

 Tbh= 16.062  Tbm= 16.062
 Vbh  13.280  Vbm  13.292
 imh  -0.341  imm  -0.341
 inh  -0.390  inm  -0.341

 mod_tb  0  mod_vb  0  mod_ib  0
 tb_s_st 1  vb_s_st 1  ib_s_st 1
 fake_faults 1 latched_fail 1 latched_fail_fake 0 preserving 0

 bare n  0  x 
 bare m  0  x 
 ib_dsc  0  0 'Fq v'
 ibd_lo  0  0 'Fd ^  *SA/*SB'
 ibd_hi  0  0 'Fd ^  *SA/*SB'
 red wv  0  0   'Fd  Fi/Fo ^'
 wl      0  0 'Fo ^'
 wh      0  0 'Fi ^'
 cc_dif  x  0 'Fc ^'
 ib n    0  0 'Fi 1'
 ib m    0  0 'Fi 1'
 vb      0  0 'Fv 1, *SV, *Dc/*Dv'
 tb      0  0 'Ft 1'
  0000000000000   00000000000
  CBA98765x3210 xxA9876543210
  fltw=0     falw=0
fake_faults=>redl
v0; to return
 16 13.29   -0.3   Tb,C  VOC,V  Ib,A 
154 ---  158   EKF,Ah  chg,hrs  CC, Ah
Pf; for fails.  prints=0

 16 13.30   -0.3   Tb,C  VOC,V  Ib,A 
154 ---  158   EKF,Ah  chg,hrs  CC, Ah
Pf; for fails.  prints=0

Disconnected
