=~=~=~=~=~=~=~=~=~=~=~= PuTTY log 2023.07.15 14:59:59 =~=~=~=~=~=~=~=~=~=~=~=
Hd;echo: Hd, 4
echo: Hd, 0
unit_h, 2023-07-13T17:34:29, 1689269669,  28.500,  13.748,  -1.553,  -1.750,  28.500,  13.748,  -1.553,  0.9649,  0.0074,  0.9941,  13.767,  13.768,  -0.382, 0, 0,
unit_h, 2023-07-13T17:59:49, 1689271189,  28.432,  13.292,  -1.005,  -1.148,  28.432,  13.292,  -1.005,  0.9564,  0.0078,  0.9854,  13.305,  13.312,   0.037, 0, 0,
unit_h, 2023-07-13T18:27:56, 1689272876,  28.243,  13.266,  -1.170,  -0.928,  28.243,  13.266,  -1.170,  0.9534,  0.0088,  0.9349,  13.281,  13.286,   0.064, 0, 0,
unit_h, 2023-07-13T18:56:04, 1689274564,  28.118,  13.287,  -1.280,  -0.873,  28.118,  13.287,  -1.280,  0.9499,  0.0094,  0.8299,  13.303,  13.309,   0.054, 1024, 0,
unit_h, 2023-07-13T19:24:11, 1689276251,  28.057,  13.327,  -0.075,  -0.217,  28.057,  13.327,  -0.075,  0.9477,  0.0097,  0.7742,  13.327,  13.327,   0.035, 0, 0,
unit_h, 2023-07-13T19:52:19, 1689277939,  27.932,  13.377,   0.143,   0.603,  27.932,  13.377,   0.143,  0.9506,  0.0103,  0.8002,  13.376,  13.373,   0.019, 0, 0,
unit_h, 2023-07-13T20:20:26, 1689279626,  27.743,  13.322,  -0.183,  -0.052,  27.743,  13.322,  -0.183,  0.9539,  0.0112,  0.8281,  13.324,  13.325,   0.019, 0, 0,
unit_h, 2023-07-13T20:48:34, 1689281314,  27.432,  13.403,   1.128,   0.713,  27.432,  13.403,   1.128,  0.9571,  0.0128,  0.8280,  13.390,  13.386,   0.015, 0, 0,
unit_h, 2023-07-13T21:16:41, 1689283001,  27.118,  13.357,  -0.293,  -0.217,  27.118,  13.357,  -0.293,  0.9610,  0.0144,  0.8540,  13.360,  13.360,   0.022, 0, 0,
unit_h, 2023-07-13T21:44:48, 1689284688,  26.932,  13.255,  -2.320,  -2.407,  26.932,  13.255,  -2.320,  0.9579,  0.0153,  0.8502,  13.283,  13.294,   0.057, 0, 0,
unit_h, 2023-07-13T22:12:56, 1689286376,  26.682,  13.337,  -1.937,  -2.023,  26.682,  13.337,  -1.937,  0.9507,  0.0166,  0.7774,  13.360,  13.370,   0.052, 0, 0,
unit_h, 2023-07-13T22:41:03, 1689288063,  26.432,  13.311,  -1.937,  -2.078,  26.432,  13.311,  -1.937,  0.9440,  0.0178,  0.7709,  13.334,  13.345,   0.048, 1024, 0,
unit_h, 2023-07-13T23:09:11, 1689289751,  26.118,  13.311,  -1.772,  -2.188,  26.118,  13.311,  -1.772,  0.9379,  0.0194,  0.7741,  13.332,  13.343,   0.043, 0, 0,
unit_h, 2023-07-13T23:37:18, 1689291438,  25.743,  13.276,  -2.102,  -2.188,  25.743,  13.276,  -2.102,  0.9324,  0.0213,  0.7787,  13.302,  13.312,   0.043, 0, 0,
unit_h, 2023-07-14T00:05:26, 1689293126,  25.368,  13.341,  -0.732,  -0.983,  25.368,  13.341,  -0.732,  0.9316,  0.0231,  0.7904,  13.349,  13.351,   0.036, 1024, 0,
unit_h, 2023-07-14T00:33:33, 1689294813,  24.932,  13.328,  -1.718,  -1.805,  24.932,  13.328,  -1.718,  0.9319,  0.0253,  0.8043,  13.348,  13.357,   0.041, 0, 0,
unit_h, 2023-07-14T01:01:41, 1689296501,  24.557,  13.307,  -1.388,  -1.695,  24.557,  13.307,  -1.388,  0.9275,  0.0272,  0.7871,  13.323,  13.333,   0.046, 0, 0,
unit_h, 2023-07-14T01:29:48, 1689298188,  24.118,  13.276,  -2.047,  -2.407,  24.118,  13.276,  -2.047,  0.9232,  0.0294,  0.7809,  13.302,  13.312,   0.051, 0, 0,
unit_h, 2023-07-14T01:57:56, 1689299876,  23.557,  13.293,  -1.553,  -1.585,  23.557,  13.293,  -1.553,  0.9194,  0.0322,  0.7771,  13.313,  13.323,   0.055, 0, 0,
unit_h, 2023-07-14T02:26:03, 1689301563,  23.118,  13.297,  -1.992,  -1.750,  23.118,  13.297,  -1.992,  0.9147,  0.0344,  0.7756,  13.322,  13.330,   0.052, 0, 0,
unit_h, 2023-07-14T02:54:11, 1689303251,  22.743,  13.323,  -1.498,  -1.695,  22.743,  13.323,  -1.498,  0.9120,  0.0362,  0.7801,  13.342,  13.348,   0.049, 0, 0,
unit_h, 2023-07-14T03:22:18, 1689304938,  22.432,  13.281,  -1.498,  -1.750,  22.432,  13.281,  -1.498,  0.9082,  0.0378,  0.7786,  13.299,  13.307,   0.050, 0, 0,
unit_h, 2023-07-14T03:50:26, 1689306626,  22.182,  13.302,  -1.280,  -1.640,  22.182,  13.302,  -1.280,  0.9039,  0.0391,  0.7779,  13.318,  13.325,   0.052, 0, 0,
unit_h, 2023-07-14T04:18:33, 1689308313,  21.932,  13.302,  -0.950,  -0.928,  21.932,  13.302,  -0.950,  0.8999,  0.0403,  0.7771,  13.314,  13.320,   0.052, 0, 0,
unit_h, 2023-07-14T04:46:41, 1689310001,  21.618,  13.302,  -1.608,  -1.367,  21.618,  13.302,  -1.608,  0.8962,  0.0419,  0.7738,  13.322,  13.328,   0.052, 0, 0,
unit_h, 2023-07-14T05:14:48, 1689311688,  21.307,  13.246,  -0.787,  -1.367,  21.307,  13.246,  -0.787,  0.8926,  0.0433,  0.7761,  13.257,  13.263,   0.054, 0, 0,
unit_h, 2023-07-14T05:42:56, 1689313376,  21.057,  13.315,  -0.128,  -0.217,  21.057,  13.315,  -0.128,  0.8895,  0.0447,  0.7756,  13.317,  13.318,   0.045, 0, 0,
unit_h, 2023-07-14T06:11:03, 1689315063,  20.807,  13.276,  -1.333,  -1.585,  20.807,  13.276,  -1.333,  0.8856,  0.0459,  0.7747,  13.293,  13.299,   0.051, 0, 0,
unit_h, 2023-07-14T06:39:11, 1689316751,  20.493,  13.263,  -1.553,  -1.312,  20.493,  13.263,  -1.553,  0.8826,  0.0475,  0.7734,  13.283,  13.290,   0.053, 0, 0,
unit_h, 2023-07-14T07:07:18, 1689318438,  20.118,  13.311,  -0.513,  -0.217,  20.118,  13.311,  -0.513,  0.8808,  0.0494,  0.7721,  13.317,  13.318,   0.041, 0, 0,
unit_h, 2023-07-14T07:35:26, 1689320126,  19.743,  13.311,  -0.622,   0.002,  19.743,  13.311,  -0.622,  0.8830,  0.0506,  0.7936,  13.318,  13.318,   0.030, 1024, 0,
unit_h, 2023-07-14T08:03:33, 1689321813,  19.432,  13.315,  -0.020,   0.002,  19.432,  13.315,  -0.020,  0.8890,  0.0512,  0.8323,  13.315,  13.316,   0.018, 0, 0,
unit_h, 2023-07-14T08:31:41, 1689323501,  19.118,  13.319,  -0.075,  -0.272,  19.118,  13.319,  -0.075,  0.8908,  0.0519,  0.8311,  13.320,  13.321,   0.025, 0, 0,
unit_h, 2023-07-14T08:59:49, 1689325189,  18.868,  13.328,  -0.348,   0.220,  18.868,  13.328,  -0.348,  0.8924,  0.0525,  0.8296,  13.332,  13.332,   0.025, 1024, 0,
unit_h, 2023-07-14T09:27:56, 1689326876,  18.743,  13.323,  -0.842,  -0.327,  18.743,  13.323,  -0.842,  0.8976,  0.0528,  0.8746,  13.333,  13.336,   0.005, 0, 0,
unit_h, 2023-07-14T09:56:04, 1689328564,  18.743,  13.418,   2.060,   2.137,  18.743,  13.418,   2.060,  0.8994,  0.0528,  0.8789,  13.393,  13.383,  -0.027, 0, 0,
unit_h, 2023-07-14T10:24:11, 1689330251,  18.687,  13.452,   3.100,   2.357,  18.687,  13.452,   3.100,  0.9098,  0.0529,  0.9859,  13.415,  13.403,  -0.065, 0, 0,
unit_h, 2023-07-14T10:52:19, 1689331939,  18.937,  13.499,   4.087,   3.342,  18.937,  13.499,   4.087,  0.9218,  0.0524,  0.9908,  13.449,  13.432,  -0.078, 0, 0,
unit_h, 2023-07-14T11:20:26, 1689333626,  19.250,  13.503,   3.265,   2.958,  19.250,  13.503,   3.265,  0.9367,  0.0517,  0.9907,  13.463,  13.446,  -0.076, 0, 0,
unit_h, 2023-07-14T11:48:34, 1689335314,  19.562,  13.533,   4.963,   5.258,  19.562,  13.533,   4.963,  0.9546,  0.0511,  0.9908,  13.473,  13.446,  -0.077, 0, 0,
unit_h, 2023-07-14T12:16:41, 1689337001,  19.937,  13.473,   3.758,   4.163,  19.937,  13.473,   3.758,  0.9720,  0.0501,  0.9906,  13.428,  13.408,  -0.060, 0, 0,
unit_h, 2023-07-14T12:44:49, 1689338689,  20.500,  13.537,   5.018,   4.875,  20.500,  13.537,   5.018,  0.9875,  0.0474,  0.9908,  13.477,  13.452,  -0.073, 0, 0,
unit_h, 2023-07-14T13:12:56, 1689340376,  21.187,  13.589,   6.660,   6.355,  21.187,  13.589,   6.660,  1.0000,  0.0443,  0.9949,  13.508,  13.807,   0.793, 0, 0,
unit_h, 2023-07-14T13:41:04, 1689342064,  21.812,  13.641,   6.990,   7.067,  21.812,  13.641,   6.990,  1.0000,  0.0409,  0.9952,  13.555,  13.855,   0.745, 0, 0,
unit_h, 2023-07-14T14:09:11, 1689343751,  22.500,  14.489,   0.855,   0.493,  22.500,  14.489,   0.855,  1.0000,  0.0374,  1.0000,  14.479,  14.779,  -0.150, 1024, 0,
unit_h, 2023-07-14T14:37:19, 1689345439,  23.500,  14.489,   0.253,   0.220,  23.500,  14.489,   0.253,  1.0000,  0.0328,  1.0000,  14.487,  14.787,  -0.164, 0, 0,
unit_h, 2023-07-14T15:05:26, 1689347126,  24.625,  14.477,   0.253,   0.220,  24.625,  14.477,   0.253,  1.0000,  0.0268,  1.0000,  14.473,  14.773,  -0.169, 0, 0,
unit_h, 2023-07-14T15:33:34, 1689348814,  25.625,  14.468,   0.253,   0.385,  25.625,  14.468,   0.253,  1.0000,  0.0219,  1.0000,  14.465,  14.765,  -0.167, 0, 0,
unit_h, 2023-07-14T16:01:41, 1689350501,  26.375,  14.468,   0.417,   0.493,  26.375,  14.468,   0.417,  1.0000,  0.0181,  1.0000,  14.463,  14.763,  -0.158, 0, 0,
unit_h, 2023-07-14T16:29:49, 1689352189,  27.000,  14.451,   0.582,   0.330,  27.000,  14.451,   0.582,  1.0000,  0.0149,  1.0000,  14.444,  14.744,  -0.152, 0, 0,
unit_h, 2023-07-14T16:57:56, 1689353876,  27.562,  14.451,   0.253,   0.603,  27.562,  14.451,   0.253,  1.0000,  0.0121,  1.0000,  14.447,  14.748,  -0.141, 0, 0,
fltb,  date,                time,    Tb_h, vb_h, ibah, ibnh, Tb, vb, ib, soc, soc_min, soc_ekf, voc, voc_stat, e_w_f, fltw, falw,
echo: Pr, 0
saved parameters (sp):
             defaults    current EERAM values
 inj amp  0.000    0.000 *Xa<> A pk
 cut_gn_slr  1.000    1.000 *Sk<>
 debug  0  0 *v<>
 delta_q       0.0        0.0 *DQ<>
 dq_sim        0.0        0.0 *Ca<>, *Cm<>, C
 inj frq  0.000    0.000 *Xf<> r/s
 hys_scale       1.000      1.000 *Sh<>
 Ib_bias_all  0.000    0.000 *Di<> A
 bias_amp -0.130   -0.130 *DA<>
 bias_noa  0.440    0.440 *DB<>
 ib_scale_amp  1.000    1.000 *SA<>
 ib_scale_noa  1.000    1.000 *SB<>
 ib_select 1  1 *s<> -1=noa, 0=auto, 1=amp
 iflt                           0 flt ptr
 inj_bias  0.000    0.000 *Xb<> A
 isum                           92 tbl ptr
 modeling 0  0 *Xm<>
 mon chem            0          0 *Bm<> 0=Battleborn, 1=CHINS, 2=Spare
 preserving 0  0 *Xm<>
 nP              1.000      1.000 *BP<> eg '2P1S'
 nS              1.000      1.000 *BS<> eg '2P1S'
 shunt_gn_slr  1.000    1.000 *SG
 sim chem            0          0 *Bs<>
 s_cap_mon  1.000    1.000 *SQ<>
 s_cap_sim  1.000    1.000 *Sq<>
 Tb_bias_hdwe  0.000    0.000 *Dt<> dg C
 time_now 1689426023 Sat Jul 15 13:00:23 2023 *U<> Unix time
 type inj 0  0 *Xt<> 1=sin, 2=sq, 3=tri, 4=1C, 5=-1C, 8=cos
 t_last 25.00  23.85 dg C
 t_last_sim 25.00  23.88 dg C
 Vb_bias_hdwe   0.000    0.060 *Dv<>,*Dc<> V
 sclr vb         1.012      1.013 *SV<>
SavedPars::SavedPars - MEMORY MAP 0x700 < 0x7FF
command parameters(cp):
 dc_dc_on 0
 eframe_mult 20
 fake_faults 1
 inf_reset 0
 model_cutback 1
 model_saturated 0
 print_mult 4
 publishS 1
 soft_reset 0
 s_t_sat  1.000
 tb_bias_mod  0.000
 write_summary 0
echo: Q, 0
ib_amp_fail 0
ib_noa_fail 0
vb_fail 0
Tb 23.854
vb 13.624
voc 13.558
voc_filt 13.556
vsat 13.795
ib  5.347
soc_m  1.0000
soc_ekf  0.9953
soc  1.0000
soc_min  0.0307
soc_inf  1.0317
modeling = 0
dq_inf/dq_abs   12212.5/  216291.0 =   0.0565 coul_eff*= 1.234313, DAB+=-2.948425
DQn -224321.2 Tn  128106.3 DQp  181737.6 Tp   38671.9
