echo:  Xm7, 4
echo:  Ca0.5, 4
echo:  Dr10000, 4
echo:  Dp10000, 4
echo:  v26, 4
echo:  W2, 4
echo:  Dm6, 4
echo:  Dn0.0001, 4
echo:  Sf.05, 4
echo:  Xm7, 0
modeling 7 to 7
Modeling 7
tweak_test 0
mod_ib 1
mod_vb 1
mod_tb 1
echo:  Ca0.5, 0
soc=  0.500, modeling = 7, delta_q=-180000.000, soc_model=  0.5000,   delta_q_model=-180000.000, soc_ekf=  0.5000, delta_q_ekf=-180000.537,
soft reset...
echo:  W3, 0
echo:  W, 0
.....Wait...
echo:  W, 0
.....Wait...
echo:  W, 0
.....Wait...
echo:  Dr10000, 0
ReadSensors 100 to 10000
echo:  Dp10000, 0
PublishSerial 400 to 10000
echo:  v26, 0
unit_sel, 54268289.658, 0, 0,  0, 0,  -0.0000000,  0.00000,0.00000,0.00000,0.00000,0.00000,  0.00000,0.00000,   0.00000, 0.00000,  1, 0.00000,0.00000, 1, 0.00000,  1, 13.50371,13.07000, 1, 13.07000,   0.00,25.00, 1, 25.00, 0, 0,   0.000,   0.000,
unit_sim,  54268289.658, 25.00000,25.00000, 13.80000,13.07000,0.00000,13.07000,   0.000,  0.000,  0,    0.000000,-180000.0, 180000.0, 360000.0,   0.50000, 0, 
unit,               hm,                  cTime,       dt,       sat,sel,mod,  Tb,  Vb,  Ib,        Vsat,dV_dyn,Voc_stat,Voc_ekf,     y_ekf,    soc_m,soc_ekf,soc,,
unit_m,  c_time,       Tb_m,Tbl_m,  vsat_m, voc_stat_m, dv_dyn_m, vb_m, ib_m, ib_in_m, sat_m, ddq_m, dq_m, q_m, qcap_m, soc_m, reset_m,
unit_s,c_time,res,user_sel,   m_bare,n_bare,  cc_dif,  ibmh,ibnh,ibmm,ibnm,ibm,   ib_dif,ib_dif_f,    e_w,e_w_f,  ib_sel,Ib_h,Ib_m,mib,Ib_s, vb_sel,Vb_h,Vb_m,mvb,Vb_s,  Tb_h,Tb_s,mtb,Tb_f,   fltw, falw, ib_rate, ib_quiet,
pro_20220811, 2022-08-19T08:31:21,  54268289.658,10.000,   0,  0,  7,  25.00,13.07000,0.00000,    13.80000,0.00000,13.07000,13.07000,   0.000000, 0.50000,0.50000,0.50000,
echo:  W2, 0
unit_sel, 54268299.658, 0, 0,  0, 0,  -0.0000000,  0.00000,0.00000,0.00000,0.00000,0.00000,  0.00000,0.00000,   0.00000, 0.00000,  1, 0.00000,0.00000, 1, 0.00000,  1, 13.49940,13.07000, 1, 13.07000,   0.00,25.00, 1, 25.00, 0, 0,   0.000,   0.000,
unit_sim,  54268299.658, 25.00000,25.00000, 13.80000,13.07000,0.00000,13.07000,   0.000,  0.000,  0,    0.000000,-180000.0, 180000.0, 360000.0,   0.50000, 0, 
pro_20220811, 2022-08-19T08:31:31,  54268299.658,10.000,   0,  0,  7,  25.00,13.07000,0.00000,    13.80000,0.00000,13.07000,13.07000,   0.000000, 0.50000,0.50000,0.50000,
echo:  W, 0
.....Wait...
unit_sel, 54268309.659, 0, 0,  0, 0,  -0.0000000,  0.00000,0.00000,0.00000,0.00000,0.00000,  0.00000,0.00000,   0.00000, 0.00000,  1, 0.00000,0.00000, 1, 0.00000,  1, 13.48218,13.07000, 1, 13.07000,   0.00,25.00, 1, 25.00, 0, 0,   0.000,   0.000,
unit_sim,  54268309.659, 25.00000,25.00000, 13.80000,13.07000,0.00000,13.07000,   0.000,  0.000,  0,    0.000000,-180000.0, 180000.0, 360000.0,   0.50000, 0, 
pro_20220811, 2022-08-19T08:31:41,  54268309.659,10.000,   0,  0,  7,  25.00,13.07000,0.00000,    13.80000,0.00000,13.07000,13.07000,   0.000000, 0.50000,0.50000,0.50000,
echo:  W, 0
.....Wait...
unit_sel, 54268319.658, 0, 0,  0, 0,  -0.0000000,  0.00000,0.00000,0.00000,0.00000,0.00000,  0.00000,0.00000,   0.00000, 0.00000,  1, 0.00000,0.00000, 1, 0.00000,  1, 13.50371,13.07000, 1, 13.07000,   0.00,25.00, 1, 25.00, 0, 0,   0.000,   0.000,
unit_sim,  54268319.658, 25.00000,25.00000, 13.80000,13.07000,0.00000,13.07000,   0.000,  0.000,  0,    0.000000,-180000.0, 180000.0, 360000.0,   0.50000, 0, 
pro_20220811, 2022-08-19T08:31:51,  54268319.658,10.000,   0,  0,  7,  25.00,13.07000,0.00000,    13.80000,0.00000,13.07000,13.07000,   0.000000, 0.50000,0.50000,0.50000,
echo:  Dm6, 0
ShuntAmp.add    0.000 to   6.000
unit_sel, 54268329.658, 0, 0,  0, 0,  -0.0000000,  6.00000,0.00000,6.00000,0.00000,0.00000,  6.00000,6.00000,   0.00000, 0.00000,  1, 6.00000,6.00000, 1, 6.00000,  1, 13.50371,13.07000, 1, 13.07000,   0.00,25.00, 1, 25.00, 256, 0,   4.960,   0.335,
unit_sim,  54268329.658, 25.00000,25.00000, 13.80000,13.07000,0.00000,13.07000,   0.000,  0.000,  0,    0.000000,-180000.0, 180000.0, 360000.0,   0.50000, 0, 
pro_20220811, 2022-08-19T08:32:01,  54268329.658,10.000,   0,  0,  7,  25.00,13.07000,6.00000,    13.80000,0.07380,12.99619,13.07000,  -0.073807, 0.50000,0.50000,0.50017,
echo:  Dn0.0001, 0
ShuntNoAmp.add   0.000 to   0.000
unit_sel, 54268339.658, 0, 0,  0, 0,  -0.0001614,  6.00000,0.00010,6.00000,0.00010,0.00000,  5.99990,5.99990,   0.07380, 0.03827,  1, 6.00000,6.00000, 1, 6.00000,  1, 13.50371,13.07000, 1, 13.07000,   0.00,25.00, 1, 25.00, 256, 256,   5.000,   0.937,
unit_sim,  54268339.658, 25.00000,25.00000, 13.80000,13.07000,0.00000,13.07000,   0.000,  0.000,  0,    0.000000,-180000.0, 180000.0, 360000.0,   0.50000, 0, 
pro_20220811, 2022-08-19T08:32:11,  54268339.658,10.000,   0,  0,  7,  25.00,13.07000,6.00000,    13.80000,0.07380,12.99619,13.07001,  -0.073815, 0.50000,0.50001,0.50033,
echo:  Sf.05, 0
cc_diff scl   1.000 to   0.050
unit_sel, 54268349.658, 0, 0,  0, 0,  -0.0003228,  6.00000,0.00010,6.00000,0.00010,0.00000,  5.99990,5.99990,   0.07380, 0.05669,  1, 6.00000,6.00000, 1, 6.00000,  1, 13.49510,13.07000, 1, 13.07000,   0.00,25.00, 1, 25.00, 256, 256,   4.530,   1.482,
unit_sim,  54268349.658, 25.00000,25.00000, 13.80000,13.07000,0.00000,13.07000,   0.000,  0.000,  0,    0.000000,-180000.0, 180000.0, 360000.0,   0.50000, 0, 
pro_20220811, 2022-08-19T08:32:21,  54268349.658,10.000,   0,  0,  7,  25.00,13.07000,6.00000,    13.80000,0.07380,12.99618,13.07001,  -0.073822, 0.50000,0.50001,0.50050,
unit_sel, 54268359.658, 0, 0,  0, 0,  -0.0004842,  6.00000,0.00010,6.00000,0.00010,0.00000,  5.99990,5.99990,   0.07388, 0.06561,  1, 6.00000,6.00000, 1, 6.00000,  1, 13.49940,13.07000, 1, 13.07000,   0.00,25.00, 1, 25.00, 256, 256,   2.486,   1.873,
unit_sim,  54268359.658, 25.00000,25.00000, 13.80000,13.07000,0.00000,13.07000,   0.000,  0.000,  0,    0.000000,-180000.0, 180000.0, 360000.0,   0.50000, 0, 
pro_20220811, 2022-08-19T08:32:31,  54268359.658,10.000,   0,  0,  7,  25.00,13.07000,6.00000,    13.80000,0.07380,12.99618,13.07001,  -0.073829, 0.50000,0.50002,0.50066,
unit_sel, 54268369.658, 0, 0,  0, 0,  -0.0006456,  6.00000,0.00010,6.00000,0.00010,0.00000,  5.99990,5.99990,   0.07397, 0.06994,  1, 6.00000,6.00000, 1, 6.00000,  1, 13.48218,13.07000, 1, 13.07000,   0.00,25.00, 1, 25.00, 256, 256,   1.364,   2.024,
unit_sim,  54268369.658, 25.00000,25.00000, 13.80000,13.07000,0.00000,13.07000,   0.000,  0.000,  0,    0.000000,-180000.0, 180000.0, 360000.0,   0.50000, 0, 
pro_20220811, 2022-08-19T08:32:41,  54268369.658,10.000,   0,  0,  7,  25.00,13.07000,6.00000,    13.80000,0.07380,12.99617,13.07001,  -0.073836, 0.50000,0.50002,0.50083,
unit_sel, 54268379.658, 0, 0,  0, 0,  -0.0008070,  6.00000,0.00010,6.00000,0.00010,0.00000,  5.99990,5.99990,   0.07405, 0.07207,  1, 6.00000,6.00000, 1, 6.00000,  1, 13.49940,13.07000, 1, 13.07000,   0.00,25.00, 1, 25.00, 256, 256,   0.749,   2.027,
unit_sim,  54268379.658, 25.00000,25.00000, 13.80000,13.07000,0.00000,13.07000,   0.000,  0.000,  0,    0.000000,-180000.0, 180000.0, 360000.0,   0.50000, 0, 
pro_20220811, 2022-08-19T08:32:51,  54268379.658,10.000,   0,  0,  7,  25.00,13.07000,6.00000,    13.80000,0.07380,12.99617,13.07001,  -0.073845, 0.50000,0.50003,0.50100,
unit_sel, 54268389.658, 0, 0,  0, 0,  -0.0009684,  6.00000,0.00010,6.00000,0.00010,0.00000,  5.99990,5.99990,   0.07413, 0.07314,  1, 6.00000,6.00000, 1, 6.00000,  1, 13.49940,13.07000, 1, 13.07000,   0.00,25.00, 1, 25.00, 256, 256,   0.411,   1.913,
unit_sim,  54268389.658, 25.00000,25.00000, 13.80000,13.07000,0.00000,13.07000,   0.000,  0.000,  0,    0.000000,-180000.0, 180000.0, 360000.0,   0.50000, 0, 
pro_20220811, 2022-08-19T08:33:01,  54268389.658,10.000,   0,  0,  7,  25.00,13.07000,6.00000,    13.80000,0.07380,12.99616,13.07002,  -0.073852, 0.50000,0.50003,0.50116,
unit_sel, 54268399.658, 0, 0,  0, 0,  -0.0011298,  6.00000,0.00010,6.00000,0.00010,0.00000,  5.99990,5.99990,   0.07422, 0.07370,  1, 6.00000,6.00000, 1, 6.00000,  1, 13.49940,13.07000, 1, 13.07000,   0.00,25.00, 1, 25.00, 256, 256,   0.226,   1.735,
unit_sim,  54268399.658, 25.00000,25.00000, 13.80000,13.07000,0.00000,13.07000,   0.000,  0.000,  0,    0.000000,-180000.0, 180000.0, 360000.0,   0.50000, 0, 
pro_20220811, 2022-08-19T08:33:11,  54268399.658,10.000,   0,  0,  7,  25.00,13.07000,6.00000,    13.80000,0.07380,12.99616,13.07002,  -0.073859, 0.50000,0.50004,0.50133,
unit_sel, 54268409.659, 0, 0,  0, 0,  -0.0012912,  6.00000,0.00010,6.00000,0.00010,0.00000,  5.99990,5.99990,   0.07430, 0.07401,  1, 6.00000,6.00000, 1, 6.00000,  1, 13.48218,13.07000, 1, 13.07000,   0.00,25.00, 1, 25.00, 256, 256,   0.124,   1.522,
unit_sim,  54268409.659, 25.00000,25.00000, 13.80000,13.07000,0.00000,13.07000,   0.000,  0.000,  0,    0.000000,-180000.0, 180000.0, 360000.0,   0.50000, 0, 
pro_20220811, 2022-08-19T08:33:21,  54268409.659,10.000,   0,  0,  7,  25.00,13.07000,6.00000,    13.80000,0.07380,12.99615,13.07002,  -0.073868, 0.50000,0.50004,0.50150,
unit_sel, 54268419.658, 0, 0,  0, 0,  -0.0014526,  6.00000,0.00010,6.00000,0.00010,0.00000,  5.99990,5.99990,   0.07438, 0.07420,  1, 6.00000,6.00000, 1, 6.00000,  1, 13.50371,13.07000, 1, 13.07000,   0.00,25.00, 1, 25.00, 256, 256,   0.068,   1.300,
unit_sim,  54268419.658, 25.00000,25.00000, 13.80000,13.07000,0.00000,13.07000,   0.000,  0.000,  0,    0.000000,-180000.0, 180000.0, 360000.0,   0.50000, 0, 
pro_20220811, 2022-08-19T08:33:31,  54268419.658,10.000,   0,  0,  7,  25.00,13.07000,6.00000,    13.80000,0.07380,12.99615,13.07002,  -0.073875, 0.50000,0.50005,0.50166,
unit_sel, 54268429.658, 0, 0,  0, 0,  -0.0016140,  6.00000,0.00010,6.00000,0.00010,0.00000,  5.99990,5.99990,   0.07447, 0.07434,  1, 6.00000,6.00000, 1, 6.00000,  1, 13.50371,13.07000, 1, 13.07000,   0.00,25.00, 1, 25.00, 256, 256,   0.037,   1.086,
unit_sim,  54268429.658, 25.00000,25.00000, 13.80000,13.07000,0.00000,13.07000,   0.000,  0.000,  0,    0.000000,-180000.0, 180000.0, 360000.0,   0.50000, 0, 
pro_20220811, 2022-08-19T08:33:41,  54268429.658,10.000,   0,  0,  7,  25.00,13.07000,6.00000,    13.80000,0.07380,12.99614,13.07003,  -0.073881, 0.50000,0.50005,0.50183,
unit_sel, 54268439.658, 0, 0,  0, 0,  -0.0017754,  6.00000,0.00010,6.00000,0.00010,0.00000,  5.99990,5.99990,   0.07455, 0.07445,  1, 6.00000,6.00000, 1, 6.00000,  1, 13.49940,13.07000, 1, 13.07000,   0.00,25.00, 1, 25.00, 256, 256,   0.020,   0.890,
unit_sim,  54268439.658, 25.00000,25.00000, 13.80000,13.07000,0.00000,13.07000,   0.000,  0.000,  0,    0.000000,-180000.0, 180000.0, 360000.0,   0.50000, 0, 
pro_20220811, 2022-08-19T08:33:51,  54268439.658,10.000,   0,  0,  7,  25.00,13.07000,6.00000,    13.80000,0.07380,12.99614,13.07003,  -0.073890, 0.50000,0.50006,0.50200,
unit_sel, 54268449.659, 0, 0,  0, 0,  -0.0019368,  6.00000,0.00010,6.00000,0.00010,0.00000,  5.99990,5.99990,   0.07463, 0.07454,  1, 6.00000,6.00000, 1, 6.00000,  1, 13.47787,13.07000, 1, 13.07000,   0.00,25.00, 1, 25.00, 256, 256,   0.011,   0.716,
unit_sim,  54268449.659, 25.00000,25.00000, 13.80000,13.07000,0.00000,13.07000,   0.000,  0.000,  0,    0.000000,-180000.0, 180000.0, 360000.0,   0.50000, 0, 
pro_20220811, 2022-08-19T08:34:01,  54268449.659,10.000,   0,  0,  7,  25.00,13.07000,6.00000,    13.80000,0.07380,12.99613,13.07003,  -0.073897, 0.50000,0.50006,0.50216,
unit_sel, 54268459.658, 0, 0,  0, 0,  -0.0020982,  6.00000,0.00010,6.00000,0.00010,0.00000,  5.99990,5.99990,   0.07472, 0.07463,  1, 6.00000,6.00000, 1, 6.00000,  1, 13.50801,13.07000, 1, 13.07000,   0.00,25.00, 1, 25.00, 256, 256,   0.006,   0.566,
unit_sim,  54268459.658, 25.00000,25.00000, 13.80000,13.07000,0.00000,13.07000,   0.000,  0.000,  0,    0.000000,-180000.0, 180000.0, 360000.0,   0.50000, 0, 
pro_20220811, 2022-08-19T08:34:11,  54268459.658,10.000,   0,  0,  7,  25.00,13.07000,6.00000,    13.80000,0.07380,12.99613,13.07003,  -0.073904, 0.50000,0.50007,0.50233,
unit_sel, 54268469.658, 0, 0,  0, 0,  -0.0022596,  6.00000,0.00010,6.00000,0.00010,0.00000,  5.99990,5.99990,   0.07480, 0.07472,  1, 6.00000,6.00000, 1, 6.00000,  1, 13.48218,13.07000, 1, 13.07000,   0.00,25.00, 1, 25.00, 256, 256,   0.003,   0.441,
unit_sim,  54268469.658, 25.00000,25.00000, 13.80000,13.07000,0.00000,13.07000,   0.000,  0.000,  0,    0.000000,-180000.0, 180000.0, 360000.0,   0.50000, 0, 
pro_20220811, 2022-08-19T08:34:21,  54268469.658,10.000,   0,  0,  7,  25.00,13.07000,6.00000,    13.80000,0.07380,12.99612,13.07004,  -0.073913, 0.50000,0.50007,0.50249,
unit_sel, 54268479.659, 0, 0,  0, 0,  -0.0024210,  6.00000,0.00010,6.00000,0.00010,0.00000,  5.99990,5.99990,   0.07488, 0.07480,  1, 6.00000,6.00000, 1, 6.00000,  1, 13.49940,13.07000, 1, 13.07000,   0.00,25.00, 1, 25.00, 256, 256,   0.002,   0.337,
unit_sim,  54268479.659, 25.00000,25.00000, 13.80000,13.07000,0.00000,13.07000,   0.000,  0.000,  0,    0.000000,-180000.0, 180000.0, 360000.0,   0.50000, 0, 
pro_20220811, 2022-08-19T08:34:31,  54268479.659,10.000,   0,  0,  7,  25.00,13.07000,6.00000,    13.80000,0.07380,12.99612,13.07004,  -0.073920, 0.50000,0.50008,0.50266,
unit_sel, 54268489.659, 0, 0,  0, 0,  -0.0025824,  6.00000,0.00010,6.00000,0.00010,0.00000,  5.99990,5.99990,   0.07497, 0.07489,  1, 6.00000,6.00000, 1, 6.00000,  1, 13.48218,13.07000, 1, 13.07000,   0.00,25.00, 1, 25.00, 256, 256,   0.001,   0.254,
unit_sim,  54268489.659, 25.00000,25.00000, 13.80000,13.07000,0.00000,13.07000,   0.000,  0.000,  0,    0.000000,-180000.0, 180000.0, 360000.0,   0.50000, 0, 
pro_20220811, 2022-08-19T08:34:41,  54268489.659,10.000,   0,  0,  7,  25.00,13.07000,6.00000,    13.80000,0.07380,12.99611,13.07004,  -0.073927, 0.50000,0.50008,0.50283,
unit_sel, 54268499.658, 0, 0,  0, 0,  -0.0027438,  6.00000,0.00010,6.00000,0.00010,0.00000,  5.99990,5.99990,   0.07505, 0.07497,  1, 6.00000,6.00000, 1, 6.00000,  1, 13.49940,13.07000, 1, 13.07000,   0.00,25.00, 1, 25.00, 256, 256,   0.001,   0.188,
unit_sim,  54268499.658, 25.00000,25.00000, 13.80000,13.07000,0.00000,13.07000,   0.000,  0.000,  0,    0.000000,-180000.0, 180000.0, 360000.0,   0.50000, 0, 
pro_20220811, 2022-08-19T08:34:51,  54268499.658,10.000,   0,  0,  7,  25.00,13.07000,6.00000,    13.80000,0.07380,12.99611,13.07005,  -0.073936, 0.50000,0.50009,0.50299,
unit_sel, 54268509.658, 0, 0,  0, 0,  -0.0029052,  6.00000,0.00010,6.00000,0.00010,0.00000,  5.99990,5.99990,   0.07513, 0.07505,  1, 6.00000,6.00000, 1, 6.00000,  1, 13.48648,13.07000, 1, 13.07000,   0.00,25.00, 1, 25.00, 256, 256,   0.000,   0.137,
unit_sim,  54268509.658, 25.00000,25.00000, 13.80000,13.07000,0.00000,13.07000,   0.000,  0.000,  0,    0.000000,-180000.0, 180000.0, 360000.0,   0.50000, 0, 
pro_20220811, 2022-08-19T08:35:01,  54268509.658,10.000,   0,  0,  7,  25.00,13.07000,6.00000,    13.80000,0.07380,12.99611,13.07005,  -0.073942, 0.50000,0.50009,0.50316,
pro_20220811, 2022-08-19T08:35:11,  54268519.658,10.000,   0,  0,  7,  25.00,13.07000,6.00000,    13.80000,0.07380,12.99611,13.07005,  -0.073942, 0.50000,0.50009,0.50316,
unit_sel, 54268519.727, 0, 0,  0, 0,  -0.0030666,  6.00000,0.00010,6.00000,0.00010,0.00000,  5.99990,5.99990,   0.07522, 0.07514,  1, 6.00000,6.00000, 1, 6.00000,  1, 13.48648,13.07000, 1, 13.07000,   0.00,25.00, 1, 25.00, 256, 256,   0.000,   0.097,
unit_sim,  54268519.727, 25.00000,25.00000, 13.80000,13.07000,0.00000,13.07000,   0.000,  0.000,  0,    0.000000,-180000.0, 180000.0, 360000.0,   0.50000, 0, 
pro_20220811, 2022-08-19T08:35:21,  54268529.658,10.068,   0,  0,  7,  25.00,13.07000,6.00000,    13.80000,0.07380,12.99610,13.07005,  -0.073949, 0.50000,0.50010,0.50333,
unit_sel, 54268529.726, 0, 0,  0, 0,  -0.0032291,  6.00000,0.00010,6.00000,0.00010,0.00000,  5.99990,5.99990,   0.07530, 0.07522,  1, 6.00000,6.00000, 1, 6.00000,  1, 13.48218,13.07000, 1, 13.07000,   0.00,25.00, 1, 25.00, 256, 256,   0.000,   0.067,
unit_sim,  54268529.726, 25.00000,25.00000, 13.80000,13.07000,0.00000,13.07000,   0.000,  0.000,  0,    0.000000,-180000.0, 180000.0, 360000.0,   0.50000, 0, 
pro_20220811, 2022-08-19T08:35:31,  54268539.659,10.000,   0,  0,  7,  25.00,13.07000,6.00000,    13.80000,0.07380,12.99609,13.07005,  -0.073958, 0.50000,0.50010,0.50349,
unit_sel, 54268539.726, 0, 0,  0, 0,  -0.0033905,  6.00000,0.00010,6.00000,0.00010,0.00000,  5.99990,5.99990,   0.07538, 0.07530,  1, 6.00000,6.00000, 1, 6.00000,  1, 13.47787,13.07000, 1, 13.07000,   0.00,25.00, 1, 25.00, 256, 256,   0.000,   0.045,
unit_sim,  54268539.726, 25.00000,25.00000, 13.80000,13.07000,0.00000,13.07000,   0.000,  0.000,  0,    0.000000,-180000.0, 180000.0, 360000.0,   0.50000, 0, 
pro_20220811, 2022-08-19T08:35:41,  54268549.658,10.000,   0,  0,  7,  25.00,13.07000,6.00000,    13.80000,0.07380,12.99609,13.07006,  -0.073965, 0.50000,0.50011,0.50366,
unit_sel, 54268549.727, 0, 0,  0, 0,  -0.0035519,  6.00000,0.00010,6.00000,0.00010,0.00000,  5.99990,5.99990,   0.07547, 0.07539,  1, 6.00000,6.00000, 1, 6.00000,  1, 13.47787,13.07000, 1, 13.07000,   0.00,25.00, 1, 25.00, 256, 256,   0.000,   0.029,
unit_sim,  54268549.727, 25.00000,25.00000, 13.80000,13.07000,0.00000,13.07000,   0.000,  0.000,  0,    0.000000,-180000.0, 180000.0, 360000.0,   0.50000, 0, 
pro_20220811, 2022-08-19T08:35:51,  54268559.658,10.000,   0,  0,  7,  25.00,13.07000,6.00000,    13.80000,0.07380,12.99609,13.07006,  -0.073972, 0.50000,0.50011,0.50383,
unit_sel, 54268559.726, 0, 0,  0, 0,  -0.0037133,  6.00000,0.00010,6.00000,0.00010,0.00000,  5.99990,5.99990,   0.07555, 0.07547,  1, 6.00000,6.00000, 1, 6.00000,  1, 13.48648,13.07000, 1, 13.07000,   0.00,25.00, 1, 25.00, 256, 256,   0.000,   0.017,
unit_sim,  54268559.726, 25.00000,25.00000, 13.80000,13.07000,0.00000,13.07000,   0.000,  0.000,  0,    0.000000,-180000.0, 180000.0, 360000.0,   0.50000, 0, 
pro_20220811, 2022-08-19T08:36:01,  54268569.658,10.000,   0,  0,  7,  25.00,13.07000,6.00000,    13.80000,0.07380,12.99608,13.07006,  -0.073979, 0.50000,0.50012,0.50399,
unit_sel, 54268569.726, 0, 0,  0, 0,  -0.0038747,  6.00000,0.00010,6.00000,0.00010,0.00000,  5.99990,5.99990,   0.07563, 0.07555,  1, 6.00000,6.00000, 1, 6.00000,  1, 13.48218,13.07000, 1, 13.07000,   0.00,25.00, 1, 25.00, 256, 256,   0.000,   0.009,
unit_sim,  54268569.726, 25.00000,25.00000, 13.80000,13.07000,0.00000,13.07000,   0.000,  0.000,  0,    0.000000,-180000.0, 180000.0, 360000.0,   0.50000, 0, 
pro_20220811, 2022-08-19T08:36:11,  54268579.658,10.000,   0,  0,  7,  25.00,13.07000,6.00000,    13.80000,0.07380,12.99607,13.07006,  -0.073988, 0.50000,0.50012,0.50416,
unit_sel, 54268579.727, 0, 0,  0, 0,  -0.0040361,  6.00000,0.00010,6.00000,0.00010,0.00000,  5.99990,5.99990,   0.07571, 0.07564,  1, 6.00000,6.00000, 1, 6.00000,  1, 13.47787,13.07000, 1, 13.07000,   0.00,25.00, 1, 25.00, 256, 256,   0.000,   0.004,
unit_sim,  54268579.727, 25.00000,25.00000, 13.80000,13.07000,0.00000,13.07000,   0.000,  0.000,  0,    0.000000,-180000.0, 180000.0, 360000.0,   0.50000, 0, 
pro_20220811, 2022-08-19T08:36:21,  54268589.658,10.000,   0,  0,  7,  25.00,13.07000,6.00000,    13.80000,0.07380,12.99607,13.07006,  -0.073995, 0.50000,0.50013,0.50433,
unit_sel, 54268589.727, 0, 0,  0, 0,  -0.0041975,  6.00000,0.00010,6.00000,0.00010,0.00000,  5.99990,5.99990,   0.07580, 0.07572,  1, 6.00000,6.00000, 1, 6.00000,  1, 13.48218,13.07000, 1, 13.07000,   0.00,25.00, 1, 25.00, 256, 256,   0.000,   0.000,
unit_sim,  54268589.727, 25.00000,25.00000, 13.80000,13.07000,0.00000,13.07000,   0.000,  0.000,  0,    0.000000,-180000.0, 180000.0, 360000.0,   0.50000, 0, 
pro_20220811, 2022-08-19T08:36:31,  54268599.658,10.000,   0,  0,  7,  25.00,13.07000,6.00000,    13.80000,0.07380,12.99607,13.07007,  -0.074001, 0.50000,0.50013,0.50449,
unit_sel, 54268599.726, 0, 0,  0, 0,  -0.0043589,  6.00000,0.00010,6.00000,0.00010,0.00000,  5.99990,5.99990,   0.07588, 0.07580,  1, 6.00000,6.00000, 1, 6.00000,  1, 13.47787,13.07000, 1, 13.07000,   0.00,25.00, 1, 25.00, 256, 256,   0.000,  -0.002,
unit_sim,  54268599.726, 25.00000,25.00000, 13.80000,13.07000,0.00000,13.07000,   0.000,  0.000,  0,    0.000000,-180000.0, 180000.0, 360000.0,   0.50000, 0, 
pro_20220811, 2022-08-19T08:36:41,  54268609.658,10.000,   0,  0,  7,  25.00,13.07000,6.00000,    13.80000,0.07380,12.99606,13.07007,  -0.074010, 0.50000,0.50014,0.50466,
unit_sel, 54268609.727, 0, 0,  0, 0,  -0.0045203,  6.00000,0.00010,6.00000,0.00010,0.00000,  5.99990,5.99990,   0.07596, 0.07589,  1, 6.00000,6.00000, 1, 6.00000,  1, 13.47787,13.07000, 1, 13.07000,   0.00,25.00, 1, 25.00, 256, 256,   0.000,  -0.003,
unit_sim,  54268609.727, 25.00000,25.00000, 13.80000,13.07000,0.00000,13.07000,   0.000,  0.000,  0,    0.000000,-180000.0, 180000.0, 360000.0,   0.50000, 0, 
pro_20220811, 2022-08-19T08:36:51,  54268619.658,10.000,   0,  0,  7,  25.00,13.07000,6.00000,    13.80000,0.07380,12.99605,13.07007,  -0.074017, 0.50000,0.50014,0.50483,
unit_sel, 54268619.727, 0, 0,  0, 0,  -0.0046817,  6.00000,0.00010,6.00000,0.00010,0.00000,  5.99990,5.99990,   0.07605, 0.07597,  1, 6.00000,6.00000, 1, 6.00000,  1, 13.48218,13.07000, 1, 13.07000,   0.00,25.00, 1, 25.00, 256, 256,   0.000,  -0.003,
unit_sim,  54268619.727, 25.00000,25.00000, 13.80000,13.07000,0.00000,13.07000,   0.000,  0.000,  0,    0.000000,-180000.0, 180000.0, 360000.0,   0.50000, 0, 
pro_20220811, 2022-08-19T08:37:01,  54268629.659,10.000,   0,  0,  7,  25.00,13.07000,6.00000,    13.80000,0.07380,12.99605,13.07007,  -0.074024, 0.50000,0.50015,0.50499,
unit_sel, 54268629.726, 0, 0,  0, 0,  -0.0048431,  6.00000,0.00010,6.00000,0.00010,0.00000,  5.99990,5.99990,   0.07613, 0.07605,  1, 6.00000,6.00000, 1, 6.00000,  1, 13.47357,13.07000, 1, 13.07000,   0.00,25.00, 1, 25.00, 256, 256,   0.000,  -0.003,
unit_sim,  54268629.726, 25.00000,25.00000, 13.80000,13.07000,0.00000,13.07000,   0.000,  0.000,  0,    0.000000,-180000.0, 180000.0, 360000.0,   0.50000, 0, 
pro_20220811, 2022-08-19T08:37:11,  54268639.658,10.000,   0,  0,  7,  25.00,13.07000,6.00000,    13.80000,0.07380,12.99605,13.07008,  -0.074033, 0.50000,0.50015,0.50516,
Sel chg:  Amp->bare=0, NoAmp->bare=0, ib_dif_fa=1, wh_fa=0, wl_fa=0, wv_fa=0, ccd_fa_=40, rp.ibatt_select=0, ib_sel_stat=-1, vb_sel_stat=1, Vbatt_fail=0,
Small reset
unit_sel, 54268639.727, 0, 0,  0, 0,  -0.0050045,  6.00000,0.00010,6.00000,0.00010,0.00000,  5.99990,5.99990,   0.07621, 0.07614,  -1, 0.00010,0.00010, 1, 0.00010,  1, 13.48218,13.07000, 1, 13.07000,   0.00,25.00, 1, 25.00, 256, 272,   0.000,  -0.003,
unit_sim,  54268639.727, 25.00000,25.00000, 13.80000,13.07000,0.00000,13.07000,   0.000,  0.000,  0,    0.000000,-180000.0, 180000.0, 360000.0,   0.50000, 0, 
soft reset...
unit_sel, 54268639.732, 1, 0,  0, 0,  -0.0050045,  6.00000,0.00010,6.00000,0.00010,0.00000,  5.99990,5.99990,   0.00250, 0.00250,  -1, 0.00010,0.00010, 1, 0.00010,  1, 13.47787,13.07000, 1, 13.07000,   0.00,25.00, 1, 25.00, 256, 272,   0.000,   0.000,
unit_sim,  54268639.732, 25.00000,25.00000, 13.80000,13.07000,0.00000,13.07000,   0.000,  0.000,  0,    0.000000,-180000.0, 180000.0, 360000.0,   0.50000, 1, 
unit,               hm,                  cTime,       dt,       sat,sel,mod,  Tb,  Vb,  Ib,        Vsat,dV_dyn,Voc_stat,Voc_ekf,     y_ekf,    soc_m,soc_ekf,soc,,
unit_m,  c_time,       Tb_m,Tbl_m,  vsat_m, voc_stat_m, dv_dyn_m, vb_m, ib_m, ib_in_m, sat_m, ddq_m, dq_m, q_m, qcap_m, soc_m, reset_m,
unit_s,c_time,res,user_sel,   m_bare,n_bare,  cc_dif,  ibmh,ibnh,ibmm,ibnm,ibm,   ib_dif,ib_dif_f,    e_w,e_w_f,  ib_sel,Ib_h,Ib_m,mib,Ib_s, vb_sel,Vb_h,Vb_m,mvb,Vb_s,  Tb_h,Tb_s,mtb,Tb_f,   fltw, falw, ib_rate, ib_quiet,
pro_20220811, 2022-08-19T08:37:11,  54268639.732, 0.005,   0,  0,  7,  25.00,13.07000,0.00010,    13.80000,0.00000,13.07000,13.07000,  -0.000000, 0.50000,0.50000,0.50000,
unit_sel, 54268649.732, 0, 0,  0, 0,   0.0000000,  6.00000,0.00010,6.00000,0.00010,0.00000,  5.99990,5.99990,   0.00258, 0.00254,  -1, 0.00010,0.00010, 1, 0.00010,  1, 13.48218,13.07000, 1, 13.07000,   0.00,25.00, 1, 25.00, 256, 256,   0.000,   0.000,
unit_sim,  54268649.732, 25.00000,25.00000, 13.80000,13.07000,0.00000,13.07000,   0.000,  0.000,  0,    0.000000,-180000.0, 180000.0, 360000.0,   0.50000, 0, 
pro_20220811, 2022-08-19T08:37:21,  54268649.732,10.000,   0,  0,  7,  25.00,13.07000,0.00010,    13.80000,0.00000,13.07000,13.07000,  -0.000001, 0.50000,0.50000,0.50000,
unit_sel, 54268659.731, 0, 0,  0, 0,  -0.0000000,  6.00000,0.00010,6.00000,0.00010,0.00000,  5.99990,5.99990,   0.00258, 0.00256,  -1, 0.00010,0.00010, 1, 0.00010,  1, 13.48218,13.07000, 1, 13.07000,   0.00,25.00, 1, 25.00, 256, 256,   0.000,   0.000,
unit_sim,  54268659.731, 25.00000,25.00000, 13.80000,13.07000,0.00000,13.07000,   0.000,  0.000,  0,    0.000000,-180000.0, 180000.0, 360000.0,   0.50000, 0, 
pro_20220811, 2022-08-19T08:37:31,  54268659.731,10.000,   0,  0,  7,  25.00,13.07000,0.00010,    13.80000,0.00000,13.07000,13.07000,  -0.000001, 0.50000,0.50000,0.50000,
unit_sel, 54268669.731, 0, 0,  0, 0,  -0.0000000,  6.00000,0.00010,6.00000,0.00010,0.00000,  5.99990,5.99990,   0.00000, 0.00123,  -1, 0.00010,0.00010, 1, 0.00010,  1, 13.48218,13.07000, 1, 13.07000,   0.00,25.00, 1, 25.00, 256, 256,   0.000,   0.000,
unit_sim,  54268669.731, 25.00000,25.00000, 13.80000,13.07000,0.00000,13.07000,   0.000,  0.000,  0,    0.000000,-180000.0, 180000.0, 360000.0,   0.50000, 0, 
pro_20220811, 2022-08-19T08:37:41,  54268669.731,10.000,   0,  0,  7,  25.00,13.07000,0.00010,    13.80000,0.00000,13.07000,13.07000,  -0.000001, 0.50000,0.50000,0.50000,
unit_sel, 54268679.732, 0, 0,  0, 0,  -0.0000000,  6.00000,0.00010,6.00000,0.00010,0.00000,  5.99990,5.99990,   0.00000, 0.00059,  -1, 0.00010,0.00010, 1, 0.00010,  1, 13.48648,13.07000, 1, 13.07000,   0.00,25.00, 1, 25.00, 256, 256,   0.000,   0.000,
unit_sim,  54268679.732, 25.00000,25.00000, 13.80000,13.07000,0.00000,13.07000,   0.000,  0.000,  0,    0.000000,-180000.0, 180000.0, 360000.0,   0.50000, 0, 
pro_20220811, 2022-08-19T08:37:51,  54268679.732,10.000,   0,  0,  7,  25.00,13.07000,0.00010,    13.80000,0.00000,13.07000,13.07000,  -0.000001, 0.50000,0.50000,0.50000,
unit_sel, 54268689.731, 0, 0,  0, 0,  -0.0000000,  6.00000,0.00010,6.00000,0.00010,0.00000,  5.99990,5.99990,   0.00000, 0.00029,  -1, 0.00010,0.00010, 1, 0.00010,  1, 13.47787,13.07000, 1, 13.07000,   0.00,25.00, 1, 25.00, 256, 256,   0.000,   0.000,
unit_sim,  54268689.731, 25.00000,25.00000, 13.80000,13.07000,0.00000,13.07000,   0.000,  0.000,  0,    0.000000,-180000.0, 180000.0, 360000.0,   0.50000, 0, 
pro_20220811, 2022-08-19T08:38:01,  54268689.731,10.000,   0,  0,  7,  25.00,13.07000,0.00010,    13.80000,0.00000,13.07000,13.07000,  -0.000001, 0.50000,0.50000,0.50000,
unit_sel, 54268699.732, 0, 0,  0, 0,  -0.0000000,  6.00000,0.00010,6.00000,0.00010,0.00000,  5.99990,5.99990,   0.00000, 0.00014,  -1, 0.00010,0.00010, 1, 0.00010,  1, 13.48218,13.07000, 1, 13.07000,   0.00,25.00, 1, 25.00, 256, 256,   0.000,   0.000,
unit_sim,  54268699.732, 25.00000,25.00000, 13.80000,13.07000,0.00000,13.07000,   0.000,  0.000,  0,    0.000000,-180000.0, 180000.0, 360000.0,   0.50000, 0, 
pro_20220811, 2022-08-19T08:38:11,  54268699.732,10.000,   0,  0,  7,  25.00,13.07000,0.00010,    13.80000,0.00000,13.07000,13.07000,  -0.000001, 0.50000,0.50000,0.50000,
echo:  Dm0, 4
echo:  Dn0, 4
echo:  Rf, 4
echo:  W2, 4
echo:  +v0, 3
echo:  Dr100, 4
echo:  Dp400, 4
echo:  Sf1, 4
echo:  , 4
unit_sel, 54268709.731, 0, 0,  0, 0,  -0.0000001,  6.00000,0.00010,6.00000,0.00010,0.00000,  5.99990,5.99990,   0.00000, 0.00007,  -1, 0.00010,0.00010, 1, 0.00010,  1, 13.48648,13.07000, 1, 13.07000,   0.00,25.00, 1, 25.00, 256, 256,   0.000,   0.000,
unit_sim,  54268709.731, 25.00000,25.00000, 13.80000,13.07000,0.00000,13.07000,   0.000,  0.000,  0,    0.000000,-180000.0, 180000.0, 360000.0,   0.50000, 0, 
pro_20220811, 2022-08-19T08:38:21,  54268709.731,10.000,   0,  0,  7,  25.00,13.07000,0.00010,    13.80000,0.00000,13.07000,13.07000,  -0.000001, 0.50000,0.50000,0.50000,
echo:  Dm0, 0
ShuntAmp.add    6.000 to   0.000
unit_sel, 54268719.731, 0, 0,  0, 0,  -0.0000001,  0.00000,0.00010,0.00000,0.00010,0.00000,  -0.00010,-0.00010,   0.00000, 0.00003,  -1, 0.00010,0.00010, 1, 0.00010,  1, 13.47787,13.07000, 1, 13.07000,   0.00,25.00, 1, 25.00, 0, 0,  -4.960,  -0.335,
unit_sim,  54268719.731, 25.00000,25.00000, 13.80000,13.07000,0.00000,13.07000,   0.000,  0.000,  0,    0.000000,-180000.0, 180000.0, 360000.0,   0.50000, 0, 
pro_20220811, 2022-08-19T08:38:31,  54268719.731,10.000,   0,  0,  7,  25.00,13.07000,0.00010,    13.80000,0.00000,13.07000,13.07000,  -0.000001, 0.50000,0.50000,0.50000,
echo:  Dn0, 0
ShuntNoAmp.add   0.000 to   0.000
unit_sel, 54268729.731, 0, 0,  0, 0,  -0.0000001,  0.00000,0.00000,0.00000,0.00000,0.00000,  0.00000,0.00000,   0.00000, 0.00002,  -1, 0.00000,0.00000, 1, 0.00000,  1, 13.48218,13.07000, 1, 13.07000,   0.00,25.00, 1, 25.00, 0, 0,  -5.000,  -0.937,
unit_sim,  54268729.731, 25.00000,25.00000, 13.80000,13.07000,0.00000,13.07000,   0.000,  0.000,  0,    0.000000,-180000.0, 180000.0, 360000.0,   0.50000, 0, 
pro_20220811, 2022-08-19T08:38:41,  54268729.731,10.000,   0,  0,  7,  25.00,13.07000,0.00000,    13.80000,0.00000,13.07000,13.07000,   0.000000, 0.50000,0.50000,0.50000,
echo:  Rf, 0
Resetting fault latches
reset ib flt
reset vb flts
unit_sel, 54268739.731, 0, 0,  0, 0,  -0.0000001,  0.00000,0.00000,0.00000,0.00000,0.00000,  0.00000,0.00000,   0.00000, 0.00000,  1, 0.00000,0.00000, 1, 0.00000,  1, 13.48218,13.07000, 1, 13.07000,   0.00,25.00, 1, 25.00, 0, 0,  -4.530,  -4.530,
unit_sim,  54268739.731, 25.00000,25.00000, 13.80000,13.07000,0.00000,13.07000,   0.000,  0.000,  0,    0.000000,-180000.0, 180000.0, 360000.0,   0.50000, 0, 
pro_20220811, 2022-08-19T08:38:51,  54268739.731,10.000,   0,  0,  7,  25.00,13.07000,0.00000,    13.80000,0.00000,13.07000,13.07000,   0.000000, 0.50000,0.50000,0.50000,
echo:  W2, 0
unit_sel, 54268749.732, 0, 0,  0, 0,  -0.0000001,  0.00000,0.00000,0.00000,0.00000,0.00000,  0.00000,0.00000,   0.00000, 0.00000,  1, 0.00000,0.00000, 1, 0.00000,  1, 13.48648,13.07000, 1, 13.07000,   0.00,25.00, 1, 25.00, 0, 0,  -2.486,  -4.392,
unit_sim,  54268749.732, 25.00000,25.00000, 13.80000,13.07000,0.00000,13.07000,   0.000,  0.000,  0,    0.000000,-180000.0, 180000.0, 360000.0,   0.50000, 0, 
pro_20220811, 2022-08-19T08:39:01,  54268749.732,10.000,   0,  0,  7,  25.00,13.07000,0.00000,    13.80000,0.00000,13.07000,13.07000,   0.000000, 0.50000,0.50000,0.50000,
echo:  W, 0
.....Wait...
unit_sel, 54268759.731, 0, 0,  0, 0,  -0.0000001,  0.00000,0.00000,0.00000,0.00000,0.00000,  0.00000,0.00000,   0.00000, 0.00000,  1, 0.00000,0.00000, 1, 0.00000,  1, 13.48218,13.07000, 1, 13.07000,   0.00,25.00, 1, 25.00, 0, 0,  -1.364,  -4.069,
unit_sim,  54268759.731, 25.00000,25.00000, 13.80000,13.07000,0.00000,13.07000,   0.000,  0.000,  0,    0.000000,-180000.0, 180000.0, 360000.0,   0.50000, 0, 
pro_20220811, 2022-08-19T08:39:11,  54268759.731,10.000,   0,  0,  7,  25.00,13.07000,0.00000,    13.80000,0.00000,13.07000,13.07000,   0.000000, 0.50000,0.50000,0.50000,
echo:  W, 0
.....Wait...
unit_sel, 54268769.731, 0, 0,  0, 0,  -0.0000001,  0.00000,0.00000,0.00000,0.00000,0.00000,  0.00000,0.00000,   0.00000, 0.00000,  1, 0.00000,0.00000, 1, 0.00000,  1, 13.48218,13.07000, 1, 13.07000,   0.00,25.00, 1, 25.00, 0, 0,  -0.749,  -3.656,
unit_sim,  54268769.731, 25.00000,25.00000, 13.80000,13.07000,0.00000,13.07000,   0.000,  0.000,  0,    0.000000,-180000.0, 180000.0, 360000.0,   0.50000, 0, 
pro_20220811, 2022-08-19T08:39:21,  54268769.731,10.000,   0,  0,  7,  25.00,13.07000,0.00000,    13.80000,0.00000,13.07000,13.07000,   0.000000, 0.50000,0.50000,0.50000,
echo:  v0, 0
echo:  Dr100, 0
ReadSensors 10000 to 100
echo:  Dp400, 0
PublishSerial 10000 to 400
echo:  Sf1, 0
cc_diff scl   0.050 to   1.000
echo:  , 0
  unk.  See 'h'
