echo:  Xm7, 4
echo:  Ca0.5, 4
echo:  Dr10000, 4
echo:  Dp10000, 4
echo:  v26, 4
echo:  W2, 4
echo:  Dm6, 4
echo:  Dn0.0001, 4
echo:  Sf.05, 4
echo:  Xm7, 0
modeling 7 to 7
Modeling 7
tweak_test 0
mod_ib 1
mod_vb 1
mod_tb 1
echo:  Ca0.5, 0
soc=  0.500, modeling = 7, delta_q=-180000.000, soc_model=  0.5000,   delta_q_model=-180000.000, soc_ekf=  0.9900, delta_q_ekf=-3599.106,
soft reset...
echo:  W3, 0
echo:  W, 0
.....Wait...
echo:  W, 0
.....Wait...
echo:  W, 0
.....Wait...
echo:  Dr10000, 0
ReadSensors 100 to 10000
echo:  Dp10000, 0
PublishSerial 400 to 10000
echo:  v26, 0
unit_sel, 54438813.027, 0, 0,  0, 0,  -0.0000000,  0.00000,0.00000,0.00000,0.00000,0.00000,  0.00000,0.00000,   13.07000,0.00000,0.00246,  1, 0.00000,0.00000, 1, 0.00000,  1, 13.47787,13.07000, 1, 13.07000,   0.00,25.00, 1, 25.00, 0, 0,   0.000,   0.000,
unit_sim,  54438813.027, 25.00000,25.00000, 13.80000,13.07000,0.00000,13.07000,   0.000,  0.000,  0,    0.000000,-180000.0, 180000.0, 360000.0,   0.50000, 0, 
unit,               hm,                  cTime,       dt,       sat,sel,mod,  Tb,  Vb,  Ib,        Vsat,dV_dyn,Voc_stat,Voc_ekf,     y_ekf,    soc_m,soc_ekf,soc,,
unit_m,  c_time,       Tb_m,Tbl_m,  vsat_m, voc_stat_m, dv_dyn_m, vb_m, ib_m, ib_in_m, sat_m, ddq_m, dq_m, q_m, qcap_m, soc_m, reset_m,
unit_s,c_time,res,user_sel,   m_bare,n_bare,  cc_dif,  ibmh,ibnh,ibmm,ibnm,ibm,   ib_dif,ib_dif_f,    voc_tab,e_w,e_w_f,  ib_sel,Ib_h,Ib_m,mib,Ib_s, vb_sel,Vb_h,Vb_m,mvb,Vb_s,  Tb_h,Tb_s,mtb,Tb_f,   fltw, falw, ib_rate, ib_quiet,
pro_20220821, 2022-08-21T07:53:27,  54438813.027,10.000,   0,  0,  7,  25.00,13.07000,0.00000,    13.80000,0.00000,13.07000,13.07000,   0.000000, 0.50000,0.50000,0.50000,
echo:  W2, 0
unit_sel, 54438823.027, 0, 0,  0, 0,  -0.0000000,  0.00000,0.00000,0.00000,0.00000,0.00000,  0.00000,0.00000,   13.07000,0.00000,0.00119,  1, 0.00000,0.00000, 1, 0.00000,  1, 13.48218,13.07000, 1, 13.07000,   0.00,25.00, 1, 25.00, 0, 0,   0.000,   0.000,
unit_sim,  54438823.027, 25.00000,25.00000, 13.80000,13.07000,0.00000,13.07000,   0.000,  0.000,  0,    0.000000,-180000.0, 180000.0, 360000.0,   0.50000, 0, 
pro_20220821, 2022-08-21T07:53:37,  54438823.027,10.000,   0,  0,  7,  25.00,13.07000,0.00000,    13.80000,0.00000,13.07000,13.07000,   0.000000, 0.50000,0.50000,0.50000,
echo:  W, 0
.....Wait...
unit_sel, 54438833.027, 0, 0,  0, 0,  -0.0000000,  0.00000,0.00000,0.00000,0.00000,0.00000,  0.00000,0.00000,   13.07000,0.00000,0.00057,  1, 0.00000,0.00000, 1, 0.00000,  1, 13.48218,13.07000, 1, 13.07000,   0.00,25.00, 1, 25.00, 0, 0,   0.000,   0.000,
unit_sim,  54438833.027, 25.00000,25.00000, 13.80000,13.07000,0.00000,13.07000,   0.000,  0.000,  0,    0.000000,-180000.0, 180000.0, 360000.0,   0.50000, 0, 
pro_20220821, 2022-08-21T07:53:47,  54438833.027,10.000,   0,  0,  7,  25.00,13.07000,0.00000,    13.80000,0.00000,13.07000,13.07000,   0.000000, 0.50000,0.50000,0.50000,
echo:  W, 0
.....Wait...
unit_sel, 54438843.027, 0, 0,  0, 0,  -0.0000000,  0.00000,0.00000,0.00000,0.00000,0.00000,  0.00000,0.00000,   13.07000,0.00000,0.00027,  1, 0.00000,0.00000, 1, 0.00000,  1, 13.47787,13.07000, 1, 13.07000,   0.00,25.00, 1, 25.00, 0, 0,   0.000,   0.000,
unit_sim,  54438843.027, 25.00000,25.00000, 13.80000,13.07000,0.00000,13.07000,   0.000,  0.000,  0,    0.000000,-180000.0, 180000.0, 360000.0,   0.50000, 0, 
pro_20220821, 2022-08-21T07:53:57,  54438843.027,10.000,   0,  0,  7,  25.00,13.07000,0.00000,    13.80000,0.00000,13.07000,13.07000,   0.000000, 0.50000,0.50000,0.50000,
echo:  Dm6, 0
ShuntAmp.add    0.000 to   6.000
unit_sel, 54438853.028, 0, 0,  0, 0,  -0.0000000,  6.00000,0.00000,6.00000,0.00000,0.00000,  6.00000,6.00000,   13.07000,0.00000,0.00013,  1, 6.00000,6.00000, 1, 6.00000,  1, 13.48218,13.07000, 1, 13.07000,   0.00,25.00, 1, 25.00, 256, 0,   4.960,   0.335,
unit_sim,  54438853.028, 25.00000,25.00000, 13.80000,13.07000,0.00000,13.07000,   0.000,  0.000,  0,    0.000000,-180000.0, 180000.0, 360000.0,   0.50000, 0, 
pro_20220821, 2022-08-21T07:54:07,  54438853.028,10.000,   0,  0,  7,  25.00,13.07000,6.00000,    13.80000,0.07380,12.99619,13.07000,  -0.073809, 0.50000,0.50001,0.50017,
echo:  Dn0.0001, 0
ShuntNoAmp.add   0.000 to   0.000
unit_sel, 54438863.027, 0, 0,  0, 0,  -0.0001614,  6.00000,0.00010,6.00000,0.00010,0.00000,  5.99990,5.99990,   13.07000,0.07380,0.03833,  1, 6.00000,6.00000, 1, 6.00000,  1, 13.47787,13.07000, 1, 13.07000,   0.00,25.00, 1, 25.00, 256, 256,   5.000,   0.937,
unit_sim,  54438863.027, 25.00000,25.00000, 13.80000,13.07000,0.00000,13.07000,   0.000,  0.000,  0,    0.000000,-180000.0, 180000.0, 360000.0,   0.50000, 0, 
pro_20220821, 2022-08-21T07:54:17,  54438863.027,10.000,   0,  0,  7,  25.00,13.07000,6.00000,    13.80000,0.07380,12.99619,13.07001,  -0.073815, 0.50000,0.50001,0.50033,
echo:  Sf.05, 0
cc_diff scl   1.000 to   0.050
unit_sel, 54438873.028, 0, 0,  0, 0,  -0.0003228,  6.00000,0.00010,6.00000,0.00010,0.00000,  5.99990,5.99990,   13.07000,0.07380,0.05672,  1, 6.00000,6.00000, 1, 6.00000,  1, 13.47787,13.07000, 1, 13.07000,   0.00,25.00, 1, 25.00, 256, 256,   4.530,   1.482,
unit_sim,  54438873.028, 25.00000,25.00000, 13.80000,13.07000,0.00000,13.07000,   0.000,  0.000,  0,    0.000000,-180000.0, 180000.0, 360000.0,   0.50000, 0, 
pro_20220821, 2022-08-21T07:54:27,  54438873.028,10.000,   0,  0,  7,  25.00,13.07000,6.00000,    13.80000,0.07380,12.99618,13.07001,  -0.073822, 0.50000,0.50002,0.50050,
unit_sel, 54438883.027, 0, 0,  0, 0,  -0.0004842,  6.00000,0.00010,6.00000,0.00010,0.00000,  5.99990,5.99990,   13.07008,0.07388,0.06562,  1, 6.00000,6.00000, 1, 6.00000,  1, 13.48218,13.07000, 1, 13.07000,   0.00,25.00, 1, 25.00, 256, 256,   2.486,   1.873,
unit_sim,  54438883.027, 25.00000,25.00000, 13.80000,13.07000,0.00000,13.07000,   0.000,  0.000,  0,    0.000000,-180000.0, 180000.0, 360000.0,   0.50000, 0, 
pro_20220821, 2022-08-21T07:54:37,  54438883.027,10.000,   0,  0,  7,  25.00,13.07000,6.00000,    13.80000,0.07380,12.99618,13.07001,  -0.073831, 0.50000,0.50002,0.50067,
unit_sel, 54438893.027, 0, 0,  0, 0,  -0.0006456,  6.00000,0.00010,6.00000,0.00010,0.00000,  5.99990,5.99990,   13.07017,0.07397,0.06995,  1, 6.00000,6.00000, 1, 6.00000,  1, 13.48218,13.07000, 1, 13.07000,   0.00,25.00, 1, 25.00, 256, 256,   1.364,   2.024,
unit_sim,  54438893.027, 25.00000,25.00000, 13.80000,13.07000,0.00000,13.07000,   0.000,  0.000,  0,    0.000000,-180000.0, 180000.0, 360000.0,   0.50000, 0, 
pro_20220821, 2022-08-21T07:54:47,  54438893.027,10.000,   0,  0,  7,  25.00,13.07000,6.00000,    13.80000,0.07380,12.99617,13.07001,  -0.073838, 0.50000,0.50003,0.50083,
unit_sel, 54438903.027, 0, 0,  0, 0,  -0.0008070,  6.00000,0.00010,6.00000,0.00010,0.00000,  5.99990,5.99990,   13.07025,0.07405,0.07208,  1, 6.00000,6.00000, 1, 6.00000,  1, 13.48648,13.07000, 1, 13.07000,   0.00,25.00, 1, 25.00, 256, 256,   0.749,   2.027,
unit_sim,  54438903.027, 25.00000,25.00000, 13.80000,13.07000,0.00000,13.07000,   0.000,  0.000,  0,    0.000000,-180000.0, 180000.0, 360000.0,   0.50000, 0, 
pro_20220821, 2022-08-21T07:54:57,  54438903.027,10.000,   0,  0,  7,  25.00,13.07000,6.00000,    13.80000,0.07380,12.99617,13.07001,  -0.073845, 0.50000,0.50003,0.50100,
unit_sel, 54438913.027, 0, 0,  0, 0,  -0.0009684,  6.00000,0.00010,6.00000,0.00010,0.00000,  5.99990,5.99990,   13.07033,0.07413,0.07314,  1, 6.00000,6.00000, 1, 6.00000,  1, 13.48648,13.07000, 1, 13.07000,   0.00,25.00, 1, 25.00, 256, 256,   0.411,   1.913,
unit_sim,  54438913.027, 25.00000,25.00000, 13.80000,13.07000,0.00000,13.07000,   0.000,  0.000,  0,    0.000000,-180000.0, 180000.0, 360000.0,   0.50000, 0, 
pro_20220821, 2022-08-21T07:55:07,  54438913.027,10.000,   0,  0,  7,  25.00,13.07000,6.00000,    13.80000,0.07380,12.99616,13.07002,  -0.073852, 0.50000,0.50004,0.50117,
unit_sel, 54438923.027, 0, 0,  0, 0,  -0.0011298,  6.00000,0.00010,6.00000,0.00010,0.00000,  5.99990,5.99990,   13.07042,0.07422,0.07370,  1, 6.00000,6.00000, 1, 6.00000,  1, 13.48218,13.07000, 1, 13.07000,   0.00,25.00, 1, 25.00, 256, 256,   0.226,   1.735,
unit_sim,  54438923.027, 25.00000,25.00000, 13.80000,13.07000,0.00000,13.07000,   0.000,  0.000,  0,    0.000000,-180000.0, 180000.0, 360000.0,   0.50000, 0, 
pro_20220821, 2022-08-21T07:55:17,  54438923.027,10.000,   0,  0,  7,  25.00,13.07000,6.00000,    13.80000,0.07380,12.99616,13.07002,  -0.073861, 0.50000,0.50004,0.50133,
unit_sel, 54438933.027, 0, 0,  0, 0,  -0.0012912,  6.00000,0.00010,6.00000,0.00010,0.00000,  5.99990,5.99990,   13.07050,0.07430,0.07401,  1, 6.00000,6.00000, 1, 6.00000,  1, 13.48218,13.07000, 1, 13.07000,   0.00,25.00, 1, 25.00, 256, 256,   0.124,   1.522,
unit_sim,  54438933.027, 25.00000,25.00000, 13.80000,13.07000,0.00000,13.07000,   0.000,  0.000,  0,    0.000000,-180000.0, 180000.0, 360000.0,   0.50000, 0, 
pro_20220821, 2022-08-21T07:55:27,  54438933.027,10.000,   0,  0,  7,  25.00,13.07000,6.00000,    13.80000,0.07380,12.99615,13.07002,  -0.073868, 0.50000,0.50005,0.50150,
unit_sel, 54438943.027, 0, 0,  0, 0,  -0.0014526,  6.00000,0.00010,6.00000,0.00010,0.00000,  5.99990,5.99990,   13.07058,0.07438,0.07420,  1, 6.00000,6.00000, 1, 6.00000,  1, 13.47787,13.07000, 1, 13.07000,   0.00,25.00, 1, 25.00, 256, 256,   0.068,   1.300,
unit_sim,  54438943.027, 25.00000,25.00000, 13.80000,13.07000,0.00000,13.07000,   0.000,  0.000,  0,    0.000000,-180000.0, 180000.0, 360000.0,   0.50000, 0, 
pro_20220821, 2022-08-21T07:55:37,  54438943.027,10.000,   0,  0,  7,  25.00,13.07000,6.00000,    13.80000,0.07380,12.99615,13.07002,  -0.073875, 0.50000,0.50005,0.50166,
unit_sel, 54438953.027, 0, 0,  0, 0,  -0.0016140,  6.00000,0.00010,6.00000,0.00010,0.00000,  5.99990,5.99990,   13.07067,0.07447,0.07434,  1, 6.00000,6.00000, 1, 6.00000,  1, 13.48218,13.07000, 1, 13.07000,   0.00,25.00, 1, 25.00, 256, 256,   0.037,   1.086,
unit_sim,  54438953.027, 25.00000,25.00000, 13.80000,13.07000,0.00000,13.07000,   0.000,  0.000,  0,    0.000000,-180000.0, 180000.0, 360000.0,   0.50000, 0, 
pro_20220821, 2022-08-21T07:55:47,  54438953.027,10.000,   0,  0,  7,  25.00,13.07000,6.00000,    13.80000,0.07380,12.99614,13.07003,  -0.073883, 0.50000,0.50006,0.50183,
unit_sel, 54438963.027, 0, 0,  0, 0,  -0.0017754,  6.00000,0.00010,6.00000,0.00010,0.00000,  5.99990,5.99990,   13.07075,0.07455,0.07445,  1, 6.00000,6.00000, 1, 6.00000,  1, 13.48218,13.07000, 1, 13.07000,   0.00,25.00, 1, 25.00, 256, 256,   0.020,   0.890,
unit_sim,  54438963.027, 25.00000,25.00000, 13.80000,13.07000,0.00000,13.07000,   0.000,  0.000,  0,    0.000000,-180000.0, 180000.0, 360000.0,   0.50000, 0, 
pro_20220821, 2022-08-21T07:55:57,  54438963.027,10.000,   0,  0,  7,  25.00,13.07000,6.00000,    13.80000,0.07380,12.99614,13.07003,  -0.073890, 0.50000,0.50006,0.50200,
unit_sel, 54438973.027, 0, 0,  0, 0,  -0.0019368,  6.00000,0.00010,6.00000,0.00010,0.00000,  5.99990,5.99990,   13.07083,0.07463,0.07454,  1, 6.00000,6.00000, 1, 6.00000,  1, 13.48218,13.07000, 1, 13.07000,   0.00,25.00, 1, 25.00, 256, 256,   0.011,   0.716,
unit_sim,  54438973.027, 25.00000,25.00000, 13.80000,13.07000,0.00000,13.07000,   0.000,  0.000,  0,    0.000000,-180000.0, 180000.0, 360000.0,   0.50000, 0, 
pro_20220821, 2022-08-21T07:56:07,  54438973.027,10.000,   0,  0,  7,  25.00,13.07000,6.00000,    13.80000,0.07380,12.99613,13.07003,  -0.073897, 0.50000,0.50007,0.50216,
unit_sel, 54438983.027, 0, 0,  0, 0,  -0.0020982,  6.00000,0.00010,6.00000,0.00010,0.00000,  5.99990,5.99990,   13.07092,0.07472,0.07463,  1, 6.00000,6.00000, 1, 6.00000,  1, 13.48218,13.07000, 1, 13.07000,   0.00,25.00, 1, 25.00, 256, 256,   0.006,   0.566,
unit_sim,  54438983.027, 25.00000,25.00000, 13.80000,13.07000,0.00000,13.07000,   0.000,  0.000,  0,    0.000000,-180000.0, 180000.0, 360000.0,   0.50000, 0, 
pro_20220821, 2022-08-21T07:56:17,  54438983.027,10.000,   0,  0,  7,  25.00,13.07000,6.00000,    13.80000,0.07380,12.99613,13.07004,  -0.073906, 0.50000,0.50007,0.50233,
unit_sel, 54438993.028, 0, 0,  0, 0,  -0.0022596,  6.00000,0.00010,6.00000,0.00010,0.00000,  5.99990,5.99990,   13.07100,0.07480,0.07472,  1, 6.00000,6.00000, 1, 6.00000,  1, 13.48218,13.07000, 1, 13.07000,   0.00,25.00, 1, 25.00, 256, 256,   0.003,   0.441,
unit_sim,  54438993.028, 25.00000,25.00000, 13.80000,13.07000,0.00000,13.07000,   0.000,  0.000,  0,    0.000000,-180000.0, 180000.0, 360000.0,   0.50000, 0, 
pro_20220821, 2022-08-21T07:56:27,  54438993.028,10.000,   0,  0,  7,  25.00,13.07000,6.00000,    13.80000,0.07380,12.99612,13.07004,  -0.073913, 0.50000,0.50008,0.50250,
unit_sel, 54439003.027, 0, 0,  0, 0,  -0.0024210,  6.00000,0.00010,6.00000,0.00010,0.00000,  5.99990,5.99990,   13.07108,0.07488,0.07480,  1, 6.00000,6.00000, 1, 6.00000,  1, 13.48648,13.07000, 1, 13.07000,   0.00,25.00, 1, 25.00, 256, 256,   0.002,   0.337,
unit_sim,  54439003.027, 25.00000,25.00000, 13.80000,13.07000,0.00000,13.07000,   0.000,  0.000,  0,    0.000000,-180000.0, 180000.0, 360000.0,   0.50000, 0, 
pro_20220821, 2022-08-21T07:56:37,  54439003.027,10.000,   0,  0,  7,  25.00,13.07000,6.00000,    13.80000,0.07380,12.99612,13.07004,  -0.073920, 0.50000,0.50008,0.50266,
unit_sel, 54439013.028, 0, 0,  0, 0,  -0.0025824,  6.00000,0.00010,6.00000,0.00010,0.00000,  5.99990,5.99990,   13.07117,0.07497,0.07489,  1, 6.00000,6.00000, 1, 6.00000,  1, 13.48648,13.07000, 1, 13.07000,   0.00,25.00, 1, 25.00, 256, 256,   0.001,   0.254,
unit_sim,  54439013.028, 25.00000,25.00000, 13.80000,13.07000,0.00000,13.07000,   0.000,  0.000,  0,    0.000000,-180000.0, 180000.0, 360000.0,   0.50000, 0, 
pro_20220821, 2022-08-21T07:56:47,  54439013.028,10.000,   0,  0,  7,  25.00,13.07000,6.00000,    13.80000,0.07380,12.99611,13.07004,  -0.073929, 0.50000,0.50009,0.50283,
unit_sel, 54439023.028, 0, 0,  0, 0,  -0.0027438,  6.00000,0.00010,6.00000,0.00010,0.00000,  5.99990,5.99990,   13.07125,0.07505,0.07497,  1, 6.00000,6.00000, 1, 6.00000,  1, 13.48648,13.07000, 1, 13.07000,   0.00,25.00, 1, 25.00, 256, 256,   0.001,   0.188,
unit_sim,  54439023.028, 25.00000,25.00000, 13.80000,13.07000,0.00000,13.07000,   0.000,  0.000,  0,    0.000000,-180000.0, 180000.0, 360000.0,   0.50000, 0, 
pro_20220821, 2022-08-21T07:56:57,  54439023.028,10.000,   0,  0,  7,  25.00,13.07000,6.00000,    13.80000,0.07380,12.99611,13.07005,  -0.073936, 0.50000,0.50009,0.50300,
unit_sel, 54439033.028, 0, 0,  0, 0,  -0.0029052,  6.00000,0.00010,6.00000,0.00010,0.00000,  5.99990,5.99990,   13.07133,0.07513,0.07505,  1, 6.00000,6.00000, 1, 6.00000,  1, 13.47787,13.07000, 1, 13.07000,   0.00,25.00, 1, 25.00, 256, 256,   0.000,   0.137,
unit_sim,  54439033.028, 25.00000,25.00000, 13.80000,13.07000,0.00000,13.07000,   0.000,  0.000,  0,    0.000000,-180000.0, 180000.0, 360000.0,   0.50000, 0, 
pro_20220821, 2022-08-21T07:57:07,  54439033.028,10.000,   0,  0,  7,  25.00,13.07000,6.00000,    13.80000,0.07380,12.99611,13.07005,  -0.073942, 0.50000,0.50010,0.50316,
unit_sel, 54439043.027, 0, 0,  0, 0,  -0.0030666,  6.00000,0.00010,6.00000,0.00010,0.00000,  5.99990,5.99990,   13.07141,0.07522,0.07514,  1, 6.00000,6.00000, 1, 6.00000,  1, 13.47787,13.07000, 1, 13.07000,   0.00,25.00, 1, 25.00, 256, 256,   0.000,   0.097,
unit_sim,  54439043.027, 25.00000,25.00000, 13.80000,13.07000,0.00000,13.07000,   0.000,  0.000,  0,    0.000000,-180000.0, 180000.0, 360000.0,   0.50000, 0, 
pro_20220821, 2022-08-21T07:57:17,  54439043.027,10.000,   0,  0,  7,  25.00,13.07000,6.00000,    13.80000,0.07380,12.99610,13.07005,  -0.073951, 0.50000,0.50010,0.50333,
unit_sel, 54439053.027, 0, 0,  0, 0,  -0.0032280,  6.00000,0.00010,6.00000,0.00010,0.00000,  5.99990,5.99990,   13.07150,0.07530,0.07522,  1, 6.00000,6.00000, 1, 6.00000,  1, 13.48648,13.07000, 1, 13.07000,   0.00,25.00, 1, 25.00, 256, 256,   0.000,   0.067,
unit_sim,  54439053.027, 25.00000,25.00000, 13.80000,13.07000,0.00000,13.07000,   0.000,  0.000,  0,    0.000000,-180000.0, 180000.0, 360000.0,   0.50000, 0, 
pro_20220821, 2022-08-21T07:57:27,  54439053.027,10.000,   0,  0,  7,  25.00,13.07000,6.00000,    13.80000,0.07380,12.99609,13.07005,  -0.073958, 0.50000,0.50011,0.50349,
unit_sel, 54439063.027, 0, 0,  0, 0,  -0.0033894,  6.00000,0.00010,6.00000,0.00010,0.00000,  5.99990,5.99990,   13.07158,0.07538,0.07530,  1, 6.00000,6.00000, 1, 6.00000,  1, 13.48218,13.07000, 1, 13.07000,   0.00,25.00, 1, 25.00, 256, 256,   0.000,   0.045,
unit_sim,  54439063.027, 25.00000,25.00000, 13.80000,13.07000,0.00000,13.07000,   0.000,  0.000,  0,    0.000000,-180000.0, 180000.0, 360000.0,   0.50000, 0, 
pro_20220821, 2022-08-21T07:57:37,  54439063.027,10.000,   0,  0,  7,  25.00,13.07000,6.00000,    13.80000,0.07380,12.99609,13.07006,  -0.073965, 0.50000,0.50011,0.50366,
unit_sel, 54439073.027, 0, 0,  0, 0,  -0.0035508,  6.00000,0.00010,6.00000,0.00010,0.00000,  5.99990,5.99990,   13.07166,0.07547,0.07539,  1, 6.00000,6.00000, 1, 6.00000,  1, 13.47787,13.07000, 1, 13.07000,   0.00,25.00, 1, 25.00, 256, 256,   0.000,   0.029,
unit_sim,  54439073.027, 25.00000,25.00000, 13.80000,13.07000,0.00000,13.07000,   0.000,  0.000,  0,    0.000000,-180000.0, 180000.0, 360000.0,   0.50000, 0, 
pro_20220821, 2022-08-21T07:57:47,  54439073.027,10.000,   0,  0,  7,  25.00,13.07000,6.00000,    13.80000,0.07380,12.99609,13.07006,  -0.073974, 0.50000,0.50012,0.50383,
unit_sel, 54439083.027, 0, 0,  0, 0,  -0.0037122,  6.00000,0.00010,6.00000,0.00010,0.00000,  5.99990,5.99990,   13.07175,0.07555,0.07547,  1, 6.00000,6.00000, 1, 6.00000,  1, 13.48218,13.07000, 1, 13.07000,   0.00,25.00, 1, 25.00, 256, 256,   0.000,   0.017,
unit_sim,  54439083.027, 25.00000,25.00000, 13.80000,13.07000,0.00000,13.07000,   0.000,  0.000,  0,    0.000000,-180000.0, 180000.0, 360000.0,   0.50000, 0, 
pro_20220821, 2022-08-21T07:57:57,  54439083.027,10.000,   0,  0,  7,  25.00,13.07000,6.00000,    13.80000,0.07380,12.99608,13.07006,  -0.073981, 0.50000,0.50012,0.50399,
unit_sel, 54439093.027, 0, 0,  0, 0,  -0.0038736,  6.00000,0.00010,6.00000,0.00010,0.00000,  5.99990,5.99990,   13.07183,0.07563,0.07555,  1, 6.00000,6.00000, 1, 6.00000,  1, 13.47787,13.07000, 1, 13.07000,   0.00,25.00, 1, 25.00, 256, 256,   0.000,   0.009,
unit_sim,  54439093.027, 25.00000,25.00000, 13.80000,13.07000,0.00000,13.07000,   0.000,  0.000,  0,    0.000000,-180000.0, 180000.0, 360000.0,   0.50000, 0, 
pro_20220821, 2022-08-21T07:58:07,  54439093.027,10.000,   0,  0,  7,  25.00,13.07000,6.00000,    13.80000,0.07380,12.99607,13.07006,  -0.073988, 0.50000,0.50013,0.50416,
unit_sel, 54439103.027, 0, 0,  0, 0,  -0.0040350,  6.00000,0.00010,6.00000,0.00010,0.00000,  5.99990,5.99990,   13.07191,0.07571,0.07564,  1, 6.00000,6.00000, 1, 6.00000,  1, 13.47787,13.07000, 1, 13.07000,   0.00,25.00, 1, 25.00, 256, 256,   0.000,   0.004,
unit_sim,  54439103.027, 25.00000,25.00000, 13.80000,13.07000,0.00000,13.07000,   0.000,  0.000,  0,    0.000000,-180000.0, 180000.0, 360000.0,   0.50000, 0, 
pro_20220821, 2022-08-21T07:58:17,  54439103.027,10.000,   0,  0,  7,  25.00,13.07000,6.00000,    13.80000,0.07380,12.99607,13.07006,  -0.073995, 0.50000,0.50013,0.50433,
unit_sel, 54439113.027, 0, 0,  0, 0,  -0.0041964,  6.00000,0.00010,6.00000,0.00010,0.00000,  5.99990,5.99990,   13.07200,0.07580,0.07572,  1, 6.00000,6.00000, 1, 6.00000,  1, 13.48648,13.07000, 1, 13.07000,   0.00,25.00, 1, 25.00, 256, 256,   0.000,   0.000,
unit_sim,  54439113.027, 25.00000,25.00000, 13.80000,13.07000,0.00000,13.07000,   0.000,  0.000,  0,    0.000000,-180000.0, 180000.0, 360000.0,   0.50000, 0, 
pro_20220821, 2022-08-21T07:58:27,  54439113.027,10.000,   0,  0,  7,  25.00,13.07000,6.00000,    13.80000,0.07380,12.99607,13.07007,  -0.074003, 0.50000,0.50014,0.50449,
unit_sel, 54439123.028, 0, 0,  0, 0,  -0.0043578,  6.00000,0.00010,6.00000,0.00010,0.00000,  5.99990,5.99990,   13.07208,0.07588,0.07580,  1, 6.00000,6.00000, 1, 6.00000,  1, 13.48648,13.07000, 1, 13.07000,   0.00,25.00, 1, 25.00, 256, 256,   0.000,  -0.002,
unit_sim,  54439123.028, 25.00000,25.00000, 13.80000,13.07000,0.00000,13.07000,   0.000,  0.000,  0,    0.000000,-180000.0, 180000.0, 360000.0,   0.50000, 0, 
pro_20220821, 2022-08-21T07:58:37,  54439123.028,10.000,   0,  0,  7,  25.00,13.07000,6.00000,    13.80000,0.07380,12.99606,13.07007,  -0.074010, 0.50000,0.50014,0.50466,
unit_sel, 54439133.028, 0, 0,  0, 0,  -0.0045192,  6.00000,0.00010,6.00000,0.00010,0.00000,  5.99990,5.99990,   13.07216,0.07596,0.07589,  1, 6.00000,6.00000, 1, 6.00000,  1, 13.48218,13.07000, 1, 13.07000,   0.00,25.00, 1, 25.00, 256, 256,   0.000,  -0.003,
unit_sim,  54439133.028, 25.00000,25.00000, 13.80000,13.07000,0.00000,13.07000,   0.000,  0.000,  0,    0.000000,-180000.0, 180000.0, 360000.0,   0.50000, 0, 
pro_20220821, 2022-08-21T07:58:47,  54439133.028,10.000,   0,  0,  7,  25.00,13.07000,6.00000,    13.80000,0.07380,12.99605,13.07007,  -0.074017, 0.50000,0.50015,0.50483,
unit_sel, 54439143.027, 0, 0,  0, 0,  -0.0046806,  6.00000,0.00010,6.00000,0.00010,0.00000,  5.99990,5.99990,   13.07225,0.07605,0.07597,  1, 6.00000,6.00000, 1, 6.00000,  1, 13.48218,13.07000, 1, 13.07000,   0.00,25.00, 1, 25.00, 256, 256,   0.000,  -0.003,
unit_sim,  54439143.027, 25.00000,25.00000, 13.80000,13.07000,0.00000,13.07000,   0.000,  0.000,  0,    0.000000,-180000.0, 180000.0, 360000.0,   0.50000, 0, 
pro_20220821, 2022-08-21T07:58:57,  54439143.027,10.000,   0,  0,  7,  25.00,13.07000,6.00000,    13.80000,0.07380,12.99605,13.07008,  -0.074026, 0.50000,0.50015,0.50499,
unit_sel, 54439153.028, 0, 0,  0, 0,  -0.0048420,  6.00000,0.00010,6.00000,0.00010,0.00000,  5.99990,5.99990,   13.07233,0.07613,0.07605,  1, 6.00000,6.00000, 1, 6.00000,  1, 13.48218,13.07000, 1, 13.07000,   0.00,25.00, 1, 25.00, 256, 256,   0.000,  -0.003,
unit_sim,  54439153.028, 25.00000,25.00000, 13.80000,13.07000,0.00000,13.07000,   0.000,  0.000,  0,    0.000000,-180000.0, 180000.0, 360000.0,   0.50000, 0, 
pro_20220821, 2022-08-21T07:59:07,  54439153.028,10.000,   0,  0,  7,  25.00,13.07000,6.00000,    13.80000,0.07380,12.99605,13.07008,  -0.074033, 0.50000,0.50016,0.50516,
Sel chg:  Amp->bare=0, NoAmp->bare=0, ib_dif_fa=1, wh_fa=0, wl_fa=0, wv_fa=0, ccd_fa_=9, rp.ib_select=0, ib_sel_stat=-1, vb_sel_stat=1, Vb_fail=0,
Small reset
unit_sel, 54439163.027, 0, 0,  0, 0,  -0.0050034,  6.00000,0.00010,6.00000,0.00010,0.00000,  5.99990,5.99990,   13.07241,0.07621,0.07614,  -1, 0.00010,0.00010, 1, 0.00010,  1, 13.48218,13.07000, 1, 13.07000,   0.00,25.00, 1, 25.00, 256, 272,   0.000,  -0.003,
unit_sim,  54439163.027, 25.00000,25.00000, 13.80000,13.07000,0.00000,13.07000,   0.000,  0.000,  0,    0.000000,-180000.0, 180000.0, 360000.0,   0.50000, 0, 
pro_20220821, 2022-08-21T07:59:17,  54439163.027,10.000,   0,  0,  7,  25.00,13.07000,0.00010,    13.80000,0.00000,13.06984,13.07008,  -0.000234, 0.50000,0.50016,0.50516,
soft reset...
unit_sel, 54439163.102, 1, 0,  0, 0,  -0.0050034,  6.00000,0.00010,6.00000,0.00010,0.00000,  5.99990,5.99990,   13.07250,0.00250,0.00250,  -1, 0.00010,0.00010, 1, 0.00010,  1, 13.48648,13.07000, 1, 13.07000,   0.00,25.00, 1, 25.00, 256, 272,   0.000,   0.000,
unit_sim,  54439163.102, 25.00000,25.00000, 13.80000,13.07000,0.00000,13.07000,   0.000,  0.000,  0,    0.000000,-180000.0, 180000.0, 360000.0,   0.50000, 1, 
unit,               hm,                  cTime,       dt,       sat,sel,mod,  Tb,  Vb,  Ib,        Vsat,dV_dyn,Voc_stat,Voc_ekf,     y_ekf,    soc_m,soc_ekf,soc,,
unit_m,  c_time,       Tb_m,Tbl_m,  vsat_m, voc_stat_m, dv_dyn_m, vb_m, ib_m, ib_in_m, sat_m, ddq_m, dq_m, q_m, qcap_m, soc_m, reset_m,
unit_s,c_time,res,user_sel,   m_bare,n_bare,  cc_dif,  ibmh,ibnh,ibmm,ibnm,ibm,   ib_dif,ib_dif_f,    voc_tab,e_w,e_w_f,  ib_sel,Ib_h,Ib_m,mib,Ib_s, vb_sel,Vb_h,Vb_m,mvb,Vb_s,  Tb_h,Tb_s,mtb,Tb_f,   fltw, falw, ib_rate, ib_quiet,
pro_20220821, 2022-08-21T07:59:17,  54439163.102, 0.074,   0,  0,  7,  25.00,13.07000,0.00010,    13.80000,0.00000,13.07000,13.07000,  -0.000000, 0.50000,0.50000,0.50000,
unit_sel, 54439173.101, 0, 0,  0, 0,   0.0000000,  6.00000,0.00010,6.00000,0.00010,0.00000,  5.99990,5.99990,   13.07258,0.00258,0.00254,  -1, 0.00010,0.00010, 1, 0.00010,  1, 13.48218,13.07000, 1, 13.07000,   0.00,25.00, 1, 25.00, 256, 256,   0.000,   0.000,
unit_sim,  54439173.101, 25.00000,25.00000, 13.80000,13.07000,0.00000,13.07000,   0.000,  0.000,  0,    0.000000,-180000.0, 180000.0, 360000.0,   0.50000, 0, 
pro_20220821, 2022-08-21T07:59:27,  54439173.101,10.000,   0,  0,  7,  25.00,13.07000,0.00010,    13.80000,0.00000,13.07000,13.07000,  -0.000001, 0.50000,0.50000,0.50000,
unit_sel, 54439183.102, 0, 0,  0, 0,  -0.0000000,  6.00000,0.00010,6.00000,0.00010,0.00000,  5.99990,5.99990,   13.07258,0.00258,0.00256,  -1, 0.00010,0.00010, 1, 0.00010,  1, 13.49079,13.07000, 1, 13.07000,   0.00,25.00, 1, 25.00, 256, 256,   0.000,   0.000,
unit_sim,  54439183.102, 25.00000,25.00000, 13.80000,13.07000,0.00000,13.07000,   0.000,  0.000,  0,    0.000000,-180000.0, 180000.0, 360000.0,   0.50000, 0, 
pro_20220821, 2022-08-21T07:59:37,  54439183.102,10.000,   0,  0,  7,  25.00,13.07000,0.00010,    13.80000,0.00000,13.07000,13.07000,  -0.000001, 0.50000,0.50000,0.50000,
unit_sel, 54439193.101, 0, 0,  0, 0,  -0.0000000,  6.00000,0.00010,6.00000,0.00010,0.00000,  5.99990,5.99990,   13.07000,0.00000,0.00123,  -1, 0.00010,0.00010, 1, 0.00010,  1, 13.48218,13.07000, 1, 13.07000,   0.00,25.00, 1, 25.00, 256, 256,   0.000,   0.000,
unit_sim,  54439193.101, 25.00000,25.00000, 13.80000,13.07000,0.00000,13.07000,   0.000,  0.000,  0,    0.000000,-180000.0, 180000.0, 360000.0,   0.50000, 0, 
pro_20220821, 2022-08-21T07:59:47,  54439193.101,10.000,   0,  0,  7,  25.00,13.07000,0.00010,    13.80000,0.00000,13.07000,13.07000,  -0.000001, 0.50000,0.50000,0.50000,
unit_sel, 54439203.101, 0, 0,  0, 0,  -0.0000000,  6.00000,0.00010,6.00000,0.00010,0.00000,  5.99990,5.99990,   13.07000,0.00000,0.00059,  -1, 0.00010,0.00010, 1, 0.00010,  1, 13.48218,13.07000, 1, 13.07000,   0.00,25.00, 1, 25.00, 256, 256,   0.000,   0.000,
unit_sim,  54439203.101, 25.00000,25.00000, 13.80000,13.07000,0.00000,13.07000,   0.000,  0.000,  0,    0.000000,-180000.0, 180000.0, 360000.0,   0.50000, 0, 
pro_20220821, 2022-08-21T07:59:57,  54439203.101,10.000,   0,  0,  7,  25.00,13.07000,0.00010,    13.80000,0.00000,13.07000,13.07000,  -0.000001, 0.50000,0.50000,0.50000,
unit_sel, 54439213.101, 0, 0,  0, 0,  -0.0000000,  6.00000,0.00010,6.00000,0.00010,0.00000,  5.99990,5.99990,   13.07000,0.00000,0.00029,  -1, 0.00010,0.00010, 1, 0.00010,  1, 13.48218,13.07000, 1, 13.07000,   0.00,25.00, 1, 25.00, 256, 256,   0.000,   0.000,
unit_sim,  54439213.101, 25.00000,25.00000, 13.80000,13.07000,0.00000,13.07000,   0.000,  0.000,  0,    0.000000,-180000.0, 180000.0, 360000.0,   0.50000, 0, 
pro_20220821, 2022-08-21T08:00:07,  54439213.101,10.000,   0,  0,  7,  25.00,13.07000,0.00010,    13.80000,0.00000,13.07000,13.07000,  -0.000001, 0.50000,0.50000,0.50000,
unit_sel, 54439223.101, 0, 0,  0, 0,  -0.0000000,  6.00000,0.00010,6.00000,0.00010,0.00000,  5.99990,5.99990,   13.07000,0.00000,0.00014,  -1, 0.00010,0.00010, 1, 0.00010,  1, 13.47787,13.07000, 1, 13.07000,   0.00,25.00, 1, 25.00, 256, 256,   0.000,   0.000,
unit_sim,  54439223.101, 25.00000,25.00000, 13.80000,13.07000,0.00000,13.07000,   0.000,  0.000,  0,    0.000000,-180000.0, 180000.0, 360000.0,   0.50000, 0, 
pro_20220821, 2022-08-21T08:00:17,  54439223.101,10.000,   0,  0,  7,  25.00,13.07000,0.00010,    13.80000,0.00000,13.07000,13.07000,  -0.000001, 0.50000,0.50000,0.50000,
unit_sel, 54439233.101, 0, 0,  0, 0,  -0.0000001,  6.00000,0.00010,6.00000,0.00010,0.00000,  5.99990,5.99990,   13.07000,0.00000,0.00007,  -1, 0.00010,0.00010, 1, 0.00010,  1, 13.48218,13.07000, 1, 13.07000,   0.00,25.00, 1, 25.00, 256, 256,   0.000,   0.000,
unit_sim,  54439233.101, 25.00000,25.00000, 13.80000,13.07000,0.00000,13.07000,   0.000,  0.000,  0,    0.000000,-180000.0, 180000.0, 360000.0,   0.50000, 0, 
pro_20220821, 2022-08-21T08:00:27,  54439233.101,10.000,   0,  0,  7,  25.00,13.07000,0.00010,    13.80000,0.00000,13.07000,13.07000,  -0.000001, 0.50000,0.50000,0.50000,
unit_sel, 54439243.102, 0, 0,  0, 0,  -0.0000001,  6.00000,0.00010,6.00000,0.00010,0.00000,  5.99990,5.99990,   13.07000,0.00000,0.00003,  -1, 0.00010,0.00010, 1, 0.00010,  1, 13.48648,13.07000, 1, 13.07000,   0.00,25.00, 1, 25.00, 256, 256,   0.000,   0.000,
unit_sim,  54439243.102, 25.00000,25.00000, 13.80000,13.07000,0.00000,13.07000,   0.000,  0.000,  0,    0.000000,-180000.0, 180000.0, 360000.0,   0.50000, 0, 
pro_20220821, 2022-08-21T08:00:37,  54439243.102,10.000,   0,  0,  7,  25.00,13.07000,0.00010,    13.80000,0.00000,13.07000,13.07000,  -0.000001, 0.50000,0.50000,0.50000,
unit_sel, 54439253.101, 0, 0,  0, 0,  -0.0000001,  6.00000,0.00010,6.00000,0.00010,0.00000,  5.99990,5.99990,   13.07000,0.00000,0.00002,  -1, 0.00010,0.00010, 1, 0.00010,  1, 13.48218,13.07000, 1, 13.07000,   0.00,25.00, 1, 25.00, 256, 256,   0.000,   0.000,
unit_sim,  54439253.101, 25.00000,25.00000, 13.80000,13.07000,0.00000,13.07000,   0.000,  0.000,  0,    0.000000,-180000.0, 180000.0, 360000.0,   0.50000, 0, 
pro_20220821, 2022-08-21T08:00:47,  54439253.101,10.000,   0,  0,  7,  25.00,13.07000,0.00010,    13.80000,0.00000,13.07000,13.07000,  -0.000001, 0.50000,0.50000,0.50000,
unit_sel, 54439263.101, 0, 0,  0, 0,  -0.0000001,  6.00000,0.00010,6.00000,0.00010,0.00000,  5.99990,5.99990,   13.07000,0.00000,0.00001,  -1, 0.00010,0.00010, 1, 0.00010,  1, 13.48218,13.07000, 1, 13.07000,   0.00,25.00, 1, 25.00, 256, 256,   0.000,   0.000,
unit_sim,  54439263.101, 25.00000,25.00000, 13.80000,13.07000,0.00000,13.07000,   0.000,  0.000,  0,    0.000000,-180000.0, 180000.0, 360000.0,   0.50000, 0, 
pro_20220821, 2022-08-21T08:00:57,  54439263.101,10.000,   0,  0,  7,  25.00,13.07000,0.00010,    13.80000,0.00000,13.07000,13.07000,  -0.000001, 0.50000,0.50000,0.50000,
unit_sel, 54439273.101, 0, 0,  0, 0,  -0.0000001,  6.00000,0.00010,6.00000,0.00010,0.00000,  5.99990,5.99990,   13.07000,0.00000,0.00000,  -1, 0.00010,0.00010, 1, 0.00010,  1, 13.49079,13.07000, 1, 13.07000,   0.00,25.00, 1, 25.00, 256, 256,   0.000,   0.000,
unit_sim,  54439273.101, 25.00000,25.00000, 13.80000,13.07000,0.00000,13.07000,   0.000,  0.000,  0,    0.000000,-180000.0, 180000.0, 360000.0,   0.50000, 0, 
pro_20220821, 2022-08-21T08:01:07,  54439273.101,10.000,   0,  0,  7,  25.00,13.07000,0.00010,    13.80000,0.00000,13.07000,13.07000,  -0.000001, 0.50000,0.50000,0.50000,
unit_sel, 54439283.101, 0, 0,  0, 0,  -0.0000001,  6.00000,0.00010,6.00000,0.00010,0.00000,  5.99990,5.99990,   13.07000,0.00000,0.00000,  -1, 0.00010,0.00010, 1, 0.00010,  1, 13.48218,13.07000, 1, 13.07000,   0.00,25.00, 1, 25.00, 256, 256,   0.000,   0.000,
unit_sim,  54439283.101, 25.00000,25.00000, 13.80000,13.07000,0.00000,13.07000,   0.000,  0.000,  0,    0.000000,-180000.0, 180000.0, 360000.0,   0.50000, 0, 
pro_20220821, 2022-08-21T08:01:17,  54439283.101,10.000,   0,  0,  7,  25.00,13.07000,0.00010,    13.80000,0.00000,13.07000,13.07000,  -0.000001, 0.50000,0.50000,0.50000,
unit_sel, 54439293.101, 0, 0,  0, 0,  -0.0000001,  6.00000,0.00010,6.00000,0.00010,0.00000,  5.99990,5.99990,   13.07000,0.00000,0.00000,  -1, 0.00010,0.00010, 1, 0.00010,  1, 13.48218,13.07000, 1, 13.07000,   0.00,25.00, 1, 25.00, 256, 256,   0.000,   0.000,
unit_sim,  54439293.101, 25.00000,25.00000, 13.80000,13.07000,0.00000,13.07000,   0.000,  0.000,  0,    0.000000,-180000.0, 180000.0, 360000.0,   0.50000, 0, 
pro_20220821, 2022-08-21T08:01:27,  54439293.101,10.000,   0,  0,  7,  25.00,13.07000,0.00010,    13.80000,0.00000,13.07000,13.07000,  -0.000001, 0.50000,0.50000,0.50000,
unit_sel, 54439303.101, 0, 0,  0, 0,  -0.0000001,  6.00000,0.00010,6.00000,0.00010,0.00000,  5.99990,5.99990,   13.07000,0.00000,0.00000,  -1, 0.00010,0.00010, 1, 0.00010,  1, 13.48218,13.07000, 1, 13.07000,   0.00,25.00, 1, 25.00, 256, 256,   0.000,   0.000,
unit_sim,  54439303.101, 25.00000,25.00000, 13.80000,13.07000,0.00000,13.07000,   0.000,  0.000,  0,    0.000000,-180000.0, 180000.0, 360000.0,   0.50000, 0, 
pro_20220821, 2022-08-21T08:01:37,  54439303.101,10.000,   0,  0,  7,  25.00,13.07000,0.00010,    13.80000,0.00000,13.07000,13.07000,  -0.000001, 0.50000,0.50000,0.50000,
unit_sel, 54439313.102, 0, 0,  0, 0,  -0.0000001,  6.00000,0.00010,6.00000,0.00010,0.00000,  5.99990,5.99990,   13.07000,0.00000,0.00000,  -1, 0.00010,0.00010, 1, 0.00010,  1, 13.48648,13.07000, 1, 13.07000,   0.00,25.00, 1, 25.00, 256, 256,   0.000,   0.000,
unit_sim,  54439313.102, 25.00000,25.00000, 13.80000,13.07000,0.00000,13.07000,   0.000,  0.000,  0,    0.000000,-180000.0, 180000.0, 360000.0,   0.50000, 0, 
pro_20220821, 2022-08-21T08:01:47,  54439313.102,10.000,   0,  0,  7,  25.00,13.07000,0.00010,    13.80000,0.00000,13.07000,13.07000,  -0.000001, 0.50000,0.50000,0.50000,
unit_sel, 54439323.101, 0, 0,  0, 0,  -0.0000001,  6.00000,0.00010,6.00000,0.00010,0.00000,  5.99990,5.99990,   13.07000,0.00000,0.00000,  -1, 0.00010,0.00010, 1, 0.00010,  1, 13.48218,13.07000, 1, 13.07000,   0.00,25.00, 1, 25.00, 256, 256,   0.000,   0.000,
unit_sim,  54439323.101, 25.00000,25.00000, 13.80000,13.07000,0.00000,13.07000,   0.000,  0.000,  0,    0.000000,-180000.0, 180000.0, 360000.0,   0.50000, 0, 
pro_20220821, 2022-08-21T08:01:57,  54439323.101,10.000,   0,  0,  7,  25.00,13.07000,0.00010,    13.80000,0.00000,13.07000,13.07000,  -0.000001, 0.50000,0.50000,0.50000,
unit_sel, 54439333.102, 0, 0,  0, 0,  -0.0000001,  6.00000,0.00010,6.00000,0.00010,0.00000,  5.99990,5.99990,   13.07000,0.00000,0.00000,  -1, 0.00010,0.00010, 1, 0.00010,  1, 13.48218,13.07000, 1, 13.07000,   0.00,25.00, 1, 25.00, 256, 256,   0.000,   0.000,
unit_sim,  54439333.102, 25.00000,25.00000, 13.80000,13.07000,0.00000,13.07000,   0.000,  0.000,  0,    0.000000,-180000.0, 180000.0, 360000.0,   0.50000, 0, 
pro_20220821, 2022-08-21T08:02:07,  54439333.102,10.000,   0,  0,  7,  25.00,13.07000,0.00010,    13.80000,0.00000,13.07000,13.07000,  -0.000001, 0.50000,0.50000,0.50000,
unit_sel, 54439343.102, 0, 0,  0, 0,  -0.0000001,  6.00000,0.00010,6.00000,0.00010,0.00000,  5.99990,5.99990,   13.07000,0.00000,0.00000,  -1, 0.00010,0.00010, 1, 0.00010,  1, 13.49079,13.07000, 1, 13.07000,   0.00,25.00, 1, 25.00, 256, 256,   0.000,   0.000,
unit_sim,  54439343.102, 25.00000,25.00000, 13.80000,13.07000,0.00000,13.07000,   0.000,  0.000,  0,    0.000000,-180000.0, 180000.0, 360000.0,   0.50000, 0, 
pro_20220821, 2022-08-21T08:02:17,  54439343.102,10.000,   0,  0,  7,  25.00,13.07000,0.00010,    13.80000,0.00000,13.07000,13.07000,  -0.000001, 0.50000,0.50000,0.50000,
unit_sel, 54439353.102, 0, 0,  0, 0,  -0.0000002,  6.00000,0.00010,6.00000,0.00010,0.00000,  5.99990,5.99990,   13.07000,0.00000,0.00000,  -1, 0.00010,0.00010, 1, 0.00010,  1, 13.48648,13.07000, 1, 13.07000,   0.00,25.00, 1, 25.00, 256, 256,   0.000,   0.000,
unit_sim,  54439353.102, 25.00000,25.00000, 13.80000,13.07000,0.00000,13.07000,   0.000,  0.000,  0,    0.000000,-180000.0, 180000.0, 360000.0,   0.50000, 0, 
pro_20220821, 2022-08-21T08:02:27,  54439353.102,10.000,   0,  0,  7,  25.00,13.07000,0.00010,    13.80000,0.00000,13.07000,13.07000,  -0.000001, 0.50000,0.50000,0.50000,
unit_sel, 54439363.102, 0, 0,  0, 0,  -0.0000002,  6.00000,0.00010,6.00000,0.00010,0.00000,  5.99990,5.99990,   13.07000,0.00000,0.00000,  -1, 0.00010,0.00010, 1, 0.00010,  1, 13.48218,13.07000, 1, 13.07000,   0.00,25.00, 1, 25.00, 256, 256,   0.000,   0.000,
unit_sim,  54439363.102, 25.00000,25.00000, 13.80000,13.07000,0.00000,13.07000,   0.000,  0.000,  0,    0.000000,-180000.0, 180000.0, 360000.0,   0.50000, 0, 
pro_20220821, 2022-08-21T08:02:37,  54439363.102,10.000,   0,  0,  7,  25.00,13.07000,0.00010,    13.80000,0.00000,13.07000,13.07000,  -0.000001, 0.50000,0.50000,0.50000,
unit_sel, 54439373.102, 0, 0,  0, 0,  -0.0000002,  6.00000,0.00010,6.00000,0.00010,0.00000,  5.99990,5.99990,   13.07000,0.00000,0.00000,  -1, 0.00010,0.00010, 1, 0.00010,  1, 13.48218,13.07000, 1, 13.07000,   0.00,25.00, 1, 25.00, 256, 256,   0.000,   0.000,
unit_sim,  54439373.102, 25.00000,25.00000, 13.80000,13.07000,0.00000,13.07000,   0.000,  0.000,  0,    0.000000,-180000.0, 180000.0, 360000.0,   0.50000, 0, 
pro_20220821, 2022-08-21T08:02:47,  54439373.102,10.000,   0,  0,  7,  25.00,13.07000,0.00010,    13.80000,0.00000,13.07000,13.07000,  -0.000001, 0.50000,0.50000,0.50000,
unit_sel, 54439383.102, 0, 0,  0, 0,  -0.0000002,  6.00000,0.00010,6.00000,0.00010,0.00000,  5.99990,5.99990,   13.07000,0.00000,0.00000,  -1, 0.00010,0.00010, 1, 0.00010,  1, 13.48648,13.07000, 1, 13.07000,   0.00,25.00, 1, 25.00, 256, 256,   0.000,   0.000,
unit_sim,  54439383.102, 25.00000,25.00000, 13.80000,13.07000,0.00000,13.07000,   0.000,  0.000,  0,    0.000000,-180000.0, 180000.0, 360000.0,   0.50000, 0, 
pro_20220821, 2022-08-21T08:02:57,  54439383.102,10.000,   0,  0,  7,  25.00,13.07000,0.00010,    13.80000,0.00000,13.07000,13.07000,  -0.000001, 0.50000,0.50000,0.50000,
unit_sel, 54439393.101, 0, 0,  0, 0,  -0.0000002,  6.00000,0.00010,6.00000,0.00010,0.00000,  5.99990,5.99990,   13.07000,0.00000,0.00000,  -1, 0.00010,0.00010, 1, 0.00010,  1, 13.48648,13.07000, 1, 13.07000,   0.00,25.00, 1, 25.00, 256, 256,   0.000,   0.000,
unit_sim,  54439393.101, 25.00000,25.00000, 13.80000,13.07000,0.00000,13.07000,   0.000,  0.000,  0,    0.000000,-180000.0, 180000.0, 360000.0,   0.50000, 0, 
pro_20220821, 2022-08-21T08:03:07,  54439393.101,10.000,   0,  0,  7,  25.00,13.07000,0.00010,    13.80000,0.00000,13.07000,13.07000,  -0.000001, 0.50000,0.50000,0.50000,
echo:  Dm0, 4
echo:  Dn0, 4
echo:  Rf, 4
echo:  W2, 4
echo:  +v0, 3
echo:  Dr100, 4
echo:  Dp400, 4
echo:  Sf1, 4
unit_sel, 54439403.102, 0, 0,  0, 0,  -0.0000002,  6.00000,0.00010,6.00000,0.00010,0.00000,  5.99990,5.99990,   13.07000,0.00000,0.00000,  -1, 0.00010,0.00010, 1, 0.00010,  1, 13.48218,13.07000, 1, 13.07000,   0.00,25.00, 1, 25.00, 256, 256,   0.000,   0.000,
unit_sim,  54439403.102, 25.00000,25.00000, 13.80000,13.07000,0.00000,13.07000,   0.000,  0.000,  0,    0.000000,-180000.0, 180000.0, 360000.0,   0.50000, 0, 
pro_20220821, 2022-08-21T08:03:17,  54439403.102,10.000,   0,  0,  7,  25.00,13.07000,0.00010,    13.80000,0.00000,13.07000,13.07000,  -0.000001, 0.50000,0.50000,0.50000,
echo:  Dm0, 0
ShuntAmp.add    6.000 to   0.000
unit_sel, 54439413.101, 0, 0,  0, 0,  -0.0000002,  0.00000,0.00010,0.00000,0.00010,0.00000,  -0.00010,-0.00010,   13.07000,0.00000,0.00000,  -1, 0.00010,0.00010, 1, 0.00010,  1, 13.48648,13.07000, 1, 13.07000,   0.00,25.00, 1, 25.00, 0, 0,  -4.960,  -0.335,
unit_sim,  54439413.101, 25.00000,25.00000, 13.80000,13.07000,0.00000,13.07000,   0.000,  0.000,  0,    0.000000,-180000.0, 180000.0, 360000.0,   0.50000, 0, 
pro_20220821, 2022-08-21T08:03:27,  54439413.101,10.000,   0,  0,  7,  25.00,13.07000,0.00010,    13.80000,0.00000,13.07000,13.07000,  -0.000001, 0.50000,0.50000,0.50000,
echo:  Dn0, 0
ShuntNoAmp.add   0.000 to   0.000
unit_sel, 54439423.101, 0, 0,  0, 0,  -0.0000002,  0.00000,0.00000,0.00000,0.00000,0.00000,  0.00000,0.00000,   13.07000,0.00000,0.00000,  -1, 0.00000,0.00000, 1, 0.00000,  1, 13.48648,13.07000, 1, 13.07000,   0.00,25.00, 1, 25.00, 0, 0,  -5.000,  -0.937,
unit_sim,  54439423.101, 25.00000,25.00000, 13.80000,13.07000,0.00000,13.07000,   0.000,  0.000,  0,    0.000000,-180000.0, 180000.0, 360000.0,   0.50000, 0, 
pro_20220821, 2022-08-21T08:03:37,  54439423.101,10.000,   0,  0,  7,  25.00,13.07000,0.00000,    13.80000,0.00000,13.07000,13.07000,   0.000000, 0.50000,0.50000,0.50000,
echo:  Rf, 0
Reset flt latches
reset ib flt
reset vb flts
unit_sel, 54439433.102, 0, 0,  0, 0,  -0.0000002,  0.00000,0.00000,0.00000,0.00000,0.00000,  0.00000,0.00000,   13.07000,0.00000,0.00000,  1, 0.00000,0.00000, 1, 0.00000,  1, 13.49079,13.07000, 1, 13.07000,   0.00,25.00, 1, 25.00, 0, 0,  -4.530,  -4.530,
unit_sim,  54439433.102, 25.00000,25.00000, 13.80000,13.07000,0.00000,13.07000,   0.000,  0.000,  0,    0.000000,-180000.0, 180000.0, 360000.0,   0.50000, 0, 
pro_20220821, 2022-08-21T08:03:47,  54439433.102,10.000,   0,  0,  7,  25.00,13.07000,0.00000,    13.80000,0.00000,13.07000,13.07000,   0.000000, 0.50000,0.50000,0.50000,
echo:  W2, 0
unit_sel, 54439443.102, 0, 0,  0, 0,  -0.0000002,  0.00000,0.00000,0.00000,0.00000,0.00000,  0.00000,0.00000,   13.07000,0.00000,0.00000,  1, 0.00000,0.00000, 1, 0.00000,  1, 13.48218,13.07000, 1, 13.07000,   0.00,25.00, 1, 25.00, 0, 0,  -2.486,  -4.392,
unit_sim,  54439443.102, 25.00000,25.00000, 13.80000,13.07000,0.00000,13.07000,   0.000,  0.000,  0,    0.000000,-180000.0, 180000.0, 360000.0,   0.50000, 0, 
pro_20220821, 2022-08-21T08:03:57,  54439443.102,10.000,   0,  0,  7,  25.00,13.07000,0.00000,    13.80000,0.00000,13.07000,13.07000,   0.000000, 0.50000,0.50000,0.50000,
echo:  W, 0
.....Wait...
unit_sel, 54439453.101, 0, 0,  0, 0,  -0.0000002,  0.00000,0.00000,0.00000,0.00000,0.00000,  0.00000,0.00000,   13.07000,0.00000,0.00000,  1, 0.00000,0.00000, 1, 0.00000,  1, 13.48648,13.07000, 1, 13.07000,   0.00,25.00, 1, 25.00, 0, 0,  -1.364,  -4.069,
unit_sim,  54439453.101, 25.00000,25.00000, 13.80000,13.07000,0.00000,13.07000,   0.000,  0.000,  0,    0.000000,-180000.0, 180000.0, 360000.0,   0.50000, 0, 
pro_20220821, 2022-08-21T08:04:07,  54439453.101,10.000,   0,  0,  7,  25.00,13.07000,0.00000,    13.80000,0.00000,13.07000,13.07000,   0.000000, 0.50000,0.50000,0.50000,
echo:  W, 0
.....Wait...
unit_sel, 54439463.101, 0, 0,  0, 0,  -0.0000002,  0.00000,0.00000,0.00000,0.00000,0.00000,  0.00000,0.00000,   13.07000,0.00000,0.00000,  1, 0.00000,0.00000, 1, 0.00000,  1, 13.48648,13.07000, 1, 13.07000,   0.00,25.00, 1, 25.00, 0, 0,  -0.749,  -3.656,
unit_sim,  54439463.101, 25.00000,25.00000, 13.80000,13.07000,0.00000,13.07000,   0.000,  0.000,  0,    0.000000,-180000.0, 180000.0, 360000.0,   0.50000, 0, 
pro_20220821, 2022-08-21T08:04:17,  54439463.101,10.000,   0,  0,  7,  25.00,13.07000,0.00000,    13.80000,0.00000,13.07000,13.07000,   0.000000, 0.50000,0.50000,0.50000,
echo:  v0, 0
echo:  Dr100, 0
ReadSensors 10000 to 100
echo:  Dp400, 0
PublishSerial 10000 to 400
echo:  Sf1, 0
cc_diff scl   0.050 to   1.000
