echo:  Xm7, 4
echo:  Ca0.5, 4
echo:  v26, 4
echo:  W2, 4
echo:  Dr10000, 4
echo:  DP1, 4
echo:  Dm6, 4
echo:  Dn0.0001, 4
echo:  Ff.05, 4
echo:  Xm7, 0
modeling 7 to 7
Modeling 7
tweak_test 0
mod_ib 1
mod_vb 1
mod_tb 1
echo:  Ca0.5, 0
soc=  0.500, modeling = 7, delta_q=-180000.000, soc_model=  0.5000,   delta_q_model=-180000.000, soc_ekf=  0.5004, delta_q_ekf=-179842.363,
soft reset...
echo:  W3, 0
echo:  W, 0
..Wait.
echo:  W, 0
..Wait.
echo:  W, 0
..Wait.
echo:  v26, 0
unit,               hm,                  cTime,       dt,       sat,sel,mod,  Tb,  Vb,  Ib,   ioc,     Vsat,dV_dyn,Voc_stat,Voc_ekf,     y_ekf,    soc_m,soc_ekf,soc,
unit_m,  c_time,       Tb_m,Tbl_m,  vsat_m, voc_stat_m, dv_dyn_m, vb_m, ib_m, ib_in_m, ioc_m, sat_m, dq_m, soc_m, reset_m,
unit_s,c_time,res,user_sel,   cc_dif,  ibmh,ibnh,ibmm,ibnm,ibm,   ib_diff, ib_diff_f,    voc_soc,e_w,e_w_f,  ib_sel,Ib_h,Ib_m,mib,Ib_s, vb_sel,Vb_h,Vb_m,mvb,Vb_s,  Tb_h,Tb_s,mtb,Tb_f,   fltw, falw, ib_rate, ib_quiet, tb_sel, ccd_thr, ewh_thr, ewl_thr, ibd_thr, ibq_thr,
echo:  W2, 0
echo:  W, 0
..Wait.
echo:  W, 0
..Wait.
unit_sel, 55620261.277, 0, 0,  -0.0000000,  0.00000,0.00000,0.00000,0.00000,0.00000,  0.00000,0.00000,   13.30500,0.00000,0.01173,  1, 0.00000,0.00000, 1, 0.00000,  1, 13.51663,13.30500, 1, 13.30500,   0.00,25.00, 1, 25.00, 0, 0,   0.000,   0.000, 1,   0.200,  0.394, -0.246, 10.000,  0.005,
unit_sim,  55620261.277, 25.00000,25.00000, 13.80000,13.30500,0.00000,13.30500,   0.000,  0.000,  0.000,  0,  -180000.0,   0.50000, 0, 
pro_20220903, 2022-09-04T13:33:56,  55620261.277, 0.100,   0,  0,  7,  25.0,13.305,     0.000,     0.000,    13.80000,0.00000,13.30500,13.30500,   0.000000, 0.50000,0.50000,0.50000,
echo:  Dr10000, 0
ReadSensors 100 to 10000
echo:  DP1, 0
Print interval 4 to 1
unit_sel, 55620281.277, 0, 0,  -0.0000000,  0.00000,0.00000,0.00000,0.00000,0.00000,  0.00000,0.00000,   13.30500,0.00000,0.00272,  1, 0.00000,0.00000, 1, 0.00000,  1, 13.52524,13.30500, 1, 13.30500,   0.00,25.00, 1, 25.00, 0, 0,   0.000,   0.000, 1,   0.200,  0.394, -0.246, 10.000,  0.005,
unit_sim,  55620281.277, 25.00000,25.00000, 13.80000,13.30500,0.00000,13.30500,   0.000,  0.000,  0.000,  0,  -180000.0,   0.50000, 0, 
pro_20220903, 2022-09-04T13:34:16,  55620281.277,10.000,   0,  0,  7,  25.0,13.305,     0.000,     0.000,    13.80000,0.00000,13.30500,13.30500,   0.000000, 0.50000,0.50000,0.50000,
echo:  Dm6, 0
ShuntAmp.add    0.000 to   6.000
unit_sel, 55620291.277, 0, 0,  -0.0000000,  6.00000,0.00000,6.00000,0.00000,0.00000,  6.00000,6.00000,   13.30500,0.00000,0.00131,  1, 6.00000,6.00000, 1, 6.00000,  1, 13.51663,13.30500, 1, 13.30500,   0.00,25.00, 1, 25.00, 0, 0,   4.931,   0.355, 1,   0.200,  0.394, -0.246, 10.000,  0.005,
unit_sim,  55620291.277, 25.00000,25.00000, 13.80000,13.30500,0.00000,13.30500,   0.000,  0.000,  0.000,  0,  -180000.0,   0.50000, 0, 
pro_20220903, 2022-09-04T13:34:26,  55620291.277,10.000,   0,  0,  7,  25.0,13.305,     6.000,     0.000,    13.80000,0.01800,13.28700,13.30500,  -0.018006, 0.50000,0.50000,0.50016,
echo:  Dn0.0001, 0
ShuntNoAmp.add   0.000 to   0.000
unit_sel, 55620301.278, 0, 0,  -0.0001613,  6.00000,0.00010,6.00000,0.00010,0.00000,  5.99990,5.99990,   13.30500,0.01800,0.00996,  1, 6.00000,6.00000, 1, 6.00000,  1, 13.52954,13.30500, 1, 13.30500,   0.00,25.00, 1, 25.00, 0, 0,   5.000,   0.985, 1,   0.200,  0.394, -0.246, 10.000,  0.005,
unit_sim,  55620301.278, 25.00000,25.00000, 13.80000,13.30500,0.00000,13.30500,   0.000,  0.000,  0.000,  0,  -180000.0,   0.50000, 0, 
pro_20220903, 2022-09-04T13:34:36,  55620301.278,10.000,   0,  0,  7,  25.0,13.305,     6.000,     0.000,    13.80000,0.03305,13.27194,13.30500,  -0.033066, 0.50000,0.50001,0.50033,
echo:  Ff.05, 0
cc_diff scl   1.000 to   0.050
unit_sel, 55620311.277, 0, 0,  -0.0003225,  6.00000,0.00010,6.00000,0.00010,0.00000,  5.99990,5.99990,   13.30500,0.03305,0.02194,  1, 6.00000,6.00000, 1, 6.00000,  1, 13.52524,13.30500, 1, 13.30500,   0.00,25.00, 1, 25.00, 0, 0,   4.355,   1.534, 1,   0.010,  0.394, -0.246, 10.000,  0.005,
unit_sim,  55620311.277, 25.00000,25.00000, 13.80000,13.30500,0.00000,13.30500,   0.000,  0.000,  0.000,  0,  -180000.0,   0.50000, 0, 
pro_20220903, 2022-09-04T13:34:46,  55620311.277,10.000,   0,  0,  7,  25.0,13.305,     6.000,     0.001,    13.80000,0.02504,13.27994,13.30501,  -0.025061, 0.50000,0.50001,0.50050,
unit_sel, 55620321.277, 0, 0,  -0.0004837,  6.00000,0.00010,6.00000,0.00010,0.00000,  5.99990,5.99990,   13.30507,0.02511,0.02358,  1, 6.00000,6.00000, 1, 6.00000,  1, 13.52093,13.30500, 1, 13.30500,   0.00,25.00, 1, 25.00, 0, 0,   2.343,   1.908, 1,   0.010,  0.394, -0.246, 10.000,  0.005,
unit_sim,  55620321.277, 25.00000,25.00000, 13.80000,13.30500,0.00000,13.30500,   0.000,  0.000,  0.000,  0,  -180000.0,   0.50000, 0, 
pro_20220903, 2022-09-04T13:34:56,  55620321.277,10.000,   0,  0,  7,  25.0,13.305,     6.000,     0.001,    13.80000,0.02971,13.27527,13.30501,  -0.029742, 0.50000,0.50002,0.50066,
unit_sel, 55620331.277, 0, 0,  -0.0006449,  6.00000,0.00010,6.00000,0.00010,0.00000,  5.99990,5.99990,   13.30515,0.02986,0.02684,  1, 6.00000,6.00000, 1, 6.00000,  1, 13.51663,13.30500, 1, 13.30500,   0.00,25.00, 1, 25.00, 0, 0,   1.260,   2.033, 1,   0.010,  0.394, -0.246, 10.000,  0.005,
unit_sim,  55620331.277, 25.00000,25.00000, 13.80000,13.30500,0.00000,13.30500,   0.000,  0.000,  0.000,  0,  -180000.0,   0.50000, 0, 
pro_20220903, 2022-09-04T13:35:06,  55620331.277,10.000,   0,  0,  7,  25.0,13.305,     6.000,     0.001,    13.80000,0.02741,13.27757,13.30501,  -0.027444, 0.50000,0.50002,0.50083,
unit_sel, 55620341.277, 0, 0,  -0.0008061,  6.00000,0.00010,6.00000,0.00010,0.00000,  5.99990,5.99990,   13.30522,0.02763,0.02725,  1, 6.00000,6.00000, 1, 6.00000,  1, 13.52093,13.30500, 1, 13.30500,   0.00,25.00, 1, 25.00, 0, 0,   0.678,   2.010, 1,   0.010,  0.394, -0.246, 10.000,  0.005,
unit_sim,  55620341.277, 25.00000,25.00000, 13.80000,13.30500,0.00000,13.30500,   0.000,  0.000,  0.000,  0,  -180000.0,   0.50000, 0, 
pro_20220903, 2022-09-04T13:35:16,  55620341.277,10.000,   0,  0,  7,  25.0,13.305,     6.000,     0.002,    13.80000,0.02894,13.27603,13.30501,  -0.028984, 0.50000,0.50003,0.50100,
unit_sel, 55620351.277, 0, 0,  -0.0009674,  6.00000,0.00010,6.00000,0.00010,0.00000,  5.99990,5.99990,   13.30530,0.02924,0.02828,  1, 6.00000,6.00000, 1, 6.00000,  1, 13.52524,13.30500, 1, 13.30500,   0.00,25.00, 1, 25.00, 0, 0,   0.365,   1.873, 1,   0.010,  0.394, -0.246, 10.000,  0.005,
unit_sim,  55620351.277, 25.00000,25.00000, 13.80000,13.30500,0.00000,13.30500,   0.000,  0.000,  0.000,  0,  -180000.0,   0.50000, 0, 
pro_20220903, 2022-09-04T13:35:26,  55620351.277,10.000,   0,  0,  7,  25.0,13.305,     6.000,     0.002,    13.80000,0.02836,13.27660,13.30502,  -0.028411, 0.50000,0.50003,0.50116,
unit_sel, 55620361.277, 0, 0,  -0.0011286,  6.00000,0.00010,6.00000,0.00010,0.00000,  5.99990,5.99990,   13.30537,0.02873,0.02852,  1, 6.00000,6.00000, 1, 6.00000,  1, 13.52524,13.30500, 1, 13.30500,   0.00,25.00, 1, 25.00, 0, 0,   0.196,   1.677, 1,   0.010,  0.394, -0.246, 10.000,  0.005,
unit_sim,  55620361.277, 25.00000,25.00000, 13.80000,13.30500,0.00000,13.30500,   0.000,  0.000,  0.000,  0,  -180000.0,   0.50000, 0, 
pro_20220903, 2022-09-04T13:35:36,  55620361.277,10.000,   0,  0,  7,  25.0,13.305,     6.000,     0.002,    13.80000,0.02894,13.27602,13.30502,  -0.028999, 0.50000,0.50004,0.50133,
unit_sel, 55620371.277, 0, 0,  -0.0012898,  6.00000,0.00010,6.00000,0.00010,0.00000,  5.99990,5.99990,   13.30545,0.02939,0.02897,  1, 6.00000,6.00000, 1, 6.00000,  1, 13.51663,13.30500, 1, 13.30500,   0.00,25.00, 1, 25.00, 0, 0,   0.106,   1.452, 1,   0.010,  0.394, -0.246, 10.000,  0.005,
unit_sim,  55620371.277, 25.00000,25.00000, 13.80000,13.30500,0.00000,13.30500,   0.000,  0.000,  0.000,  0,  -180000.0,   0.50000, 0, 
pro_20220903, 2022-09-04T13:35:46,  55620371.277,10.000,   0,  0,  7,  25.0,13.305,     6.000,     0.003,    13.80000,0.02888,13.27607,13.30502,  -0.028948, 0.50000,0.50004,0.50150,
unit_sel, 55620381.277, 0, 0,  -0.0014510,  6.00000,0.00010,6.00000,0.00010,0.00000,  5.99990,5.99990,   13.30552,0.02940,0.02919,  1, 6.00000,6.00000, 1, 6.00000,  1, 13.51663,13.30500, 1, 13.30500,   0.00,25.00, 1, 25.00, 0, 0,   0.057,   1.225, 1,   0.010,  0.394, -0.246, 10.000,  0.005,
unit_sim,  55620381.277, 25.00000,25.00000, 13.80000,13.30500,0.00000,13.30500,   0.000,  0.000,  0.000,  0,  -180000.0,   0.50000, 0, 
pro_20220903, 2022-09-04T13:35:56,  55620381.277,10.000,   0,  0,  7,  25.0,13.305,     6.000,     0.003,    13.80000,0.02917,13.27577,13.30502,  -0.029248, 0.50000,0.50005,0.50166,
unit_sel, 55620391.277, 0, 0,  -0.0016123,  6.00000,0.00010,6.00000,0.00010,0.00000,  5.99990,5.99990,   13.30560,0.02977,0.02949,  1, 6.00000,6.00000, 1, 6.00000,  1, 13.52093,13.30500, 1, 13.30500,   0.00,25.00, 1, 25.00, 0, 0,   0.031,   1.010, 1,   0.010,  0.394, -0.246, 10.000,  0.005,
unit_sim,  55620391.277, 25.00000,25.00000, 13.80000,13.30500,0.00000,13.30500,   0.000,  0.000,  0.000,  0,  -180000.0,   0.50000, 0, 
pro_20220903, 2022-09-04T13:36:06,  55620391.277,10.000,   0,  0,  7,  25.0,13.305,     6.000,     0.003,    13.80000,0.02927,13.27567,13.30502,  -0.029354, 0.50000,0.50005,0.50183,
unit_sel, 55620401.277, 0, 0,  -0.0017735,  6.00000,0.00010,6.00000,0.00010,0.00000,  5.99990,5.99990,   13.30567,0.02995,0.02973,  1, 6.00000,6.00000, 1, 6.00000,  1, 13.52093,13.30500, 1, 13.30500,   0.00,25.00, 1, 25.00, 0, 0,   0.016,   0.816, 1,   0.010,  0.394, -0.246, 10.000,  0.005,
unit_sim,  55620401.277, 25.00000,25.00000, 13.80000,13.30500,0.00000,13.30500,   0.000,  0.000,  0.000,  0,  -180000.0,   0.50000, 0, 
pro_20220903, 2022-09-04T13:36:16,  55620401.277,10.000,   0,  0,  7,  25.0,13.305,     6.000,     0.004,    13.80000,0.02948,13.27546,13.30503,  -0.029565, 0.50000,0.50006,0.50199,
unit_sel, 55620411.277, 0, 0,  -0.0019347,  6.00000,0.00010,6.00000,0.00010,0.00000,  5.99990,5.99990,   13.30575,0.03022,0.02999,  1, 6.00000,6.00000, 1, 6.00000,  1, 13.52524,13.30500, 1, 13.30500,   0.00,25.00, 1, 25.00, 0, 0,   0.009,   0.647, 1,   0.010,  0.394, -0.246, 10.000,  0.005,
unit_sim,  55620411.277, 25.00000,25.00000, 13.80000,13.30500,0.00000,13.30500,   0.000,  0.000,  0.000,  0,  -180000.0,   0.50000, 0, 
pro_20220903, 2022-09-04T13:36:26,  55620411.277,10.000,   0,  0,  7,  25.0,13.305,     6.000,     0.004,    13.80000,0.02962,13.27531,13.30503,  -0.029717, 0.50000,0.50006,0.50216,
unit_sel, 55620421.278, 0, 0,  -0.0020959,  6.00000,0.00010,6.00000,0.00010,0.00000,  5.99990,5.99990,   13.30582,0.03044,0.03022,  1, 6.00000,6.00000, 1, 6.00000,  1, 13.52524,13.30500, 1, 13.30500,   0.00,25.00, 1, 25.00, 0, 0,   0.005,   0.504, 1,   0.010,  0.394, -0.246, 10.000,  0.005,
unit_sim,  55620421.278, 25.00000,25.00000, 13.80000,13.30500,0.00000,13.30500,   0.000,  0.000,  0.000,  0,  -180000.0,   0.50000, 0, 
pro_20220903, 2022-09-04T13:36:36,  55620421.278,10.000,   0,  0,  7,  25.0,13.305,     6.000,     0.004,    13.80000,0.02980,13.27513,13.30503,  -0.029901, 0.50000,0.50007,0.50233,
unit_sel, 55620431.278, 0, 0,  -0.0022572,  6.00000,0.00010,6.00000,0.00010,0.00000,  5.99990,5.99990,   13.30590,0.03070,0.03047,  1, 6.00000,6.00000, 1, 6.00000,  1, 13.52954,13.30500, 1, 13.30500,   0.00,25.00, 1, 25.00, 0, 0,   0.003,   0.386, 1,   0.010,  0.394, -0.246, 10.000,  0.005,
unit_sim,  55620431.278, 25.00000,25.00000, 13.80000,13.30500,0.00000,13.30500,   0.000,  0.000,  0.000,  0,  -180000.0,   0.50000, 0, 
pro_20220903, 2022-09-04T13:36:46,  55620431.278,10.000,   0,  0,  7,  25.0,13.305,     6.000,     0.005,    13.80000,0.02996,13.27497,13.30503,  -0.030066, 0.50000,0.50008,0.50249,
unit_sel, 55620441.278, 0, 0,  -0.0024184,  6.00000,0.00010,6.00000,0.00010,0.00000,  5.99990,5.99990,   13.30597,0.03093,0.03071,  1, 6.00000,6.00000, 1, 6.00000,  1, 13.52524,13.30500, 1, 13.30500,   0.00,25.00, 1, 25.00, 0, 0,   0.001,   0.291, 1,   0.010,  0.394, -0.246, 10.000,  0.005,
unit_sim,  55620441.278, 25.00000,25.00000, 13.80000,13.30500,0.00000,13.30500,   0.000,  0.000,  0.000,  0,  -180000.0,   0.50000, 0, 
pro_20220903, 2022-09-04T13:36:56,  55620441.278,10.000,   0,  0,  7,  25.0,13.305,     6.000,     0.005,    13.80000,0.03012,13.27479,13.30504,  -0.030242, 0.50000,0.50008,0.50266,
unit_sel, 55620451.277, 0, 0,  -0.0025796,  6.00000,0.00010,6.00000,0.00010,0.00000,  5.99990,5.99990,   13.30605,0.03117,0.03095,  1, 6.00000,6.00000, 1, 6.00000,  1, 13.52524,13.30500, 1, 13.30500,   0.00,25.00, 1, 25.00, 0, 0,   0.001,   0.215, 1,   0.010,  0.394, -0.246, 10.000,  0.005,
unit_sim,  55620451.277, 25.00000,25.00000, 13.80000,13.30500,0.00000,13.30500,   0.000,  0.000,  0.000,  0,  -180000.0,   0.50000, 0, 
pro_20220903, 2022-09-04T13:37:06,  55620451.277,10.000,   0,  0,  7,  25.0,13.305,     6.000,     0.006,    13.80000,0.03028,13.27463,13.30504,  -0.030410, 0.50000,0.50009,0.50283,
unit_sel, 55620461.277, 0, 0,  -0.0027408,  6.00000,0.00010,6.00000,0.00010,0.00000,  5.99990,5.99990,   13.30612,0.03141,0.03118,  1, 6.00000,6.00000, 1, 6.00000,  1, 13.52524,13.30500, 1, 13.30500,   0.00,25.00, 1, 25.00, 0, 0,   0.000,   0.156, 1,   0.010,  0.394, -0.246, 10.000,  0.005,
unit_sim,  55620461.277, 25.00000,25.00000, 13.80000,13.30500,0.00000,13.30500,   0.000,  0.000,  0.000,  0,  -180000.0,   0.50000, 0, 
pro_20220903, 2022-09-04T13:37:16,  55620461.277,10.000,   0,  0,  7,  25.0,13.305,     6.000,     0.006,    13.80000,0.03045,13.27446,13.30504,  -0.030581, 0.50000,0.50009,0.50299,
unit_sel, 55620471.277, 0, 0,  -0.0029021,  6.00000,0.00010,6.00000,0.00010,0.00000,  5.99990,5.99990,   13.30620,0.03165,0.03142,  1, 6.00000,6.00000, 1, 6.00000,  1, 13.52093,13.30500, 1, 13.30500,   0.00,25.00, 1, 25.00, 0, 0,   0.000,   0.110, 1,   0.010,  0.394, -0.246, 10.000,  0.005,
unit_sim,  55620471.277, 25.00000,25.00000, 13.80000,13.30500,0.00000,13.30500,   0.000,  0.000,  0.000,  0,  -180000.0,   0.50000, 0, 
pro_20220903, 2022-09-04T13:37:26,  55620471.277,10.000,   0,  0,  7,  25.0,13.305,     6.000,     0.006,    13.80000,0.03061,13.27429,13.30504,  -0.030750, 0.50000,0.50010,0.50316,
unit_sel, 55620481.334, 0, 0,  -0.0030633,  6.00000,0.00010,6.00000,0.00010,0.00000,  5.99990,5.99990,   13.30627,0.03188,0.03166,  1, 6.00000,6.00000, 1, 6.00000,  1, 13.52093,13.30500, 1, 13.30500,   0.00,25.00, 1, 25.00, 0, 0,   0.000,   0.076, 1,   0.010,  0.394, -0.246, 10.000,  0.005,
unit_sim,  55620481.334, 25.00000,25.00000, 13.80000,13.30500,0.00000,13.30500,   0.000,  0.000,  0.000,  0,  -180000.0,   0.50000, 0, 
pro_20220903, 2022-09-04T13:37:36,  55620481.334,10.056,   0,  0,  7,  25.0,13.305,     6.000,     0.007,    13.80000,0.03077,13.27413,13.30505,  -0.030920, 0.50000,0.50010,0.50333,
unit_sel, 55620491.333, 0, 0,  -0.0032254,  6.00000,0.00010,6.00000,0.00010,0.00000,  5.99990,5.99990,   13.30635,0.03212,0.03190,  1, 6.00000,6.00000, 1, 6.00000,  1, 13.52524,13.30500, 1, 13.30500,   0.00,25.00, 1, 25.00, 0, 0,   0.000,   0.051, 1,   0.010,  0.394, -0.246, 10.000,  0.005,
unit_sim,  55620491.333, 25.00000,25.00000, 13.80000,13.30500,0.00000,13.30500,   0.000,  0.000,  0.000,  0,  -180000.0,   0.50000, 0, 
pro_20220903, 2022-09-04T13:37:46,  55620491.333,10.000,   0,  0,  7,  25.0,13.305,     6.000,     0.007,    13.80000,0.03093,13.27396,13.30505,  -0.031087, 0.50000,0.50011,0.50349,
unit_sel, 55620501.333, 0, 0,  -0.0033867,  6.00000,0.00010,6.00000,0.00010,0.00000,  5.99990,5.99990,   13.30642,0.03235,0.03213,  1, 6.00000,6.00000, 1, 6.00000,  1, 13.52524,13.30500, 1, 13.30500,   0.00,25.00, 1, 25.00, 0, 0,   0.000,   0.033, 1,   0.010,  0.394, -0.246, 10.000,  0.005,
unit_sim,  55620501.333, 25.00000,25.00000, 13.80000,13.30500,0.00000,13.30500,   0.000,  0.000,  0.000,  0,  -180000.0,   0.50000, 0, 
pro_20220903, 2022-09-04T13:37:56,  55620501.333,10.000,   0,  0,  7,  25.0,13.305,     6.000,     0.007,    13.80000,0.03109,13.27380,13.30505,  -0.031255, 0.50000,0.50011,0.50366,
unit_sel, 55620511.334, 0, 0,  -0.0035479,  6.00000,0.00010,6.00000,0.00010,0.00000,  5.99990,5.99990,   13.30650,0.03259,0.03237,  1, 6.00000,6.00000, 1, 6.00000,  1, 13.52093,13.30500, 1, 13.30500,   0.00,25.00, 1, 25.00, 0, 0,   0.000,   0.020, 1,   0.010,  0.394, -0.246, 10.000,  0.005,
unit_sim,  55620511.334, 25.00000,25.00000, 13.80000,13.30500,0.00000,13.30500,   0.000,  0.000,  0.000,  0,  -180000.0,   0.50000, 0, 
pro_20220903, 2022-09-04T13:38:06,  55620511.334,10.000,   0,  0,  7,  25.0,13.305,     6.000,     0.008,    13.80000,0.03125,13.27363,13.30505,  -0.031422, 0.50000,0.50012,0.50383,
unit_sel, 55620521.333, 0, 0,  -0.0037091,  6.00000,0.00010,6.00000,0.00010,0.00000,  5.99990,5.99990,   13.30657,0.03282,0.03260,  1, 6.00000,6.00000, 1, 6.00000,  1, 13.52524,13.30500, 1, 13.30500,   0.00,25.00, 1, 25.00, 0, 0,   0.000,   0.011, 1,   0.010,  0.394, -0.246, 10.000,  0.005,
unit_sim,  55620521.333, 25.00000,25.00000, 13.80000,13.30500,0.00000,13.30500,   0.000,  0.000,  0.000,  0,  -180000.0,   0.50000, 0, 
pro_20220903, 2022-09-04T13:38:16,  55620521.333,10.000,   0,  0,  7,  25.0,13.305,     6.000,     0.008,    13.80000,0.03141,13.27347,13.30506,  -0.031589, 0.50000,0.50012,0.50399,
unit_sel, 55620531.333, 0, 0,  -0.0038703,  6.00000,0.00010,6.00000,0.00010,0.00000,  5.99990,5.99990,   13.30665,0.03306,0.03284,  1, 6.00000,6.00000, 1, 6.00000,  1, 13.52093,13.30500, 1, 13.30500,   0.00,25.00, 1, 25.00, 0, 0,   0.000,   0.005, 1,   0.010,  0.394, -0.246, 10.000,  0.005,
unit_sim,  55620531.333, 25.00000,25.00000, 13.80000,13.30500,0.00000,13.30500,   0.000,  0.000,  0.000,  0,  -180000.0,   0.50000, 0, 
pro_20220903, 2022-09-04T13:38:26,  55620531.333,10.000,   0,  0,  7,  25.0,13.305,     6.000,     0.008,    13.80000,0.03157,13.27330,13.30506,  -0.031754, 0.50000,0.50013,0.50416,
unit_sel, 55620541.334, 0, 0,  -0.0040316,  6.00000,0.00010,6.00000,0.00010,0.00000,  5.99990,5.99990,   13.30672,0.03329,0.03307,  1, 6.00000,6.00000, 1, 6.00000,  1, 13.52524,13.30500, 1, 13.30500,   0.00,25.00, 1, 25.00, 0, 0,   0.000,   0.001, 1,   0.010,  0.394, -0.246, 10.000,  0.005,
unit_sim,  55620541.334, 25.00000,25.00000, 13.80000,13.30500,0.00000,13.30500,   0.000,  0.000,  0.000,  0,  -180000.0,   0.50000, 0, 
pro_20220903, 2022-09-04T13:38:36,  55620541.334,10.000,   0,  0,  7,  25.0,13.305,     6.000,     0.009,    13.80000,0.03173,13.27314,13.30506,  -0.031919, 0.50000,0.50013,0.50433,
unit_sel, 55620551.333, 0, 0,  -0.0041928,  6.00000,0.00010,6.00000,0.00010,0.00000,  5.99990,5.99990,   13.30680,0.03352,0.03331,  1, 6.00000,6.00000, 1, 6.00000,  1, 13.52093,13.30500, 1, 13.30500,   0.00,25.00, 1, 25.00, 0, 0,   0.000,  -0.002, 1,   0.010,  0.394, -0.246, 10.000,  0.005,
unit_sim,  55620551.333, 25.00000,25.00000, 13.80000,13.30500,0.00000,13.30500,   0.000,  0.000,  0.000,  0,  -180000.0,   0.50000, 0, 
pro_20220903, 2022-09-04T13:38:46,  55620551.333,10.000,   0,  0,  7,  25.0,13.305,     6.000,     0.009,    13.80000,0.03188,13.27298,13.30506,  -0.032084, 0.50000,0.50014,0.50449,
unit_sel, 55620561.333, 0, 0,  -0.0043540,  6.00000,0.00010,6.00000,0.00010,0.00000,  5.99990,5.99990,   13.30687,0.03375,0.03354,  1, 6.00000,6.00000, 1, 6.00000,  1, 13.52524,13.30500, 1, 13.30500,   0.00,25.00, 1, 25.00, 0, 0,   0.000,  -0.003, 1,   0.010,  0.394, -0.246, 10.000,  0.005,
unit_sim,  55620561.333, 25.00000,25.00000, 13.80000,13.30500,0.00000,13.30500,   0.000,  0.000,  0.000,  0,  -180000.0,   0.50000, 0, 
pro_20220903, 2022-09-04T13:38:56,  55620561.333,10.000,   0,  0,  7,  25.0,13.305,     6.000,     0.009,    13.80000,0.03204,13.27282,13.30506,  -0.032249, 0.50000,0.50014,0.50466,
unit_sel, 55620571.334, 0, 0,  -0.0045152,  6.00000,0.00010,6.00000,0.00010,0.00000,  5.99990,5.99990,   13.30695,0.03399,0.03377,  1, 6.00000,6.00000, 1, 6.00000,  1, 13.51663,13.30500, 1, 13.30500,   0.00,25.00, 1, 25.00, 0, 0,   0.000,  -0.003, 1,   0.010,  0.394, -0.246, 10.000,  0.005,
unit_sim,  55620571.334, 25.00000,25.00000, 13.80000,13.30500,0.00000,13.30500,   0.000,  0.000,  0.000,  0,  -180000.0,   0.50000, 0, 
pro_20220903, 2022-09-04T13:39:06,  55620571.334,10.000,   0,  0,  7,  25.0,13.305,     6.000,     0.010,    13.80000,0.03220,13.27265,13.30507,  -0.032412, 0.50000,0.50015,0.50482,
unit_sel, 55620581.333, 0, 0,  -0.0046765,  6.00000,0.00010,6.00000,0.00010,0.00000,  5.99990,5.99990,   13.30702,0.03422,0.03400,  1, 6.00000,6.00000, 1, 6.00000,  1, 13.52093,13.30500, 1, 13.30500,   0.00,25.00, 1, 25.00, 0, 0,   0.000,  -0.004, 1,   0.010,  0.394, -0.246, 10.000,  0.005,
unit_sim,  55620581.333, 25.00000,25.00000, 13.80000,13.30500,0.00000,13.30500,   0.000,  0.000,  0.000,  0,  -180000.0,   0.50000, 0, 
pro_20220903, 2022-09-04T13:39:16,  55620581.333,10.000,   0,  0,  7,  25.0,13.305,     6.000,     0.010,    13.80000,0.03235,13.27249,13.30507,  -0.032574, 0.50000,0.50015,0.50499,
unit_sel, 55620591.333, 0, 0,  -0.0048377,  6.00000,0.00010,6.00000,0.00010,0.00000,  5.99990,5.99990,   13.30710,0.03445,0.03423,  1, 6.00000,6.00000, 1, 6.00000,  1, 13.52524,13.30500, 1, 13.30500,   0.00,25.00, 1, 25.00, 0, 0,   0.000,  -0.003, 1,   0.010,  0.394, -0.246, 10.000,  0.005,
unit_sim,  55620591.333, 25.00000,25.00000, 13.80000,13.30500,0.00000,13.30500,   0.000,  0.000,  0.000,  0,  -180000.0,   0.50000, 0, 
pro_20220903, 2022-09-04T13:39:26,  55620591.333,10.000,   0,  0,  7,  25.0,13.305,     6.000,     0.010,    13.80000,0.03251,13.27233,13.30507,  -0.032737, 0.50000,0.50016,0.50516,
unit_sel, 55620601.334, 0, 0,  -0.0049989,  6.00000,0.00010,6.00000,0.00010,0.00000,  5.99990,5.99990,   13.30717,0.03468,0.03446,  1, 6.00000,6.00000, 1, 6.00000,  1, 13.52093,13.30500, 1, 13.30500,   0.00,25.00, 1, 25.00, 0, 0,   0.000,  -0.003, 1,   0.010,  0.394, -0.246, 10.000,  0.005,
unit_sim,  55620601.334, 25.00000,25.00000, 13.80000,13.30500,0.00000,13.30500,   0.000,  0.000,  0.000,  0,  -180000.0,   0.50000, 0, 
pro_20220903, 2022-09-04T13:39:36,  55620601.334,10.000,   0,  0,  7,  25.0,13.305,     6.000,     0.011,    13.80000,0.03266,13.27218,13.30507,  -0.032898, 0.50000,0.50016,0.50532,
unit_sel, 55620611.333, 0, 0,  -0.0051601,  6.00000,0.00010,6.00000,0.00010,0.00000,  5.99990,5.99990,   13.30725,0.03491,0.03469,  1, 6.00000,6.00000, 1, 6.00000,  1, 13.52093,13.30500, 1, 13.30500,   0.00,25.00, 1, 25.00, 0, 0,   0.000,  -0.003, 1,   0.010,  0.394, -0.246, 10.000,  0.005,
unit_sim,  55620611.333, 25.00000,25.00000, 13.80000,13.30500,0.00000,13.30500,   0.000,  0.000,  0.000,  0,  -180000.0,   0.50000, 0, 
pro_20220903, 2022-09-04T13:39:46,  55620611.333,10.000,   0,  0,  7,  25.0,13.305,     6.000,     0.011,    13.80000,0.03281,13.27202,13.30508,  -0.033059, 0.50000,0.50017,0.50549,
unit_sel, 55620621.333, 0, 0,  -0.0053214,  6.00000,0.00010,6.00000,0.00010,0.00000,  5.99990,5.99990,   13.30732,0.03513,0.03492,  1, 6.00000,6.00000, 1, 6.00000,  1, 13.51663,13.30500, 1, 13.30500,   0.00,25.00, 1, 25.00, 0, 0,   0.000,  -0.002, 1,   0.010,  0.394, -0.246, 10.000,  0.005,
unit_sim,  55620621.333, 25.00000,25.00000, 13.80000,13.30500,0.00000,13.30500,   0.000,  0.000,  0.000,  0,  -180000.0,   0.50000, 0, 
pro_20220903, 2022-09-04T13:39:56,  55620621.333,10.000,   0,  0,  7,  25.0,13.305,     6.000,     0.011,    13.80000,0.03297,13.27186,13.30508,  -0.033220, 0.50000,0.50017,0.50566,
unit_sel, 55620631.334, 0, 0,  -0.0054826,  6.00000,0.00010,6.00000,0.00010,0.00000,  5.99990,5.99990,   13.30740,0.03536,0.03515,  1, 6.00000,6.00000, 1, 6.00000,  1, 13.52093,13.30500, 1, 13.30500,   0.00,25.00, 1, 25.00, 0, 0,   0.000,  -0.002, 1,   0.010,  0.394, -0.246, 10.000,  0.005,
unit_sim,  55620631.334, 25.00000,25.00000, 13.80000,13.30500,0.00000,13.30500,   0.000,  0.000,  0.000,  0,  -180000.0,   0.50000, 0, 
pro_20220903, 2022-09-04T13:40:06,  55620631.334,10.000,   0,  0,  7,  25.0,13.305,     6.000,     0.012,    13.80000,0.03312,13.27170,13.30508,  -0.033380, 0.50000,0.50018,0.50582,
unit_sel, 55620641.333, 0, 0,  -0.0056438,  6.00000,0.00010,6.00000,0.00010,0.00000,  5.99990,5.99990,   13.30747,0.03559,0.03538,  1, 6.00000,6.00000, 1, 6.00000,  1, 13.52524,13.30500, 1, 13.30500,   0.00,25.00, 1, 25.00, 0, 0,   0.000,  -0.001, 1,   0.010,  0.394, -0.246, 10.000,  0.005,
unit_sim,  55620641.333, 25.00000,25.00000, 13.80000,13.30500,0.00000,13.30500,   0.000,  0.000,  0.000,  0,  -180000.0,   0.50000, 0, 
pro_20220903, 2022-09-04T13:40:16,  55620641.333,10.000,   0,  0,  7,  25.0,13.305,     6.000,     0.012,    13.80000,0.03327,13.27154,13.30508,  -0.033540, 0.50000,0.50018,0.50599,
unit_sel, 55620651.333, 0, 0,  -0.0058050,  6.00000,0.00010,6.00000,0.00010,0.00000,  5.99990,5.99990,   13.30755,0.03582,0.03561,  1, 6.00000,6.00000, 1, 6.00000,  1, 13.51663,13.30500, 1, 13.30500,   0.00,25.00, 1, 25.00, 0, 0,   0.000,  -0.001, 1,   0.010,  0.394, -0.246, 10.000,  0.005,
unit_sim,  55620651.333, 25.00000,25.00000, 13.80000,13.30500,0.00000,13.30500,   0.000,  0.000,  0.000,  0,  -180000.0,   0.50000, 0, 
pro_20220903, 2022-09-04T13:40:26,  55620651.333,10.000,   0,  0,  7,  25.0,13.305,     6.000,     0.012,    13.80000,0.03342,13.27139,13.30508,  -0.033698, 0.50000,0.50019,0.50616,
unit_sel, 55620661.334, 0, 0,  -0.0059663,  6.00000,0.00010,6.00000,0.00010,0.00000,  5.99990,5.99990,   13.30762,0.03604,0.03583,  1, 6.00000,6.00000, 1, 6.00000,  1, 13.52524,13.30500, 1, 13.30500,   0.00,25.00, 1, 25.00, 0, 0,   0.000,  -0.001, 1,   0.010,  0.394, -0.246, 10.000,  0.005,
unit_sim,  55620661.334, 25.00000,25.00000, 13.80000,13.30500,0.00000,13.30500,   0.000,  0.000,  0.000,  0,  -180000.0,   0.50000, 0, 
pro_20220903, 2022-09-04T13:40:36,  55620661.334,10.000,   0,  0,  7,  25.0,13.305,     6.000,     0.013,    13.80000,0.03357,13.27123,13.30509,  -0.033857, 0.50000,0.50019,0.50632,
unit_sel, 55620671.333, 0, 0,  -0.0061275,  6.00000,0.00010,6.00000,0.00010,0.00000,  5.99990,5.99990,   13.30770,0.03627,0.03606,  1, 6.00000,6.00000, 1, 6.00000,  1, 13.51663,13.30500, 1, 13.30500,   0.00,25.00, 1, 25.00, 0, 0,   0.000,  -0.001, 1,   0.010,  0.394, -0.246, 10.000,  0.005,
unit_sim,  55620671.333, 25.00000,25.00000, 13.80000,13.30500,0.00000,13.30500,   0.000,  0.000,  0.000,  0,  -180000.0,   0.50000, 0, 
pro_20220903, 2022-09-04T13:40:46,  55620671.333,10.000,   0,  0,  7,  25.0,13.305,     6.000,     0.013,    13.80000,0.03372,13.27108,13.30509,  -0.034014, 0.50000,0.50020,0.50649,
unit_sel, 55620681.333, 0, 0,  -0.0062887,  6.00000,0.00010,6.00000,0.00010,0.00000,  5.99990,5.99990,   13.30777,0.03649,0.03628,  1, 6.00000,6.00000, 1, 6.00000,  1, 13.52093,13.30500, 1, 13.30500,   0.00,25.00, 1, 25.00, 0, 0,   0.000,  -0.001, 1,   0.010,  0.394, -0.246, 10.000,  0.005,
unit_sim,  55620681.333, 25.00000,25.00000, 13.80000,13.30500,0.00000,13.30500,   0.000,  0.000,  0.000,  0,  -180000.0,   0.50000, 0, 
pro_20220903, 2022-09-04T13:40:56,  55620681.333,10.000,   0,  0,  7,  25.0,13.305,     6.000,     0.013,    13.80000,0.03387,13.27092,13.30509,  -0.034172, 0.50000,0.50021,0.50665,
unit_sel, 55620691.334, 0, 0,  -0.0064499,  6.00000,0.00010,6.00000,0.00010,0.00000,  5.99990,5.99990,   13.30785,0.03672,0.03651,  1, 6.00000,6.00000, 1, 6.00000,  1, 13.52954,13.30500, 1, 13.30500,   0.00,25.00, 1, 25.00, 0, 0,   0.000,  -0.000, 1,   0.010,  0.394, -0.246, 10.000,  0.005,
unit_sim,  55620691.334, 25.00000,25.00000, 13.80000,13.30500,0.00000,13.30500,   0.000,  0.000,  0.000,  0,  -180000.0,   0.50000, 0, 
pro_20220903, 2022-09-04T13:41:06,  55620691.334,10.000,   0,  0,  7,  25.0,13.305,     6.000,     0.014,    13.80000,0.03402,13.27077,13.30509,  -0.034328, 0.50000,0.50021,0.50682,
unit_sel, 55620701.333, 0, 0,  -0.0066112,  6.00000,0.00010,6.00000,0.00010,0.00000,  5.99990,5.99990,   13.30792,0.03694,0.03673,  1, 6.00000,6.00000, 1, 6.00000,  1, 13.52954,13.30500, 1, 13.30500,   0.00,25.00, 1, 25.00, 0, 0,   0.000,  -0.000, 1,   0.010,  0.394, -0.246, 10.000,  0.005,
unit_sim,  55620701.333, 25.00000,25.00000, 13.80000,13.30500,0.00000,13.30500,   0.000,  0.000,  0.000,  0,  -180000.0,   0.50000, 0, 
pro_20220903, 2022-09-04T13:41:16,  55620701.333,10.000,   0,  0,  7,  25.0,13.305,     6.000,     0.014,    13.80000,0.03417,13.27061,13.30510,  -0.034485, 0.50000,0.50022,0.50699,
unit_sel, 55620711.333, 0, 0,  -0.0067724,  6.00000,0.00010,6.00000,0.00010,0.00000,  5.99990,5.99990,   13.30799,0.03717,0.03696,  1, 6.00000,6.00000, 1, 6.00000,  1, 13.52524,13.30500, 1, 13.30500,   0.00,25.00, 1, 25.00, 0, 0,   0.000,  -0.000, 1,   0.010,  0.394, -0.246, 10.000,  0.005,
unit_sim,  55620711.333, 25.00000,25.00000, 13.80000,13.30500,0.00000,13.30500,   0.000,  0.000,  0.000,  0,  -180000.0,   0.50000, 0, 
pro_20220903, 2022-09-04T13:41:26,  55620711.333,10.000,   0,  0,  7,  25.0,13.305,     6.000,     0.014,    13.80000,0.03432,13.27046,13.30510,  -0.034640, 0.50000,0.50022,0.50715,
unit_sel, 55620721.334, 0, 0,  -0.0069336,  6.00000,0.00010,6.00000,0.00010,0.00000,  5.99990,5.99990,   13.30807,0.03739,0.03718,  1, 6.00000,6.00000, 1, 6.00000,  1, 13.52954,13.30500, 1, 13.30500,   0.00,25.00, 1, 25.00, 0, 0,   0.000,  -0.000, 1,   0.010,  0.394, -0.246, 10.000,  0.005,
unit_sim,  55620721.334, 25.00000,25.00000, 13.80000,13.30500,0.00000,13.30500,   0.000,  0.000,  0.000,  0,  -180000.0,   0.50000, 0, 
pro_20220903, 2022-09-04T13:41:36,  55620721.334,10.000,   0,  0,  7,  25.0,13.305,     6.000,     0.015,    13.80000,0.03447,13.27031,13.30510,  -0.034794, 0.50000,0.50023,0.50732,
unit_sel, 55620731.333, 0, 0,  -0.0070948,  6.00000,0.00010,6.00000,0.00010,0.00000,  5.99990,5.99990,   13.30815,0.03761,0.03740,  1, 6.00000,6.00000, 1, 6.00000,  1, 13.52093,13.30500, 1, 13.30500,   0.00,25.00, 1, 25.00, 0, 0,   0.000,  -0.000, 1,   0.010,  0.394, -0.246, 10.000,  0.005,
unit_sim,  55620731.333, 25.00000,25.00000, 13.80000,13.30500,0.00000,13.30500,   0.000,  0.000,  0.000,  0,  -180000.0,   0.50000, 0, 
pro_20220903, 2022-09-04T13:41:46,  55620731.333,10.000,   0,  0,  7,  25.0,13.305,     6.000,     0.015,    13.80000,0.03461,13.27015,13.30510,  -0.034949, 0.50000,0.50023,0.50749,
unit_sel, 55620741.333, 0, 0,  -0.0072561,  6.00000,0.00010,6.00000,0.00010,0.00000,  5.99990,5.99990,   13.30822,0.03783,0.03763,  1, 6.00000,6.00000, 1, 6.00000,  1, 13.52093,13.30500, 1, 13.30500,   0.00,25.00, 1, 25.00, 0, 0,   0.000,  -0.000, 1,   0.010,  0.394, -0.246, 10.000,  0.005,
unit_sim,  55620741.333, 25.00000,25.00000, 13.80000,13.30500,0.00000,13.30500,   0.000,  0.000,  0.000,  0,  -180000.0,   0.50000, 0, 
pro_20220903, 2022-09-04T13:41:56,  55620741.333,10.000,   0,  0,  7,  25.0,13.305,     6.000,     0.015,    13.80000,0.03476,13.27000,13.30511,  -0.035104, 0.50000,0.50024,0.50765,
unit_sel, 55620751.334, 0, 0,  -0.0074173,  6.00000,0.00010,6.00000,0.00010,0.00000,  5.99990,5.99990,   13.30829,0.03805,0.03785,  1, 6.00000,6.00000, 1, 6.00000,  1, 13.52524,13.30500, 1, 13.30500,   0.00,25.00, 1, 25.00, 0, 0,   0.000,  -0.000, 1,   0.010,  0.394, -0.246, 10.000,  0.005,
unit_sim,  55620751.334, 25.00000,25.00000, 13.80000,13.30500,0.00000,13.30500,   0.000,  0.000,  0.000,  0,  -180000.0,   0.50000, 0, 
pro_20220903, 2022-09-04T13:42:06,  55620751.334,10.000,   0,  0,  7,  25.0,13.305,     6.000,     0.016,    13.80000,0.03491,13.26985,13.30511,  -0.035257, 0.50000,0.50024,0.50782,
unit_sel, 55620761.333, 0, 0,  -0.0075785,  6.00000,0.00010,6.00000,0.00010,0.00000,  5.99990,5.99990,   13.30837,0.03827,0.03807,  1, 6.00000,6.00000, 1, 6.00000,  1, 13.52524,13.30500, 1, 13.30500,   0.00,25.00, 1, 25.00, 0, 0,   0.000,  -0.000, 1,   0.010,  0.394, -0.246, 10.000,  0.005,
unit_sim,  55620761.333, 25.00000,25.00000, 13.80000,13.30500,0.00000,13.30500,   0.000,  0.000,  0.000,  0,  -180000.0,   0.50000, 0, 
pro_20220903, 2022-09-04T13:42:16,  55620761.333,10.000,   0,  0,  7,  25.0,13.305,     6.000,     0.016,    13.80000,0.03505,13.26970,13.30511,  -0.035409, 0.50000,0.50025,0.50799,
unit_sel, 55620771.333, 0, 0,  -0.0077397,  6.00000,0.00010,6.00000,0.00010,0.00000,  5.99990,5.99990,   13.30844,0.03850,0.03829,  1, 6.00000,6.00000, 1, 6.00000,  1, 13.52093,13.30500, 1, 13.30500,   0.00,25.00, 1, 25.00, 0, 0,   0.000,  -0.000, 1,   0.010,  0.394, -0.246, 10.000,  0.005,
unit_sim,  55620771.333, 25.00000,25.00000, 13.80000,13.30500,0.00000,13.30500,   0.000,  0.000,  0.000,  0,  -180000.0,   0.50000, 0, 
pro_20220903, 2022-09-04T13:42:26,  55620771.333,10.000,   0,  0,  7,  25.0,13.305,     6.000,     0.017,    13.80000,0.03520,13.26955,13.30511,  -0.035562, 0.50000,0.50025,0.50815,
unit_sel, 55620781.334, 0, 0,  -0.0079010,  6.00000,0.00010,6.00000,0.00010,0.00000,  5.99990,5.99990,   13.30852,0.03871,0.03851,  1, 6.00000,6.00000, 1, 6.00000,  1, 13.52093,13.30500, 1, 13.30500,   0.00,25.00, 1, 25.00, 0, 0,   0.000,  -0.000, 1,   0.010,  0.394, -0.246, 10.000,  0.005,
unit_sim,  55620781.334, 25.00000,25.00000, 13.80000,13.30500,0.00000,13.30500,   0.000,  0.000,  0.000,  0,  -180000.0,   0.50000, 0, 
pro_20220903, 2022-09-04T13:42:36,  55620781.334,10.000,   0,  0,  7,  25.0,13.305,     6.000,     0.017,    13.80000,0.03534,13.26940,13.30512,  -0.035714, 0.50000,0.50026,0.50832,
unit_sel, 55620791.333, 0, 0,  -0.0080622,  6.00000,0.00010,6.00000,0.00010,0.00000,  5.99990,5.99990,   13.30859,0.03893,0.03873,  1, 6.00000,6.00000, 1, 6.00000,  1, 13.52093,13.30500, 1, 13.30500,   0.00,25.00, 1, 25.00, 0, 0,   0.000,   0.000, 1,   0.010,  0.394, -0.246, 10.000,  0.005,
unit_sim,  55620791.333, 25.00000,25.00000, 13.80000,13.30500,0.00000,13.30500,   0.000,  0.000,  0.000,  0,  -180000.0,   0.50000, 0, 
pro_20220903, 2022-09-04T13:42:46,  55620791.333,10.000,   0,  0,  7,  25.0,13.305,     6.000,     0.017,    13.80000,0.03548,13.26925,13.30512,  -0.035864, 0.50000,0.50026,0.50849,
unit_sel, 55620801.333, 0, 0,  -0.0082234,  6.00000,0.00010,6.00000,0.00010,0.00000,  5.99990,5.99990,   13.30867,0.03915,0.03895,  1, 6.00000,6.00000, 1, 6.00000,  1, 13.52524,13.30500, 1, 13.30500,   0.00,25.00, 1, 25.00, 0, 0,   0.000,   0.000, 1,   0.010,  0.394, -0.246, 10.000,  0.005,
unit_sim,  55620801.333, 25.00000,25.00000, 13.80000,13.30500,0.00000,13.30500,   0.000,  0.000,  0.000,  0,  -180000.0,   0.50000, 0, 
pro_20220903, 2022-09-04T13:42:56,  55620801.333,10.000,   0,  0,  7,  25.0,13.305,     6.000,     0.018,    13.80000,0.03563,13.26911,13.30512,  -0.036015, 0.50000,0.50027,0.50865,
unit_sel, 55620811.334, 0, 0,  -0.0083846,  6.00000,0.00010,6.00000,0.00010,0.00000,  5.99990,5.99990,   13.30874,0.03937,0.03917,  1, 6.00000,6.00000, 1, 6.00000,  1, 13.52524,13.30500, 1, 13.30500,   0.00,25.00, 1, 25.00, 0, 0,   0.000,   0.000, 1,   0.010,  0.394, -0.246, 10.000,  0.005,
unit_sim,  55620811.334, 25.00000,25.00000, 13.80000,13.30500,0.00000,13.30500,   0.000,  0.000,  0.000,  0,  -180000.0,   0.50000, 0, 
pro_20220903, 2022-09-04T13:43:06,  55620811.334,10.000,   0,  0,  7,  25.0,13.305,     6.000,     0.018,    13.80000,0.03577,13.26896,13.30512,  -0.036165, 0.50000,0.50027,0.50882,
unit_sel, 55620821.333, 0, 0,  -0.0085459,  6.00000,0.00010,6.00000,0.00010,0.00000,  5.99990,5.99990,   13.30882,0.03959,0.03939,  1, 6.00000,6.00000, 1, 6.00000,  1, 13.51663,13.30500, 1, 13.30500,   0.00,25.00, 1, 25.00, 0, 0,   0.000,   0.000, 1,   0.010,  0.394, -0.246, 10.000,  0.005,
unit_sim,  55620821.333, 25.00000,25.00000, 13.80000,13.30500,0.00000,13.30500,   0.000,  0.000,  0.000,  0,  -180000.0,   0.50000, 0, 
pro_20220903, 2022-09-04T13:43:16,  55620821.333,10.000,   0,  0,  7,  25.0,13.305,     6.000,     0.018,    13.80000,0.03591,13.26881,13.30513,  -0.036314, 0.50000,0.50028,0.50898,
unit_sel, 55620831.333, 0, 0,  -0.0087071,  6.00000,0.00010,6.00000,0.00010,0.00000,  5.99990,5.99990,   13.30889,0.03980,0.03960,  1, 6.00000,6.00000, 1, 6.00000,  1, 13.52524,13.30500, 1, 13.30500,   0.00,25.00, 1, 25.00, 0, 0,   0.000,   0.000, 1,   0.010,  0.394, -0.246, 10.000,  0.005,
unit_sim,  55620831.333, 25.00000,25.00000, 13.80000,13.30500,0.00000,13.30500,   0.000,  0.000,  0.000,  0,  -180000.0,   0.50000, 0, 
pro_20220903, 2022-09-04T13:43:26,  55620831.333,10.000,   0,  0,  7,  25.0,13.305,     6.000,     0.019,    13.80000,0.03605,13.26866,13.30513,  -0.036463, 0.50000,0.50028,0.50915,
unit_sel, 55620841.334, 0, 0,  -0.0088683,  6.00000,0.00010,6.00000,0.00010,0.00000,  5.99990,5.99990,   13.30897,0.04002,0.03982,  1, 6.00000,6.00000, 1, 6.00000,  1, 13.52524,13.30500, 1, 13.30500,   0.00,25.00, 1, 25.00, 0, 0,   0.000,   0.000, 1,   0.010,  0.394, -0.246, 10.000,  0.005,
unit_sim,  55620841.334, 25.00000,25.00000, 13.80000,13.30500,0.00000,13.30500,   0.000,  0.000,  0.000,  0,  -180000.0,   0.50000, 0, 
pro_20220903, 2022-09-04T13:43:36,  55620841.334,10.000,   0,  0,  7,  25.0,13.305,     6.000,     0.019,    13.80000,0.03619,13.26852,13.30513,  -0.036612, 0.50000,0.50029,0.50932,
unit_sel, 55620851.333, 0, 0,  -0.0090295,  6.00000,0.00010,6.00000,0.00010,0.00000,  5.99990,5.99990,   13.30904,0.04024,0.04004,  1, 6.00000,6.00000, 1, 6.00000,  1, 13.52093,13.30500, 1, 13.30500,   0.00,25.00, 1, 25.00, 0, 0,   0.000,   0.000, 1,   0.010,  0.394, -0.246, 10.000,  0.005,
unit_sim,  55620851.333, 25.00000,25.00000, 13.80000,13.30500,0.00000,13.30500,   0.000,  0.000,  0.000,  0,  -180000.0,   0.50000, 0, 
pro_20220903, 2022-09-04T13:43:46,  55620851.333,10.000,   0,  0,  7,  25.0,13.305,     6.000,     0.019,    13.80000,0.03633,13.26837,13.30513,  -0.036759, 0.50000,0.50029,0.50948,
unit_sel, 55620861.334, 0, 0,  -0.0091908,  6.00000,0.00010,6.00000,0.00010,0.00000,  5.99990,5.99990,   13.30912,0.04045,0.04025,  1, 6.00000,6.00000, 1, 6.00000,  1, 13.52524,13.30500, 1, 13.30500,   0.00,25.00, 1, 25.00, 0, 0,   0.000,   0.000, 1,   0.010,  0.394, -0.246, 10.000,  0.005,
unit_sim,  55620861.334, 25.00000,25.00000, 13.80000,13.30500,0.00000,13.30500,   0.000,  0.000,  0.000,  0,  -180000.0,   0.50000, 0, 
pro_20220903, 2022-09-04T13:43:56,  55620861.334,10.000,   0,  0,  7,  25.0,13.305,     6.000,     0.020,    13.80000,0.03647,13.26823,13.30513,  -0.036906, 0.50000,0.50030,0.50965,
unit_sel, 55620871.334, 0, 0,  -0.0093520,  6.00000,0.00010,6.00000,0.00010,0.00000,  5.99990,5.99990,   13.30919,0.04067,0.04047,  1, 6.00000,6.00000, 1, 6.00000,  1, 13.52524,13.30500, 1, 13.30500,   0.00,25.00, 1, 25.00, 0, 0,   0.000,   0.000, 1,   0.010,  0.394, -0.246, 10.000,  0.005,
unit_sim,  55620871.334, 25.00000,25.00000, 13.80000,13.30500,0.00000,13.30500,   0.000,  0.000,  0.000,  0,  -180000.0,   0.50000, 0, 
pro_20220903, 2022-09-04T13:44:06,  55620871.334,10.000,   0,  0,  7,  25.0,13.305,     6.000,     0.020,    13.80000,0.03661,13.26808,13.30514,  -0.037054, 0.50000,0.50030,0.50982,
unit_sel, 55620881.333, 0, 0,  -0.0095132,  6.00000,0.00010,6.00000,0.00010,0.00000,  5.99990,5.99990,   13.30927,0.04088,0.04068,  1, 6.00000,6.00000, 1, 6.00000,  1, 13.52093,13.30500, 1, 13.30500,   0.00,25.00, 1, 25.00, 0, 0,   0.000,   0.000, 1,   0.010,  0.394, -0.246, 10.000,  0.005,
unit_sim,  55620881.333, 25.00000,25.00000, 13.80000,13.30500,0.00000,13.30500,   0.000,  0.000,  0.000,  0,  -180000.0,   0.50000, 0, 
pro_20220903, 2022-09-04T13:44:16,  55620881.333,10.000,   0,  0,  7,  25.0,13.305,     6.000,     0.020,    13.80000,0.03675,13.26794,13.30514,  -0.037201, 0.50000,0.50031,0.50998,
unit_sel, 55620891.333, 0, 0,  -0.0096745,  6.00000,0.00010,6.00000,0.00010,0.00000,  5.99990,5.99990,   13.30934,0.04110,0.04090,  1, 6.00000,6.00000, 1, 6.00000,  1, 13.51663,13.30500, 1, 13.30500,   0.00,25.00, 1, 25.00, 0, 0,   0.000,   0.000, 1,   0.010,  0.394, -0.246, 10.000,  0.005,
unit_sim,  55620891.333, 25.00000,25.00000, 13.80000,13.30500,0.00000,13.30500,   0.000,  0.000,  0.000,  0,  -180000.0,   0.50000, 0, 
pro_20220903, 2022-09-04T13:44:26,  55620891.333,10.000,   0,  0,  7,  25.0,13.305,     6.000,     0.021,    13.80000,0.03689,13.26779,13.30514,  -0.037346, 0.50000,0.50031,0.51015,
unit_sel, 55620901.334, 0, 0,  -0.0098357,  6.00000,0.00010,6.00000,0.00010,0.00000,  5.99990,5.99990,   13.30942,0.04131,0.04111,  1, 6.00000,6.00000, 1, 6.00000,  1, 13.51663,13.30500, 1, 13.30500,   0.00,25.00, 1, 25.00, 0, 0,   0.000,   0.000, 1,   0.010,  0.394, -0.246, 10.000,  0.005,
unit_sim,  55620901.334, 25.00000,25.00000, 13.80000,13.30500,0.00000,13.30500,   0.000,  0.000,  0.000,  0,  -180000.0,   0.50000, 0, 
pro_20220903, 2022-09-04T13:44:36,  55620901.334,10.000,   0,  0,  7,  25.0,13.305,     6.000,     0.021,    13.80000,0.03703,13.26765,13.30514,  -0.037491, 0.50000,0.50032,0.51032,
unit_sel, 55620911.333, 0, 0,  -0.0099969,  6.00000,0.00010,6.00000,0.00010,0.00000,  5.99990,5.99990,   13.30949,0.04152,0.04132,  1, 6.00000,6.00000, 1, 6.00000,  1, 13.52524,13.30500, 1, 13.30500,   0.00,25.00, 1, 25.00, 0, 0,   0.000,   0.000, 1,   0.010,  0.394, -0.246, 10.000,  0.005,
unit_sim,  55620911.333, 25.00000,25.00000, 13.80000,13.30500,0.00000,13.30500,   0.000,  0.000,  0.000,  0,  -180000.0,   0.50000, 0, 
pro_20220903, 2022-09-04T13:44:46,  55620911.333,10.000,   0,  0,  7,  25.0,13.305,     6.000,     0.021,    13.80000,0.03717,13.26751,13.30515,  -0.037636, 0.50000,0.50032,0.51048,
unit_sel, 55620921.333, 0, 0,  -0.0101581,  6.00000,0.00010,6.00000,0.00010,0.00000,  5.99990,5.99990,   13.30957,0.04173,0.04154,  1, 6.00000,6.00000, 1, 6.00000,  1, 13.52093,13.30500, 1, 13.30500,   0.00,25.00, 1, 25.00, 0, 16,   0.000,   0.000, 1,   0.010,  0.394, -0.246, 10.000,  0.005,
unit_sim,  55620921.333, 25.00000,25.00000, 13.80000,13.30500,0.00000,13.30500,   0.000,  0.000,  0.000,  0,  -180000.0,   0.50000, 0, 
pro_20220903, 2022-09-04T13:44:56,  55620921.333,10.000,   0,  0,  7,  25.0,13.305,     6.000,     0.022,    13.80000,0.03730,13.26737,13.30515,  -0.037781, 0.50000,0.50033,0.51065,
unit_sel, 55620931.334, 0, 0,  -0.0103194,  6.00000,0.00010,6.00000,0.00010,0.00000,  5.99990,5.99990,   13.30964,0.04195,0.04175,  1, 6.00000,6.00000, 1, 6.00000,  1, 13.52524,13.30500, 1, 13.30500,   0.00,25.00, 1, 25.00, 0, 16,   0.000,   0.000, 1,   0.010,  0.394, -0.246, 10.000,  0.005,
unit_sim,  55620931.334, 25.00000,25.00000, 13.80000,13.30500,0.00000,13.30500,   0.000,  0.000,  0.000,  0,  -180000.0,   0.50000, 0, 
pro_20220903, 2022-09-04T13:45:06,  55620931.334,10.000,   0,  0,  7,  25.0,13.305,     6.000,     0.022,    13.80000,0.03744,13.26723,13.30515,  -0.037925, 0.50000,0.50033,0.51082,
unit_sel, 55620941.333, 0, 0,  -0.0104806,  6.00000,0.00010,6.00000,0.00010,0.00000,  5.99990,5.99990,   13.30972,0.04216,0.04196,  1, 6.00000,6.00000, 1, 6.00000,  1, 13.51663,13.30500, 1, 13.30500,   0.00,25.00, 1, 25.00, 0, 16,   0.000,   0.000, 1,   0.010,  0.394, -0.246, 10.000,  0.005,
unit_sim,  55620941.333, 25.00000,25.00000, 13.80000,13.30500,0.00000,13.30500,   0.000,  0.000,  0.000,  0,  -180000.0,   0.50000, 0, 
pro_20220903, 2022-09-04T13:45:16,  55620941.333,10.000,   0,  0,  7,  25.0,13.305,     6.000,     0.022,    13.80000,0.03757,13.26709,13.30515,  -0.038068, 0.50000,0.50034,0.51098,
unit_sel, 55620951.334, 0, 0,  -0.0106418,  6.00000,0.00010,6.00000,0.00010,0.00000,  5.99990,5.99990,   13.30979,0.04237,0.04217,  1, 6.00000,6.00000, 1, 6.00000,  1, 13.52093,13.30500, 1, 13.30500,   0.00,25.00, 1, 25.00, 0, 16,   0.000,   0.000, 1,   0.010,  0.394, -0.246, 10.000,  0.005,
unit_sim,  55620951.334, 25.00000,25.00000, 13.80000,13.30500,0.00000,13.30500,   0.000,  0.000,  0.000,  0,  -180000.0,   0.50000, 0, 
pro_20220903, 2022-09-04T13:45:26,  55620951.334,10.000,   0,  0,  7,  25.0,13.305,     6.000,     0.023,    13.80000,0.03771,13.26694,13.30516,  -0.038211, 0.50000,0.50035,0.51115,
unit_sel, 55620961.334, 0, 0,  -0.0108030,  6.00000,0.00010,6.00000,0.00010,0.00000,  5.99990,5.99990,   13.30987,0.04258,0.04238,  1, 6.00000,6.00000, 1, 6.00000,  1, 13.52524,13.30500, 1, 13.30500,   0.00,25.00, 1, 25.00, 0, 16,   0.000,   0.000, 1,   0.010,  0.394, -0.246, 10.000,  0.005,
unit_sim,  55620961.334, 25.00000,25.00000, 13.80000,13.30500,0.00000,13.30500,   0.000,  0.000,  0.000,  0,  -180000.0,   0.50000, 0, 
pro_20220903, 2022-09-04T13:45:36,  55620961.334,10.000,   0,  0,  7,  25.0,13.305,     6.000,     0.023,    13.80000,0.03784,13.26680,13.30516,  -0.038354, 0.50000,0.50035,0.51131,
unit_sel, 55620971.333, 0, 0,  -0.0109643,  6.00000,0.00010,6.00000,0.00010,0.00000,  5.99990,5.99990,   13.30994,0.04279,0.04259,  1, 6.00000,6.00000, 1, 6.00000,  1, 13.52093,13.30500, 1, 13.30500,   0.00,25.00, 1, 25.00, 0, 16,   0.000,   0.000, 1,   0.010,  0.394, -0.246, 10.000,  0.005,
unit_sim,  55620971.333, 25.00000,25.00000, 13.80000,13.30500,0.00000,13.30500,   0.000,  0.000,  0.000,  0,  -180000.0,   0.50000, 0, 
pro_20220903, 2022-09-04T13:45:46,  55620971.333,10.000,   0,  0,  7,  25.0,13.305,     6.000,     0.023,    13.80000,0.03798,13.26667,13.30516,  -0.038495, 0.50000,0.50036,0.51148,
unit_sel, 55620981.333, 0, 0,  -0.0111255,  6.00000,0.00010,6.00000,0.00010,0.00000,  5.99990,5.99990,   13.31002,0.04300,0.04280,  1, 6.00000,6.00000, 1, 6.00000,  1, 13.52524,13.30500, 1, 13.30500,   0.00,25.00, 1, 25.00, 0, 16,   0.000,   0.000, 1,   0.010,  0.394, -0.246, 10.000,  0.005,
unit_sim,  55620981.333, 25.00000,25.00000, 13.80000,13.30500,0.00000,13.30500,   0.000,  0.000,  0.000,  0,  -180000.0,   0.50000, 0, 
pro_20220903, 2022-09-04T13:45:56,  55620981.333,10.000,   0,  0,  7,  25.0,13.305,     6.000,     0.024,    13.80000,0.03811,13.26653,13.30516,  -0.038636, 0.50000,0.50036,0.51165,
unit_sel, 55620991.334, 0, 0,  -0.0112867,  6.00000,0.00010,6.00000,0.00010,0.00000,  5.99990,5.99990,   13.31009,0.04320,0.04301,  1, 6.00000,6.00000, 1, 6.00000,  1, 13.52954,13.30500, 1, 13.30500,   0.00,25.00, 1, 25.00, 0, 16,   0.000,   0.000, 1,   0.010,  0.394, -0.246, 10.000,  0.005,
unit_sim,  55620991.334, 25.00000,25.00000, 13.80000,13.30500,0.00000,13.30500,   0.000,  0.000,  0.000,  0,  -180000.0,   0.50000, 0, 
pro_20220903, 2022-09-04T13:46:06,  55620991.334,10.000,   0,  0,  7,  25.0,13.305,     6.000,     0.024,    13.80000,0.03825,13.26639,13.30517,  -0.038777, 0.50000,0.50037,0.51181,
unit_sel, 55621001.333, 0, 0,  -0.0114480,  6.00000,0.00010,6.00000,0.00010,0.00000,  5.99990,5.99990,   13.31017,0.04341,0.04322,  1, 6.00000,6.00000, 1, 6.00000,  1, 13.52524,13.30500, 1, 13.30500,   0.00,25.00, 1, 25.00, 0, 16,   0.000,   0.000, 1,   0.010,  0.394, -0.246, 10.000,  0.005,
unit_sim,  55621001.333, 25.00000,25.00000, 13.80000,13.30500,0.00000,13.30500,   0.000,  0.000,  0.000,  0,  -180000.0,   0.50000, 0, 
pro_20220903, 2022-09-04T13:46:16,  55621001.333,10.000,   0,  0,  7,  25.0,13.305,     6.000,     0.024,    13.80000,0.03838,13.26625,13.30517,  -0.038918, 0.50000,0.50037,0.51198,
unit_sel, 55621011.333, 0, 0,  -0.0116092,  6.00000,0.00010,6.00000,0.00010,0.00000,  5.99990,5.99990,   13.31024,0.04362,0.04343,  1, 6.00000,6.00000, 1, 6.00000,  1, 13.51663,13.30500, 1, 13.30500,   0.00,25.00, 1, 25.00, 0, 16,   0.000,   0.000, 1,   0.010,  0.394, -0.246, 10.000,  0.005,
unit_sim,  55621011.333, 25.00000,25.00000, 13.80000,13.30500,0.00000,13.30500,   0.000,  0.000,  0.000,  0,  -180000.0,   0.50000, 0, 
pro_20220903, 2022-09-04T13:46:26,  55621011.333,10.000,   0,  0,  7,  25.0,13.305,     6.000,     0.025,    13.80000,0.03851,13.26611,13.30517,  -0.039056, 0.50000,0.50038,0.51215,
unit_sel, 55621021.334, 0, 0,  -0.0117704,  6.00000,0.00010,6.00000,0.00010,0.00000,  5.99990,5.99990,   13.31032,0.04383,0.04363,  1, 6.00000,6.00000, 1, 6.00000,  1, 13.52524,13.30500, 1, 13.30500,   0.00,25.00, 1, 25.00, 0, 16,   0.000,  -0.000, 1,   0.010,  0.394, -0.246, 10.000,  0.005,
unit_sim,  55621021.334, 25.00000,25.00000, 13.80000,13.30500,0.00000,13.30500,   0.000,  0.000,  0.000,  0,  -180000.0,   0.50000, 0, 
pro_20220903, 2022-09-04T13:46:36,  55621021.334,10.000,   0,  0,  7,  25.0,13.305,     6.000,     0.025,    13.80000,0.03864,13.26598,13.30517,  -0.039196, 0.50000,0.50038,0.51231,
unit_sel, 55621031.333, 0, 0,  -0.0119316,  6.00000,0.00010,6.00000,0.00010,0.00000,  5.99990,5.99990,   13.31039,0.04403,0.04384,  1, 6.00000,6.00000, 1, 6.00000,  1, 13.52524,13.30500, 1, 13.30500,   0.00,25.00, 1, 25.00, 0, 16,   0.000,  -0.000, 1,   0.010,  0.394, -0.246, 10.000,  0.005,
unit_sim,  55621031.333, 25.00000,25.00000, 13.80000,13.30500,0.00000,13.30500,   0.000,  0.000,  0.000,  0,  -180000.0,   0.50000, 0, 
pro_20220903, 2022-09-04T13:46:46,  55621031.333,10.000,   0,  0,  7,  25.0,13.305,     6.000,     0.025,    13.80000,0.03877,13.26584,13.30517,  -0.039335, 0.50000,0.50039,0.51248,
unit_sel, 55621041.333, 0, 0,  -0.0120929,  6.00000,0.00010,6.00000,0.00010,0.00000,  5.99990,5.99990,   13.31047,0.04424,0.04405,  1, 6.00000,6.00000, 1, 6.00000,  1, 13.52524,13.30500, 1, 13.30500,   0.00,25.00, 1, 25.00, 0, 16,   0.000,  -0.000, 1,   0.010,  0.394, -0.246, 10.000,  0.005,
unit_sim,  55621041.333, 25.00000,25.00000, 13.80000,13.30500,0.00000,13.30500,   0.000,  0.000,  0.000,  0,  -180000.0,   0.50000, 0, 
pro_20220903, 2022-09-04T13:46:56,  55621041.333,10.000,   0,  0,  7,  25.0,13.305,     6.000,     0.026,    13.80000,0.03891,13.26570,13.30518,  -0.039472, 0.50000,0.50039,0.51265,
unit_sel, 55621051.334, 0, 0,  -0.0122541,  6.00000,0.00010,6.00000,0.00010,0.00000,  5.99990,5.99990,   13.31054,0.04445,0.04425,  1, 6.00000,6.00000, 1, 6.00000,  1, 13.52093,13.30500, 1, 13.30500,   0.00,25.00, 1, 25.00, 0, 16,   0.000,  -0.000, 1,   0.010,  0.394, -0.246, 10.000,  0.005,
unit_sim,  55621051.334, 25.00000,25.00000, 13.80000,13.30500,0.00000,13.30500,   0.000,  0.000,  0.000,  0,  -180000.0,   0.50000, 0, 
pro_20220903, 2022-09-04T13:47:06,  55621051.334,10.000,   0,  0,  7,  25.0,13.305,     6.000,     0.026,    13.80000,0.03904,13.26557,13.30518,  -0.039611, 0.50000,0.50040,0.51281,
unit_sel, 55621061.333, 0, 0,  -0.0124153,  6.00000,0.00010,6.00000,0.00010,0.00000,  5.99990,5.99990,   13.31062,0.04465,0.04446,  1, 6.00000,6.00000, 1, 6.00000,  1, 13.52524,13.30500, 1, 13.30500,   0.00,25.00, 1, 25.00, 0, 16,   0.000,  -0.000, 1,   0.010,  0.394, -0.246, 10.000,  0.005,
unit_sim,  55621061.333, 25.00000,25.00000, 13.80000,13.30500,0.00000,13.30500,   0.000,  0.000,  0.000,  0,  -180000.0,   0.50000, 0, 
pro_20220903, 2022-09-04T13:47:16,  55621061.333,10.000,   0,  0,  7,  25.0,13.305,     6.000,     0.026,    13.80000,0.03917,13.26543,13.30518,  -0.039749, 0.50000,0.50040,0.51298,
unit_sel, 55621071.333, 0, 0,  -0.0125766,  6.00000,0.00010,6.00000,0.00010,0.00000,  5.99990,5.99990,   13.31069,0.04486,0.04467,  1, 6.00000,6.00000, 1, 6.00000,  1, 13.52093,13.30500, 1, 13.30500,   0.00,25.00, 1, 25.00, 0, 16,   0.000,  -0.000, 1,   0.010,  0.394, -0.246, 10.000,  0.005,
unit_sim,  55621071.333, 25.00000,25.00000, 13.80000,13.30500,0.00000,13.30500,   0.000,  0.000,  0.000,  0,  -180000.0,   0.50000, 0, 
pro_20220903, 2022-09-04T13:47:26,  55621071.333,10.000,   0,  0,  7,  25.0,13.305,     6.000,     0.027,    13.80000,0.03929,13.26530,13.30518,  -0.039885, 0.50000,0.50041,0.51315,
unit_sel, 55621081.334, 0, 0,  -0.0127378,  6.00000,0.00010,6.00000,0.00010,0.00000,  5.99990,5.99990,   13.31077,0.04506,0.04487,  1, 6.00000,6.00000, 1, 6.00000,  1, 13.52524,13.30500, 1, 13.30500,   0.00,25.00, 1, 25.00, 0, 16,   0.000,  -0.000, 1,   0.010,  0.394, -0.246, 10.000,  0.005,
unit_sim,  55621081.334, 25.00000,25.00000, 13.80000,13.30500,0.00000,13.30500,   0.000,  0.000,  0.000,  0,  -180000.0,   0.50000, 0, 
pro_20220903, 2022-09-04T13:47:36,  55621081.334,10.000,   0,  0,  7,  25.0,13.305,     6.000,     0.027,    13.80000,0.03942,13.26516,13.30519,  -0.040021, 0.50000,0.50041,0.51331,
unit_sel, 55621091.333, 0, 0,  -0.0128990,  6.00000,0.00010,6.00000,0.00010,0.00000,  5.99990,5.99990,   13.31084,0.04526,0.04507,  1, 6.00000,6.00000, 1, 6.00000,  1, 13.52524,13.30500, 1, 13.30500,   0.00,25.00, 1, 25.00, 0, 16,   0.000,  -0.000, 1,   0.010,  0.394, -0.246, 10.000,  0.005,
unit_sim,  55621091.333, 25.00000,25.00000, 13.80000,13.30500,0.00000,13.30500,   0.000,  0.000,  0.000,  0,  -180000.0,   0.50000, 0, 
pro_20220903, 2022-09-04T13:47:46,  55621091.333,10.000,   0,  0,  7,  25.0,13.305,     6.000,     0.027,    13.80000,0.03955,13.26503,13.30519,  -0.040157, 0.50000,0.50042,0.51348,
unit_sel, 55621101.333, 0, 0,  -0.0130602,  6.00000,0.00010,6.00000,0.00010,0.00000,  5.99990,5.99990,   13.31092,0.04547,0.04528,  1, 6.00000,6.00000, 1, 6.00000,  1, 13.51663,13.30500, 1, 13.30500,   0.00,25.00, 1, 25.00, 0, 16,   0.000,  -0.000, 1,   0.010,  0.394, -0.246, 10.000,  0.005,
unit_sim,  55621101.333, 25.00000,25.00000, 13.80000,13.30500,0.00000,13.30500,   0.000,  0.000,  0.000,  0,  -180000.0,   0.50000, 0, 
pro_20220903, 2022-09-04T13:47:56,  55621101.333,10.000,   0,  0,  7,  25.0,13.305,     6.000,     0.028,    13.80000,0.03968,13.26490,13.30519,  -0.040293, 0.50000,0.50042,0.51364,
unit_sel, 55621111.334, 0, 0,  -0.0132215,  6.00000,0.00010,6.00000,0.00010,0.00000,  5.99990,5.99990,   13.31099,0.04567,0.04548,  1, 6.00000,6.00000, 1, 6.00000,  1, 13.52524,13.30500, 1, 13.30500,   0.00,25.00, 1, 25.00, 0, 16,   0.000,  -0.000, 1,   0.010,  0.394, -0.246, 10.000,  0.005,
unit_sim,  55621111.334, 25.00000,25.00000, 13.80000,13.30500,0.00000,13.30500,   0.000,  0.000,  0.000,  0,  -180000.0,   0.50000, 0, 
pro_20220903, 2022-09-04T13:48:06,  55621111.334,10.000,   0,  0,  7,  25.0,13.305,     6.000,     0.028,    13.80000,0.03981,13.26477,13.30519,  -0.040428, 0.50000,0.50043,0.51381,
unit_sel, 55621121.333, 0, 0,  -0.0133827,  6.00000,0.00010,6.00000,0.00010,0.00000,  5.99990,5.99990,   13.31107,0.04587,0.04568,  1, 6.00000,6.00000, 1, 6.00000,  1, 13.52524,13.30500, 1, 13.30500,   0.00,25.00, 1, 25.00, 0, 16,   0.000,  -0.000, 1,   0.010,  0.394, -0.246, 10.000,  0.005,
unit_sim,  55621121.333, 25.00000,25.00000, 13.80000,13.30500,0.00000,13.30500,   0.000,  0.000,  0.000,  0,  -180000.0,   0.50000, 0, 
pro_20220903, 2022-09-04T13:48:16,  55621121.333,10.000,   0,  0,  7,  25.0,13.305,     6.000,     0.028,    13.80000,0.03993,13.26463,13.30519,  -0.040562, 0.50000,0.50043,0.51398,
unit_sel, 55621131.333, 0, 0,  -0.0135439,  6.00000,0.00010,6.00000,0.00010,0.00000,  5.99990,5.99990,   13.31114,0.04607,0.04589,  1, 6.00000,6.00000, 1, 6.00000,  1, 13.52954,13.30500, 1, 13.30500,   0.00,25.00, 1, 25.00, 0, 16,   0.000,  -0.000, 1,   0.010,  0.394, -0.246, 10.000,  0.005,
unit_sim,  55621131.333, 25.00000,25.00000, 13.80000,13.30500,0.00000,13.30500,   0.000,  0.000,  0.000,  0,  -180000.0,   0.50000, 0, 
pro_20220903, 2022-09-04T13:48:26,  55621131.333,10.000,   0,  0,  7,  25.0,13.305,     6.000,     0.029,    13.80000,0.04006,13.26450,13.30520,  -0.040696, 0.50000,0.50044,0.51414,
unit_sel, 55621141.334, 0, 0,  -0.0137052,  6.00000,0.00010,6.00000,0.00010,0.00000,  5.99990,5.99990,   13.31122,0.04628,0.04609,  1, 6.00000,6.00000, 1, 6.00000,  1, 13.52093,13.30500, 1, 13.30500,   0.00,25.00, 1, 25.00, 0, 16,   0.000,  -0.000, 1,   0.010,  0.394, -0.246, 10.000,  0.005,
unit_sim,  55621141.334, 25.00000,25.00000, 13.80000,13.30500,0.00000,13.30500,   0.000,  0.000,  0.000,  0,  -180000.0,   0.50000, 0, 
pro_20220903, 2022-09-04T13:48:36,  55621141.334,10.000,   0,  0,  7,  25.0,13.305,     6.000,     0.029,    13.80000,0.04019,13.26437,13.30520,  -0.040830, 0.50000,0.50044,0.51431,
unit_sel, 55621151.334, 0, 0,  -0.0138664,  6.00000,0.00010,6.00000,0.00010,0.00000,  5.99990,5.99990,   13.31129,0.04648,0.04629,  1, 6.00000,6.00000, 1, 6.00000,  1, 13.52093,13.30500, 1, 13.30500,   0.00,25.00, 1, 25.00, 0, 16,   0.000,  -0.000, 1,   0.010,  0.394, -0.246, 10.000,  0.005,
unit_sim,  55621151.334, 25.00000,25.00000, 13.80000,13.30500,0.00000,13.30500,   0.000,  0.000,  0.000,  0,  -180000.0,   0.50000, 0, 
pro_20220903, 2022-09-04T13:48:46,  55621151.334,10.000,   0,  0,  7,  25.0,13.305,     6.000,     0.030,    13.80000,0.04031,13.26424,13.30520,  -0.040963, 0.50000,0.50045,0.51448,
unit_sel, 55621161.333, 0, 0,  -0.0140276,  6.00000,0.00010,6.00000,0.00010,0.00000,  5.99990,5.99990,   13.31137,0.04668,0.04649,  1, 6.00000,6.00000, 1, 6.00000,  1, 13.52524,13.30500, 1, 13.30500,   0.00,25.00, 1, 25.00, 0, 16,   0.000,  -0.000, 1,   0.010,  0.394, -0.246, 10.000,  0.005,
unit_sim,  55621161.333, 25.00000,25.00000, 13.80000,13.30500,0.00000,13.30500,   0.000,  0.000,  0.000,  0,  -180000.0,   0.50000, 0, 
pro_20220903, 2022-09-04T13:48:56,  55621161.333,10.000,   0,  0,  7,  25.0,13.305,     6.000,     0.030,    13.80000,0.04044,13.26411,13.30520,  -0.041095, 0.50000,0.50045,0.51464,
unit_sel, 55621171.334, 0, 0,  -0.0141888,  6.00000,0.00010,6.00000,0.00010,0.00000,  5.99990,5.99990,   13.31144,0.04688,0.04669,  1, 6.00000,6.00000, 1, 6.00000,  1, 13.52093,13.30500, 1, 13.30500,   0.00,25.00, 1, 25.00, 0, 16,   0.000,  -0.000, 1,   0.010,  0.394, -0.246, 10.000,  0.005,
unit_sim,  55621171.334, 25.00000,25.00000, 13.80000,13.30500,0.00000,13.30500,   0.000,  0.000,  0.000,  0,  -180000.0,   0.50000, 0, 
pro_20220903, 2022-09-04T13:49:06,  55621171.334,10.000,   0,  0,  7,  25.0,13.305,     6.000,     0.030,    13.80000,0.04056,13.26398,13.30521,  -0.041228, 0.50000,0.50046,0.51481,
unit_sel, 55621181.333, 0, 0,  -0.0143501,  6.00000,0.00010,6.00000,0.00010,0.00000,  5.99990,5.99990,   13.31151,0.04708,0.04689,  1, 6.00000,6.00000, 1, 6.00000,  1, 13.52524,13.30500, 1, 13.30500,   0.00,25.00, 1, 25.00, 0, 16,   0.000,  -0.000, 1,   0.010,  0.394, -0.246, 10.000,  0.005,
unit_sim,  55621181.333, 25.00000,25.00000, 13.80000,13.30500,0.00000,13.30500,   0.000,  0.000,  0.000,  0,  -180000.0,   0.50000, 0, 
pro_20220903, 2022-09-04T13:49:16,  55621181.333,10.000,   0,  0,  7,  25.0,13.305,     6.000,     0.031,    13.80000,0.04069,13.26385,13.30521,  -0.041360, 0.50000,0.50046,0.51498,
unit_sel, 55621191.333, 0, 0,  -0.0145113,  6.00000,0.00010,6.00000,0.00010,0.00000,  5.99990,5.99990,   13.31159,0.04728,0.04709,  1, 6.00000,6.00000, 1, 6.00000,  1, 13.52093,13.30500, 1, 13.30500,   0.00,25.00, 1, 25.00, 0, 16,   0.000,  -0.000, 1,   0.010,  0.394, -0.246, 10.000,  0.005,
unit_sim,  55621191.333, 25.00000,25.00000, 13.80000,13.30500,0.00000,13.30500,   0.000,  0.000,  0.000,  0,  -180000.0,   0.50000, 0, 
pro_20220903, 2022-09-04T13:49:26,  55621191.333,10.000,   0,  0,  7,  25.0,13.305,     6.000,     0.031,    13.80000,0.04081,13.26372,13.30521,  -0.041490, 0.50000,0.50047,0.51514,
unit_sel, 55621201.334, 0, 0,  -0.0146725,  6.00000,0.00010,6.00000,0.00010,0.00000,  5.99990,5.99990,   13.31166,0.04747,0.04729,  1, 6.00000,6.00000, 1, 6.00000,  1, 13.52093,13.30500, 1, 13.30500,   0.00,25.00, 1, 25.00, 0, 16,   0.000,  -0.000, 1,   0.010,  0.394, -0.246, 10.000,  0.005,
unit_sim,  55621201.334, 25.00000,25.00000, 13.80000,13.30500,0.00000,13.30500,   0.000,  0.000,  0.000,  0,  -180000.0,   0.50000, 0, 
pro_20220903, 2022-09-04T13:49:36,  55621201.334,10.000,   0,  0,  7,  25.0,13.305,     6.000,     0.031,    13.80000,0.04093,13.26359,13.30521,  -0.041621, 0.50000,0.50047,0.51531,
unit_sel, 55621211.333, 0, 0,  -0.0148338,  6.00000,0.00010,6.00000,0.00010,0.00000,  5.99990,5.99990,   13.31174,0.04767,0.04749,  1, 6.00000,6.00000, 1, 6.00000,  1, 13.52093,13.30500, 1, 13.30500,   0.00,25.00, 1, 25.00, 0, 16,   0.000,  -0.000, 1,   0.010,  0.394, -0.246, 10.000,  0.005,
unit_sim,  55621211.333, 25.00000,25.00000, 13.80000,13.30500,0.00000,13.30500,   0.000,  0.000,  0.000,  0,  -180000.0,   0.50000, 0, 
pro_20220903, 2022-09-04T13:49:46,  55621211.333,10.000,   0,  0,  7,  25.0,13.305,     6.000,     0.032,    13.80000,0.04106,13.26347,13.30522,  -0.041751, 0.50000,0.50048,0.51548,
echo:  Pf, 4
echo:  , 4
unit_sel, 55621221.333, 0, 0,  -0.0149950,  6.00000,0.00010,6.00000,0.00010,0.00000,  5.99990,5.99990,   13.31181,0.04787,0.04769,  1, 6.00000,6.00000, 1, 6.00000,  1, 13.52524,13.30500, 1, 13.30500,   0.00,25.00, 1, 25.00, 0, 16,   0.000,  -0.000, 1,   0.010,  0.394, -0.246, 10.000,  0.005,
unit_sim,  55621221.333, 25.00000,25.00000, 13.80000,13.30500,0.00000,13.30500,   0.000,  0.000,  0.000,  0,  -180000.0,   0.50000, 0, 
pro_20220903, 2022-09-04T13:49:56,  55621221.333,10.000,   0,  0,  7,  25.0,13.305,     6.000,     0.032,    13.80000,0.04118,13.26334,13.30522,  -0.041881, 0.50000,0.50049,0.51564,
echo:  Pf, 0

Sen::Fault:
 cc_diff = -0.015; thr=  0.010;
 e_w_f   =  0.048; thr= -0.246,  0.394;
 ib_diff =  6.000; thr= 10.000;
 ib_quiet= -0.000; thr=  0.005;
 voc_soc= 13.312;
 soc=  0.516;
 voc= 13.264;
 disab_ib_fa=0;
 disab_tb_fa=0;
 disab_vb_fa=0;
 imh=  6.000;
 inh=  0.000;
 imm=  6.000;
 inm=  0.000;
 ibd_f=  6.000;
 mod_tb=1, mod_vb=1, mod_ib=1
 tb_s_st=1, vb_s_st=1, ib_s_st=1
 nbar=0;
 mbar=0;
 ib_dsc_ft=0;'Sq v'
 ibd_lo_ft=0;'Sd, *SA/*SB ^'
 ibd_hi_ft=0;'Sd, *SA/*SB ^'
 red_loss=0;
 wl_ft=0;    'Sb ^'
 wh_ft=0;    'Sa ^'
    4
 ibn_ft=0;   'Fi 1'
 ibm_ft=0;   'Fi 1'
 vb_ft=0;    'Fv 1'
 tb_ft=0;    'Ft 1'
  0000000000000;
  CBA98765x3210
 fltw=0;
 ib_dsc_fa=0;'Sq v'
 ibd_lo_fa=0;'Sd, *SA/*SB ^'
 ibd_hi_fa=0;'Sd, *SA/*SB ^'
 wv_fa=0;    'Sd, Sa/Sb ^'
 wl_fa=0;    'Sb ^'
 wh_fa=0;    'Sa ^'
 cc_dif_fa=1;'Sf ^'
 ibn_fa=0;   'Fi 1'
 ibm_fa=0;   'Fi 1'
 vb_fa=0;    'Fv 1'
 tb_fa=0;    'Ft 1'
  00000010000;
  A9876543210
 falw=16;
unit_sel, 55621231.334, 0, 0,  -0.0151562,  6.00000,0.00010,6.00000,0.00010,0.00000,  5.99990,5.99990,   13.31189,0.04807,0.04788,  1, 6.00000,6.00000, 1, 6.00000,  1, 13.52524,13.30500, 1, 13.30500,   0.00,25.00, 1, 25.00, 0, 16,   0.000,  -0.000, 1,   0.010,  0.394, -0.246, 10.000,  0.005,
unit_sim,  55621231.334, 25.00000,25.00000, 13.80000,13.30500,0.00000,13.30500,   0.000,  0.000,  0.000,  0,  -180000.0,   0.50000, 0, 
pro_20220903, 2022-09-04T13:50:06,  55621231.334,10.000,   0,  0,  7,  25.0,13.305,     6.000,     0.032,    13.80000,0.04130,13.26321,13.30522,  -0.042010, 0.50000,0.50049,0.51581,
echo:  , 0
  ? 'h'
unit_sel, 55621241.333, 0, 0,  -0.0153174,  6.00000,0.00010,6.00000,0.00010,0.00000,  5.99990,5.99990,   13.31196,0.04826,0.04808,  1, 6.00000,6.00000, 1, 6.00000,  1, 13.52524,13.30500, 1, 13.30500,   0.00,25.00, 1, 25.00, 0, 16,   0.000,  -0.000, 1,   0.010,  0.394, -0.246, 10.000,  0.005,
unit_sim,  55621241.333, 25.00000,25.00000, 13.80000,13.30500,0.00000,13.30500,   0.000,  0.000,  0.000,  0,  -180000.0,   0.50000, 0, 
pro_20220903, 2022-09-04T13:50:16,  55621241.333,10.000,   0,  0,  7,  25.0,13.305,     6.000,     0.033,    13.80000,0.04142,13.26308,13.30522,  -0.042139, 0.50000,0.50050,0.51597,
unit_sel, 55621251.333, 0, 0,  -0.0154787,  6.00000,0.00010,6.00000,0.00010,0.00000,  5.99990,5.99990,   13.31204,0.04846,0.04828,  1, 6.00000,6.00000, 1, 6.00000,  1, 13.52093,13.30500, 1, 13.30500,   0.00,25.00, 1, 25.00, 0, 16,   0.000,  -0.000, 1,   0.010,  0.394, -0.246, 10.000,  0.005,
unit_sim,  55621251.333, 25.00000,25.00000, 13.80000,13.30500,0.00000,13.30500,   0.000,  0.000,  0.000,  0,  -180000.0,   0.50000, 0, 
pro_20220903, 2022-09-04T13:50:26,  55621251.333,10.000,   0,  0,  7,  25.0,13.305,     6.000,     0.033,    13.80000,0.04154,13.26296,13.30523,  -0.042268, 0.50000,0.50050,0.51614,
echo:  Sd.5, 4
echo:  , 4
unit_sel, 55621261.334, 0, 0,  -0.0156399,  6.00000,0.00010,6.00000,0.00010,0.00000,  5.99990,5.99990,   13.31211,0.04866,0.04847,  1, 6.00000,6.00000, 1, 6.00000,  1, 13.52524,13.30500, 1, 13.30500,   0.00,25.00, 1, 25.00, 0, 16,   0.000,   0.000, 1,   0.010,  0.394, -0.246, 10.000,  0.005,
unit_sim,  55621261.334, 25.00000,25.00000, 13.80000,13.30500,0.00000,13.30500,   0.000,  0.000,  0.000,  0,  -180000.0,   0.50000, 0, 
pro_20220903, 2022-09-04T13:50:36,  55621261.334,10.000,   0,  0,  7,  25.0,13.305,     6.000,     0.033,    13.80000,0.04166,13.26283,13.30523,  -0.042395, 0.50000,0.50051,0.51631,
echo:  Sd.5, 0
d ? 'h'
unit_sel, 55621271.333, 0, 0,  -0.0158011,  6.00000,0.00010,6.00000,0.00010,0.00000,  5.99990,5.99990,   13.31219,0.04885,0.04867,  1, 6.00000,6.00000, 1, 6.00000,  1, 13.52093,13.30500, 1, 13.30500,   0.00,25.00, 1, 25.00, 0, 16,   0.000,   0.000, 1,   0.010,  0.394, -0.246, 10.000,  0.005,
unit_sim,  55621271.333, 25.00000,25.00000, 13.80000,13.30500,0.00000,13.30500,   0.000,  0.000,  0.000,  0,  -180000.0,   0.50000, 0, 
pro_20220903, 2022-09-04T13:50:46,  55621271.333,10.000,   0,  0,  7,  25.0,13.305,     6.000,     0.034,    13.80000,0.04178,13.26271,13.30523,  -0.042523, 0.50000,0.50051,0.51647,
echo:  , 0
  ? 'h'
unit_sel, 55621281.333, 0, 0,  -0.0159624,  6.00000,0.00010,6.00000,0.00010,0.00000,  5.99990,5.99990,   13.31226,0.04905,0.04886,  1, 6.00000,6.00000, 1, 6.00000,  1, 13.52524,13.30500, 1, 13.30500,   0.00,25.00, 1, 25.00, 0, 16,   0.000,   0.000, 1,   0.010,  0.394, -0.246, 10.000,  0.005,
unit_sim,  55621281.333, 25.00000,25.00000, 13.80000,13.30500,0.00000,13.30500,   0.000,  0.000,  0.000,  0,  -180000.0,   0.50000, 0, 
pro_20220903, 2022-09-04T13:50:56,  55621281.333,10.000,   0,  0,  7,  25.0,13.305,     6.000,     0.034,    13.80000,0.04190,13.26258,13.30523,  -0.042650, 0.50000,0.50052,0.51664,
unit_sel, 55621291.334, 0, 0,  -0.0161236,  6.00000,0.00010,6.00000,0.00010,0.00000,  5.99990,5.99990,   13.31234,0.04924,0.04906,  1, 6.00000,6.00000, 1, 6.00000,  1, 13.52093,13.30500, 1, 13.30500,   0.00,25.00, 1, 25.00, 0, 16,   0.000,   0.000, 1,   0.010,  0.394, -0.246, 10.000,  0.005,
unit_sim,  55621291.334, 25.00000,25.00000, 13.80000,13.30500,0.00000,13.30500,   0.000,  0.000,  0.000,  0,  -180000.0,   0.50000, 0, 
pro_20220903, 2022-09-04T13:51:06,  55621291.334,10.000,   0,  0,  7,  25.0,13.305,     6.000,     0.034,    13.80000,0.04202,13.26246,13.30523,  -0.042776, 0.50000,0.50052,0.51681,
unit_sel, 55621301.333, 0, 0,  -0.0162848,  6.00000,0.00010,6.00000,0.00010,0.00000,  5.99990,5.99990,   13.31241,0.04943,0.04925,  1, 6.00000,6.00000, 1, 6.00000,  1, 13.52524,13.30500, 1, 13.30500,   0.00,25.00, 1, 25.00, 0, 16,   0.000,   0.000, 1,   0.010,  0.394, -0.246, 10.000,  0.005,
unit_sim,  55621301.333, 25.00000,25.00000, 13.80000,13.30500,0.00000,13.30500,   0.000,  0.000,  0.000,  0,  -180000.0,   0.50000, 0, 
pro_20220903, 2022-09-04T13:51:16,  55621301.333,10.000,   0,  0,  7,  25.0,13.305,     6.000,     0.035,    13.80000,0.04214,13.26233,13.30524,  -0.042902, 0.50000,0.50053,0.51697,
unit_sel, 55621311.333, 0, 0,  -0.0164461,  6.00000,0.00010,6.00000,0.00010,0.00000,  5.99990,5.99990,   13.31249,0.04963,0.04945,  1, 6.00000,6.00000, 1, 6.00000,  1, 13.52524,13.30500, 1, 13.30500,   0.00,25.00, 1, 25.00, 0, 16,   0.000,   0.000, 1,   0.010,  0.394, -0.246, 10.000,  0.005,
unit_sim,  55621311.333, 25.00000,25.00000, 13.80000,13.30500,0.00000,13.30500,   0.000,  0.000,  0.000,  0,  -180000.0,   0.50000, 0, 
pro_20220903, 2022-09-04T13:51:26,  55621311.333,10.000,   0,  0,  7,  25.0,13.305,     6.000,     0.035,    13.80000,0.04226,13.26221,13.30524,  -0.043028, 0.50000,0.50053,0.51714,
echo:  Pf, 4
echo:  , 4
unit_sel, 55621321.334, 0, 0,  -0.0166073,  6.00000,0.00010,6.00000,0.00010,0.00000,  5.99990,5.99990,   13.31256,0.04982,0.04964,  1, 6.00000,6.00000, 1, 6.00000,  1, 13.52524,13.30500, 1, 13.30500,   0.00,25.00, 1, 25.00, 0, 16,   0.000,   0.000, 1,   0.010,  0.394, -0.246, 10.000,  0.005,
unit_sim,  55621321.334, 25.00000,25.00000, 13.80000,13.30500,0.00000,13.30500,   0.000,  0.000,  0.000,  0,  -180000.0,   0.50000, 0, 
pro_20220903, 2022-09-04T13:51:36,  55621321.334,10.000,   0,  0,  7,  25.0,13.305,     6.000,     0.035,    13.80000,0.04238,13.26209,13.30524,  -0.043154, 0.50000,0.50054,0.51731,
echo:  Pf, 0

Sen::Fault:
 cc_diff = -0.017; thr=  0.010;
 e_w_f   =  0.050; thr= -0.246,  0.394;
 ib_diff =  6.000; thr= 10.000;
 ib_quiet=  0.000; thr=  0.005;
 voc_soc= 13.313;
 soc=  0.517;
 voc= 13.263;
 disab_ib_fa=0;
 disab_tb_fa=0;
 disab_vb_fa=0;
 imh=  6.000;
 inh=  0.000;
 imm=  6.000;
 inm=  0.000;
 ibd_f=  6.000;
 mod_tb=1, mod_vb=1, mod_ib=1
 tb_s_st=1, vb_s_st=1, ib_s_st=1
 nbar=0;
 mbar=0;
 ib_dsc_ft=0;'Sq v'
 ibd_lo_ft=0;'Sd, *SA/*SB ^'
 ibd_hi_ft=0;'Sd, *SA/*SB ^'
 red_loss=0;
 wl_ft=0;    'Sb ^'
 wh_ft=0;    'Sa ^'
    4
 ibn_ft=0;   'Fi 1'
 ibm_ft=0;   'Fi 1'
 vb_ft=0;    'Fv 1'
 tb_ft=0;    'Ft 1'
  0000000000000;
  CBA98765x3210
 fltw=0;
 ib_dsc_fa=0;'Sq v'
 ibd_lo_fa=0;'Sd, *SA/*SB ^'
 ibd_hi_fa=0;'Sd, *SA/*SB ^'
 wv_fa=0;    'Sd, Sa/Sb ^'
 wl_fa=0;    'Sb ^'
 wh_fa=0;    'Sa ^'
 cc_dif_fa=1;'Sf ^'
 ibn_fa=0;   'Fi 1'
 ibm_fa=0;   'Fi 1'
 vb_fa=0;    'Fv 1'
 tb_fa=0;    'Ft 1'
  00000010000;
  A9876543210
 falw=16;
unit_sel, 55621331.333, 0, 0,  -0.0167685,  6.00000,0.00010,6.00000,0.00010,0.00000,  5.99990,5.99990,   13.31264,0.05001,0.04983,  1, 6.00000,6.00000, 1, 6.00000,  1, 13.52524,13.30500, 1, 13.30500,   0.00,25.00, 1, 25.00, 0, 16,   0.000,   0.000, 1,   0.010,  0.394, -0.246, 10.000,  0.005,
unit_sim,  55621331.333, 25.00000,25.00000, 13.80000,13.30500,0.00000,13.30500,   0.000,  0.000,  0.000,  0,  -180000.0,   0.50000, 0, 
pro_20220903, 2022-09-04T13:51:46,  55621331.333,10.000,   0,  0,  7,  25.0,13.305,     6.000,     0.036,    13.80000,0.04249,13.26197,13.30524,  -0.043279, 0.50000,0.50054,0.51747,
echo:  , 0
  ? 'h'
echo:  Fd.5, 4
echo:  , 4
unit_sel, 55621341.333, 0, 0,  -0.0169298,  6.00000,0.00010,6.00000,0.00010,0.00000,  5.99990,5.99990,   13.31271,0.05021,0.05003,  1, 6.00000,6.00000, 1, 6.00000,  1, 13.52954,13.30500, 1, 13.30500,   0.00,25.00, 1, 25.00, 0, 16,   0.000,   0.000, 1,   0.010,  0.394, -0.246, 10.000,  0.005,
unit_sim,  55621341.333, 25.00000,25.00000, 13.80000,13.30500,0.00000,13.30500,   0.000,  0.000,  0.000,  0,  -180000.0,   0.50000, 0, 
pro_20220903, 2022-09-04T13:51:56,  55621341.333,10.000,   0,  0,  7,  25.0,13.305,     6.000,     0.036,    13.80000,0.04261,13.26184,13.30525,  -0.043402, 0.50000,0.50055,0.51764,
echo:  Fd.5, 0
ib_diff scl   1.000 to   0.500
unit_sel, 55621351.334, 0, 0,  -0.0170910,  6.00000,0.00010,6.00000,0.00010,0.00000,  5.99990,5.99990,   13.31279,0.05040,0.05022,  1, 6.00000,6.00000, 1, 6.00000,  1, 13.52093,13.30500, 1, 13.30500,   0.00,25.00, 1, 25.00, 256, 16,   0.000,   0.000, 1,   0.010,  0.394, -0.246,  5.000,  0.005,
unit_sim,  55621351.334, 25.00000,25.00000, 13.80000,13.30500,0.00000,13.30500,   0.000,  0.000,  0.000,  0,  -180000.0,   0.50000, 0, 
pro_20220903, 2022-09-04T13:52:06,  55621351.334,10.000,   0,  0,  7,  25.0,13.305,     6.000,     0.036,    13.80000,0.04273,13.26172,13.30525,  -0.043527, 0.50000,0.50055,0.51780,
echo:  , 0
  ? 'h'
Sel chg:  Amp->bare=0, NoAmp->bare=0, ib_diff_fa=1, wh_fa=0, wl_fa=0, wv_fa=0, cc_diff_fa_=8,
 rp.ib_select=0, ib_sel_stat=-1, vb_sel_stat=1, tb_sel_stat=1, vb_fail=0, Tb_fail=0,
ibss=-1, ibssl=1, vbss=1, vbssl=1, tbss=1, tbssl=1
Small reset
unit_sel, 55621361.333, 0, 0,  -0.0172522,  6.00000,0.00010,6.00000,0.00010,0.00000,  5.99990,5.99990,   13.31286,0.05059,0.05041,  -1, 0.00010,0.00010, 1, 0.00010,  1, 13.52524,13.30500, 1, 13.30500,   0.00,25.00, 1, 25.00, 384, 272,   0.000,   0.000, 1,   0.010,  0.394, -0.246,  5.000,  0.005,
unit_sim,  55621361.333, 25.00000,25.00000, 13.80000,13.30500,0.00000,13.30500,   0.000,  0.000,  0.000,  0,  -180000.0,   0.50000, 0, 
pro_20220903, 2022-09-04T13:52:16,  55621361.333,10.000,   0,  0,  7,  25.0,13.305,     0.000,     0.037,    13.80000,0.02484,13.27961,13.30525,  -0.025643, 0.50000,0.50055,0.51780,
soft reset...
unit_sel, 55621361.341, 1, 0,  -0.0172522,  6.00000,0.00010,6.00000,0.00010,0.00000,  5.99990,5.99990,   13.31294,0.03278,0.03278,  -1, 0.00010,0.00010, 1, 0.00010,  1, 13.52524,13.30500, 1, 13.30500,   0.00,25.00, 1, 25.00, 384, 272,   0.000,   0.000, 1,   0.010,  0.394, -0.246,  5.000,  0.005,
unit_sim,  55621361.341, 25.00000,25.00000, 13.80000,13.30500,0.00000,13.30500,   0.000,  0.000,  0.000,  0,  -180000.0,   0.50000, 1, 
unit,               hm,                  cTime,       dt,       sat,sel,mod,  Tb,  Vb,  Ib,   ioc,     Vsat,dV_dyn,Voc_stat,Voc_ekf,     y_ekf,    soc_m,soc_ekf,soc,
unit_m,  c_time,       Tb_m,Tbl_m,  vsat_m, voc_stat_m, dv_dyn_m, vb_m, ib_m, ib_in_m, ioc_m, sat_m, dq_m, soc_m, reset_m,
unit_s,c_time,res,user_sel,   cc_dif,  ibmh,ibnh,ibmm,ibnm,ibm,   ib_diff, ib_diff_f,    voc_soc,e_w,e_w_f,  ib_sel,Ib_h,Ib_m,mib,Ib_s, vb_sel,Vb_h,Vb_m,mvb,Vb_s,  Tb_h,Tb_s,mtb,Tb_f,   fltw, falw, ib_rate, ib_quiet, tb_sel, ccd_thr, ewh_thr, ewl_thr, ibd_thr, ibq_thr,
pro_20220903, 2022-09-04T13:52:16,  55621361.341, 0.008,   0,  0,  7,  25.0,13.305,     0.000,     0.000,    13.80000,0.00000,13.30500,13.30500,  -0.000000, 0.50000,0.50000,0.50000,
unit_sel, 55621371.341, 0, 0,  -0.0000000,  6.00000,0.00010,6.00000,0.00010,0.00000,  5.99990,5.99990,   13.31301,0.00801,0.01994,  -1, 0.00010,0.00010, 1, 0.00010,  1, 13.52524,13.30500, 1, 13.30500,   0.00,25.00, 1, 25.00, 384, 256,   0.000,   0.000, 1,   0.010,  0.394, -0.246,  5.000,  0.005,
unit_sim,  55621371.341, 25.00000,25.00000, 13.80000,13.30500,0.00000,13.30500,   0.000,  0.000,  0.000,  0,  -180000.0,   0.50000, 0, 
pro_20220903, 2022-09-04T13:52:26,  55621371.341,10.000,   0,  0,  7,  25.0,13.305,     0.000,     0.000,    13.80000,0.00000,13.30500,13.30500,  -0.000000, 0.50000,0.50000,0.50000,
unit_sel, 55621381.342, 0, 0,  -0.0000000,  6.00000,0.00010,6.00000,0.00010,0.00000,  5.99990,5.99990,   13.31301,0.00801,0.01375,  -1, 0.00010,0.00010, 1, 0.00010,  1, 13.52524,13.30500, 1, 13.30500,   0.00,25.00, 1, 25.00, 384, 256,   0.000,   0.000, 1,   0.010,  0.394, -0.246,  5.000,  0.005,
unit_sim,  55621381.342, 25.00000,25.00000, 13.80000,13.30500,0.00000,13.30500,   0.000,  0.000,  0.000,  0,  -180000.0,   0.50000, 0, 
pro_20220903, 2022-09-04T13:52:36,  55621381.342,10.000,   0,  0,  7,  25.0,13.305,     0.000,     0.000,    13.80000,0.00000,13.30500,13.30500,  -0.000001, 0.50000,0.50000,0.50000,
unit_sel, 55621391.341, 0, 0,  -0.0000000,  6.00000,0.00010,6.00000,0.00010,0.00000,  5.99990,5.99990,   13.30500,0.00000,0.00662,  -1, 0.00010,0.00010, 1, 0.00010,  1, 13.52524,13.30500, 1, 13.30500,   0.00,25.00, 1, 25.00, 384, 256,   0.000,   0.000, 1,   0.010,  0.394, -0.246,  5.000,  0.005,
unit_sim,  55621391.341, 25.00000,25.00000, 13.80000,13.30500,0.00000,13.30500,   0.000,  0.000,  0.000,  0,  -180000.0,   0.50000, 0, 
pro_20220903, 2022-09-04T13:52:46,  55621391.341,10.000,   0,  0,  7,  25.0,13.305,     0.000,     0.000,    13.80000,0.00000,13.30500,13.30500,  -0.000000, 0.50000,0.50000,0.50000,
unit_sel, 55621401.341, 0, 0,  -0.0000000,  6.00000,0.00010,6.00000,0.00010,0.00000,  5.99990,5.99990,   13.30500,0.00000,0.00319,  -1, 0.00010,0.00010, 1, 0.00010,  1, 13.52093,13.30500, 1, 13.30500,   0.00,25.00, 1, 25.00, 384, 256,   0.000,   0.000, 1,   0.010,  0.394, -0.246,  5.000,  0.005,
unit_sim,  55621401.341, 25.00000,25.00000, 13.80000,13.30500,0.00000,13.30500,   0.000,  0.000,  0.000,  0,  -180000.0,   0.50000, 0, 
pro_20220903, 2022-09-04T13:52:56,  55621401.341,10.000,   0,  0,  7,  25.0,13.305,     0.000,     0.000,    13.80000,0.00000,13.30500,13.30500,  -0.000000, 0.50000,0.50000,0.50000,
unit_sel, 55621411.341, 0, 0,  -0.0000000,  6.00000,0.00010,6.00000,0.00010,0.00000,  5.99990,5.99990,   13.30500,0.00000,0.00154,  -1, 0.00010,0.00010, 1, 0.00010,  1, 13.52524,13.30500, 1, 13.30500,   0.00,25.00, 1, 25.00, 384, 256,   0.000,   0.000, 1,   0.010,  0.394, -0.246,  5.000,  0.005,
unit_sim,  55621411.341, 25.00000,25.00000, 13.80000,13.30500,0.00000,13.30500,   0.000,  0.000,  0.000,  0,  -180000.0,   0.50000, 0, 
pro_20220903, 2022-09-04T13:53:06,  55621411.341,10.000,   0,  0,  7,  25.0,13.305,     0.000,     0.000,    13.80000,0.00000,13.30500,13.30500,  -0.000000, 0.50000,0.50000,0.50000,
unit_sel, 55621421.341, 0, 0,  -0.0000000,  6.00000,0.00010,6.00000,0.00010,0.00000,  5.99990,5.99990,   13.30500,0.00000,0.00074,  -1, 0.00010,0.00010, 1, 0.00010,  1, 13.52093,13.30500, 1, 13.30500,   0.00,25.00, 1, 25.00, 384, 256,   0.000,   0.000, 1,   0.010,  0.394, -0.246,  5.000,  0.005,
unit_sim,  55621421.341, 25.00000,25.00000, 13.80000,13.30500,0.00000,13.30500,   0.000,  0.000,  0.000,  0,  -180000.0,   0.50000, 0, 
pro_20220903, 2022-09-04T13:53:16,  55621421.341,10.000,   0,  0,  7,  25.0,13.305,     0.000,     0.000,    13.80000,0.00000,13.30500,13.30500,  -0.000000, 0.50000,0.50000,0.50000,
unit_sel, 55621431.341, 0, 0,  -0.0000001,  6.00000,0.00010,6.00000,0.00010,0.00000,  5.99990,5.99990,   13.30500,0.00000,0.00036,  -1, 0.00010,0.00010, 1, 0.00010,  1, 13.52093,13.30500, 1, 13.30500,   0.00,25.00, 1, 25.00, 384, 256,   0.000,   0.000, 1,   0.010,  0.394, -0.246,  5.000,  0.005,
unit_sim,  55621431.341, 25.00000,25.00000, 13.80000,13.30500,0.00000,13.30500,   0.000,  0.000,  0.000,  0,  -180000.0,   0.50000, 0, 
pro_20220903, 2022-09-04T13:53:26,  55621431.341,10.000,   0,  0,  7,  25.0,13.305,     0.000,     0.000,    13.80000,0.00000,13.30500,13.30500,  -0.000000, 0.50000,0.50000,0.50000,
unit_sel, 55621441.341, 0, 0,  -0.0000001,  6.00000,0.00010,6.00000,0.00010,0.00000,  5.99990,5.99990,   13.30500,0.00000,0.00017,  -1, 0.00010,0.00010, 1, 0.00010,  1, 13.52524,13.30500, 1, 13.30500,   0.00,25.00, 1, 25.00, 384, 256,   0.000,   0.000, 1,   0.010,  0.394, -0.246,  5.000,  0.005,
unit_sim,  55621441.341, 25.00000,25.00000, 13.80000,13.30500,0.00000,13.30500,   0.000,  0.000,  0.000,  0,  -180000.0,   0.50000, 0, 
pro_20220903, 2022-09-04T13:53:36,  55621441.341,10.000,   0,  0,  7,  25.0,13.305,     0.000,     0.000,    13.80000,0.00000,13.30500,13.30500,  -0.000000, 0.50000,0.50000,0.50000,
unit_sel, 55621451.341, 0, 0,  -0.0000001,  6.00000,0.00010,6.00000,0.00010,0.00000,  5.99990,5.99990,   13.30500,0.00000,0.00008,  -1, 0.00010,0.00010, 1, 0.00010,  1, 13.51663,13.30500, 1, 13.30500,   0.00,25.00, 1, 25.00, 384, 256,   0.000,   0.000, 1,   0.010,  0.394, -0.246,  5.000,  0.005,
unit_sim,  55621451.341, 25.00000,25.00000, 13.80000,13.30500,0.00000,13.30500,   0.000,  0.000,  0.000,  0,  -180000.0,   0.50000, 0, 
pro_20220903, 2022-09-04T13:53:46,  55621451.341,10.000,   0,  0,  7,  25.0,13.305,     0.000,     0.000,    13.80000,0.00000,13.30500,13.30500,  -0.000000, 0.50000,0.50000,0.50000,
unit_sel, 55621461.341, 0, 0,  -0.0000001,  6.00000,0.00010,6.00000,0.00010,0.00000,  5.99990,5.99990,   13.30500,0.00000,0.00004,  -1, 0.00010,0.00010, 1, 0.00010,  1, 13.52524,13.30500, 1, 13.30500,   0.00,25.00, 1, 25.00, 384, 256,   0.000,   0.000, 1,   0.010,  0.394, -0.246,  5.000,  0.005,
unit_sim,  55621461.341, 25.00000,25.00000, 13.80000,13.30500,0.00000,13.30500,   0.000,  0.000,  0.000,  0,  -180000.0,   0.50000, 0, 
pro_20220903, 2022-09-04T13:53:56,  55621461.341,10.000,   0,  0,  7,  25.0,13.305,     0.000,     0.000,    13.80000,0.00000,13.30500,13.30500,  -0.000000, 0.50000,0.50000,0.50000,
unit_sel, 55621471.341, 0, 0,  -0.0000001,  6.00000,0.00010,6.00000,0.00010,0.00000,  5.99990,5.99990,   13.30500,0.00000,0.00002,  -1, 0.00010,0.00010, 1, 0.00010,  1, 13.52524,13.30500, 1, 13.30500,   0.00,25.00, 1, 25.00, 384, 256,   0.000,   0.000, 1,   0.010,  0.394, -0.246,  5.000,  0.005,
unit_sim,  55621471.341, 25.00000,25.00000, 13.80000,13.30500,0.00000,13.30500,   0.000,  0.000,  0.000,  0,  -180000.0,   0.50000, 0, 
pro_20220903, 2022-09-04T13:54:06,  55621471.341,10.000,   0,  0,  7,  25.0,13.305,     0.000,     0.000,    13.80000,0.00000,13.30500,13.30500,  -0.000000, 0.50000,0.50000,0.50000,
unit_sel, 55621481.341, 0, 0,  -0.0000001,  6.00000,0.00010,6.00000,0.00010,0.00000,  5.99990,5.99990,   13.30500,0.00000,0.00001,  -1, 0.00010,0.00010, 1, 0.00010,  1, 13.52524,13.30500, 1, 13.30500,   0.00,25.00, 1, 25.00, 384, 256,   0.000,   0.000, 1,   0.010,  0.394, -0.246,  5.000,  0.005,
unit_sim,  55621481.341, 25.00000,25.00000, 13.80000,13.30500,0.00000,13.30500,   0.000,  0.000,  0.000,  0,  -180000.0,   0.50000, 0, 
pro_20220903, 2022-09-04T13:54:16,  55621481.341,10.000,   0,  0,  7,  25.0,13.305,     0.000,     0.000,    13.80000,0.00000,13.30500,13.30500,  -0.000000, 0.50000,0.50000,0.50000,
unit_sel, 55621491.341, 0, 0,  -0.0000001,  6.00000,0.00010,6.00000,0.00010,0.00000,  5.99990,5.99990,   13.30500,0.00000,0.00000,  -1, 0.00010,0.00010, 1, 0.00010,  1, 13.52524,13.30500, 1, 13.30500,   0.00,25.00, 1, 25.00, 384, 256,   0.000,   0.000, 1,   0.010,  0.394, -0.246,  5.000,  0.005,
unit_sim,  55621491.341, 25.00000,25.00000, 13.80000,13.30500,0.00000,13.30500,   0.000,  0.000,  0.000,  0,  -180000.0,   0.50000, 0, 
pro_20220903, 2022-09-04T13:54:26,  55621491.341,10.000,   0,  0,  7,  25.0,13.305,     0.000,     0.000,    13.80000,0.00000,13.30500,13.30500,  -0.000000, 0.50000,0.50000,0.50000,
unit_sel, 55621501.341, 0, 0,  -0.0000001,  6.00000,0.00010,6.00000,0.00010,0.00000,  5.99990,5.99990,   13.30500,0.00000,0.00000,  -1, 0.00010,0.00010, 1, 0.00010,  1, 13.52093,13.30500, 1, 13.30500,   0.00,25.00, 1, 25.00, 384, 256,   0.000,   0.000, 1,   0.010,  0.394, -0.246,  5.000,  0.005,
unit_sim,  55621501.341, 25.00000,25.00000, 13.80000,13.30500,0.00000,13.30500,   0.000,  0.000,  0.000,  0,  -180000.0,   0.50000, 0, 
pro_20220903, 2022-09-04T13:54:36,  55621501.341,10.000,   0,  0,  7,  25.0,13.305,     0.000,     0.000,    13.80000,0.00000,13.30500,13.30500,  -0.000000, 0.50000,0.50000,0.50000,
unit_sel, 55621511.342, 0, 0,  -0.0000001,  6.00000,0.00010,6.00000,0.00010,0.00000,  5.99990,5.99990,   13.30500,0.00000,0.00000,  -1, 0.00010,0.00010, 1, 0.00010,  1, 13.52524,13.30500, 1, 13.30500,   0.00,25.00, 1, 25.00, 384, 256,   0.000,   0.000, 1,   0.010,  0.394, -0.246,  5.000,  0.005,
unit_sim,  55621511.342, 25.00000,25.00000, 13.80000,13.30500,0.00000,13.30500,   0.000,  0.000,  0.000,  0,  -180000.0,   0.50000, 0, 
pro_20220903, 2022-09-04T13:54:46,  55621511.342,10.000,   0,  0,  7,  25.0,13.305,     0.000,     0.000,    13.80000,0.00000,13.30500,13.30500,  -0.000000, 0.50000,0.50000,0.50000,
echo:  Xp0, 4
echo:  Pf, 4
echo:  Rf, 4
echo:  W2, 4
echo:  +v0, 3
echo:  Dr100, 4
echo:  Fd1, 4
echo:  Rf, 4
echo:  Pf, 4
unit_sel, 55621521.341, 0, 0,  -0.0000001,  6.00000,0.00010,6.00000,0.00010,0.00000,  5.99990,5.99990,   13.30500,0.00000,0.00000,  -1, 0.00010,0.00010, 1, 0.00010,  1, 13.52093,13.30500, 1, 13.30500,   0.00,25.00, 1, 25.00, 384, 256,   0.000,   0.000, 1,   0.010,  0.394, -0.246,  5.000,  0.005,
unit_sim,  55621521.341, 25.00000,25.00000, 13.80000,13.30500,0.00000,13.30500,   0.000,  0.000,  0.000,  0,  -180000.0,   0.50000, 0, 
pro_20220903, 2022-09-04T13:54:56,  55621521.341,10.000,   0,  0,  7,  25.0,13.305,     0.000,     0.000,    13.80000,0.00000,13.30500,13.30500,  -0.000000, 0.50000,0.50000,0.50000,
echo:  Xp0, 0
echo:  Xm7, 0
modeling 7 to 7
Modeling 7
tweak_test 0
mod_ib 1
mod_vb 1
mod_tb 1
echo:  Xf0., 0
Injected freq set   0.000 Hz =   0.000 r/s
echo:  Xa0.Xb0.XS, 0
Inj amp set   0.000 & inj_bias set   0.000
echo:  Mk1, 0
amp tweak_sclr   1.000 to   1.000
echo:  Nk1, 0
Noa tweak_sclr   1.000 to   1.000
echo:  Dn0.998500Di0, 0
ShuntNoAmp.add   0.000 to   0.998
echo:  Dm0, 0
ShuntAmp.add    6.000 to   0.000
echo:  Dn0, 0
ShuntNoAmp.add   0.998 to   0.000
echo:  Dt0, 0
rp.tb_bias   0.000 to   0.000
*** reset **
echo:  Dv0, 0
Sen->vb_add   0.000 to   0.000
echo:  DT0, 0
Sen.Tb_noise_amp_   0.000 to   0.000
echo:  DV0.0, 0
Sen.Vb_noise_amp_   0.000 to   0.000
echo:  DI0, 0
I ? 'h'
echo:  Xu0, 0
Fail tb 0 to 0
echo:  Xv1., 0
Stale tb time sclr    1.0000 to    1.0000
echo:  Dr100, 0
ReadSensors 10000 to 100
echo:  DP4, 0
Print interval 1 to 4
echo:  Pf, 0

Sen::Fault:
 cc_diff = -0.000; thr=  0.010;
 e_w_f   =  0.000; thr= -0.246,  0.394;
 ib_diff =  0.000; thr=  5.000;
 ib_quiet= -0.038; thr=  0.005;
 voc_soc= 13.305;
 soc=  0.500;
 voc= 13.305;
 disab_ib_fa=0;
 disab_tb_fa=0;
 disab_vb_fa=0;
 imh=  0.000;
 inh=  0.000;
 imm=  0.000;
 inm=  0.000;
 ibd_f=  5.881;
 mod_tb=1, mod_vb=1, mod_ib=1
 tb_s_st=1, vb_s_st=1, ib_s_st=-1
 nbar=0;
 mbar=0;
 ib_dsc_ft=0;'Sq v'
 ibd_lo_ft=0;'Sd, *SA/*SB ^'
 ibd_hi_ft=1;'Sd, *SA/*SB ^'
 red_loss=1;
 wl_ft=0;    'Sb ^'
 wh_ft=0;    'Sa ^'
    4
 ibn_ft=0;   'Fi 1'
 ibm_ft=0;   'Fi 1'
 vb_ft=0;    'Fv 1'
 tb_ft=0;    'Ft 1'
  0000110000000;
  CBA98765x3210
 fltw=384;
 ib_dsc_fa=0;'Sq v'
 ibd_lo_fa=0;'Sd, *SA/*SB ^'
 ibd_hi_fa=1;'Sd, *SA/*SB ^'
 wv_fa=0;    'Sd, Sa/Sb ^'
 wl_fa=0;    'Sb ^'
 wh_fa=0;    'Sa ^'
 cc_dif_fa=0;'Sf ^'
 ibn_fa=0;   'Fi 1'
 ibm_fa=0;   'Fi 1'
 vb_fa=0;    'Fv 1'
 tb_fa=0;    'Ft 1'
  00100000000;
  A9876543210
 falw=256;
echo:  Rf, 0
Reset latches
reset ib flt
reset vb flts
reset tb flts
echo:  W2, 0
echo:  W, 0
..Wait.
echo:  W, 0
..Wait.
echo:  v0, 0
echo:  Dr100, 0
ReadSensors 100 to 100
echo:  Fd1, 0
ib_diff scl   0.500 to   1.000
echo:  Rf, 0
Reset latches
reset ib flt
reset vb flts
reset tb flts
echo:  Pf, 0

Sen::Fault:
 cc_diff = -0.000; thr=  0.010;
 e_w_f   = -0.000; thr= -0.246,  0.394;
 ib_diff =  0.000; thr= 10.000;
 ib_quiet= -3.038; thr=  0.005;
 voc_soc= 13.305;
 soc=  0.500;
 voc= 13.305;
 disab_ib_fa=0;
 disab_tb_fa=0;
 disab_vb_fa=0;
 imh=  0.000;
 inh=  0.000;
 imm=  0.000;
 inm=  0.000;
 ibd_f=  0.000;
 mod_tb=1, mod_vb=1, mod_ib=1
 tb_s_st=1, vb_s_st=1, ib_s_st=1
 nbar=0;
 mbar=0;
 ib_dsc_ft=0;'Sq v'
 ibd_lo_ft=0;'Sd, *SA/*SB ^'
 ibd_hi_ft=0;'Sd, *SA/*SB ^'
 red_loss=0;
 wl_ft=0;    'Sb ^'
 wh_ft=0;    'Sa ^'
    4
 ibn_ft=0;   'Fi 1'
 ibm_ft=0;   'Fi 1'
 vb_ft=0;    'Fv 1'
 tb_ft=0;    'Ft 1'
  0000000000000;
  CBA98765x3210
 fltw=0;
 ib_dsc_fa=0;'Sq v'
 ibd_lo_fa=0;'Sd, *SA/*SB ^'
 ibd_hi_fa=0;'Sd, *SA/*SB ^'
 wv_fa=0;    'Sd, Sa/Sb ^'
 wl_fa=0;    'Sb ^'
 wh_fa=0;    'Sa ^'
 cc_dif_fa=0;'Sf ^'
 ibn_fa=0;   'Fi 1'
 ibm_fa=0;   'Fi 1'
 vb_fa=0;    'Fv 1'
 tb_fa=0;    'Ft 1'
  00000000000;
  A9876543210
 falw=0;
