echo:  v2, 4
echo:  v2, 0
unit,               hm,                  cTime,       dt,       chm,sat,sel,mod,  Tb,  Vb,  Ib,   ioc,  voc_soc,    Vsat,dV_dyn,Voc_stat,Voc_ekf,     y_ekf,    soc_s,soc_ekf,soc,
unit_m,  c_time,       chm_s,  Tb_s,Tbl_s,  vsat_s, voc_stat_s, dv_dyn_s, vb_s, ib_s, ib_in_s, ioc_s, sat_s, dq_s, soc_s, reset_s,
unit_s,c_time,res,user_sel,   cc_dif,  ibmh,ibnh,ibmm,ibnm,ibm,   ib_diff, ib_diff_f,    voc_soc,e_w,e_w_f,  ib_sel,Ib_h,Ib_s,mib,Ib, vb_sel,Vb_h,Vb_s,mvb,Vb,  Tb_h,Tb_s,mtb,Tb_f,   fltw, falw, ib_rate, ib_quiet, tb_sel, ccd_thr, ewh_thr, ewl_thr, ibd_thr, ibq_thr,
unit_sel, 60336214.081, 0, 1,  -0.0099680,  0.00000,0.00000,0.00000,0.00000,0.00000,  0.00000,0.00000,   14.50000,1.03117,1.03047,  1, 0.00000,0.00000, 1, 0.00000,  1, 13.52093,13.26878, 1, 13.26878,   0.00,25.00, 1, 25.00, 0, 0,   0.000,   0.000, 1,   0.200,393.600,-393.600, 10.000,  0.005,
unit_sim,  60336214.081, 0, 25.00000,25.00000, 13.80000,13.08000,0.00000,13.26878,   0.000,  0.000, 16.719,  0,  -180000.0,   0.50000, 0, 
pro_20221028, 2022-10-28T17:03:17,  60336214.081, 0.100,   0,  1,  1,  7,  25.0,13.269,     0.000,   -16.216,14.50000,    13.80000,0.00000,13.46878,13.27288,   0.196788, 0.50000,0.99003,1.00000,
unit_sel, 60336214.481, 0, 1,  -0.0099681,  0.00000,0.00000,0.00000,0.00000,0.00000,  0.00000,0.00000,   14.50000,1.03136,1.03062,  1, 0.00000,0.00000, 1, 0.00000,  1, 13.51663,13.26859, 1, 13.26859,   0.00,25.00, 1, 25.00, 0, 0,   0.000,   0.000, 1,   0.200,393.600,-393.600, 10.000,  0.005,
unit_sim,  60336214.481, 0, 25.00000,25.00000, 13.80000,13.08000,0.00000,13.26860,   0.000,  0.000, 16.712,  0,  -180000.0,   0.50000, 0, 
pro_20221028, 2022-10-28T17:03:18,  60336214.481, 0.100,   0,  1,  1,  7,  25.0,13.269,     0.000,   -16.216,14.50000,    13.80000,0.00000,13.46859,13.27287,   0.195864, 0.50000,0.99003,1.00000,
unit_sel, 60336214.881, 0, 1,  -0.0099681,  0.00000,0.00000,0.00000,0.00000,0.00000,  0.00000,0.00000,   14.50000,1.03154,1.03077,  1, 0.00000,0.00000, 1, 0.00000,  1, 13.51663,13.26841, 1, 13.26841,   0.00,25.00, 1, 25.00, 0, 0,   0.000,   0.000, 1,   0.200,393.600,-393.600, 10.000,  0.005,
unit_sim,  60336214.881, 0, 25.00000,25.00000, 13.80000,13.08000,0.00000,13.26841,   0.000,  0.000, 16.704,  0,  -180000.0,   0.50000, 0, 
pro_20221028, 2022-10-28T17:03:18,  60336214.881, 0.100,   0,  1,  1,  7,  25.0,13.268,     0.000,   -16.216,14.50000,    13.80000,0.00000,13.46841,13.27287,   0.195864, 0.50000,0.99003,1.00000,
unit_sel, 60336215.282, 0, 1,  -0.0099681,  0.00000,0.00000,0.00000,0.00000,0.00000,  0.00000,0.00000,   14.50000,1.03173,1.03093,  1, 0.00000,0.00000, 1, 0.00000,  1, 13.51663,13.26822, 1, 13.26822,   0.00,25.00, 1, 25.00, 0, 0,   0.000,   0.000, 1,   0.200,393.600,-393.600, 10.000,  0.005,
unit_sim,  60336215.282, 0, 25.00000,25.00000, 13.80000,13.08000,0.00000,13.26822,   0.000,  0.000, 16.697,  0,  -180000.0,   0.50000, 0, 
pro_20221028, 2022-10-28T17:03:18,  60336215.282, 0.100,   0,  1,  1,  7,  25.0,13.268,     0.000,   -16.216,14.50000,    13.80000,0.00000,13.46822,13.27287,   0.195864, 0.50000,0.99003,1.00000,
unit_sel, 60336215.681, 0, 1,  -0.0099681,  0.00000,0.00000,0.00000,0.00000,0.00000,  0.00000,0.00000,   14.50000,1.03192,1.03110,  1, 0.00000,0.00000, 1, 0.00000,  1, 13.51232,13.26804, 1, 13.26804,   0.00,25.00, 1, 25.00, 0, 0,   0.000,   0.000, 1,   0.200,393.600,-393.600, 10.000,  0.005,
unit_sim,  60336215.681, 0, 25.00000,25.00000, 13.80000,13.08000,0.00000,13.26804,   0.000,  0.000, 16.690,  0,  -180000.0,   0.50000, 0, 
pro_20221028, 2022-10-28T17:03:19,  60336215.681, 0.100,   0,  1,  1,  7,  25.0,13.268,     0.000,   -16.216,14.50000,    13.80000,0.00000,13.46804,13.27287,   0.195864, 0.50000,0.99003,1.00000,
unit_sel, 60336216.081, 0, 1,  -0.0099681,  0.00000,0.00000,0.00000,0.00000,0.00000,  0.00000,0.00000,   14.50000,1.03210,1.03127,  1, 0.00000,0.00000, 1, 0.00000,  1, 13.51663,13.26785, 1, 13.26785,   0.00,25.00, 1, 25.00, 0, 0,   0.000,   0.000, 1,   0.200,393.600,-393.600, 10.000,  0.005,
unit_sim,  60336216.081, 0, 25.00000,25.00000, 13.80000,13.08000,0.00000,13.26785,   0.000,  0.000, 16.682,  0,  -180000.0,   0.50000, 0, 
pro_20221028, 2022-10-28T17:03:19,  60336216.081, 0.100,   0,  1,  1,  7,  25.0,13.268,     0.000,   -16.216,14.50000,    13.80000,0.00000,13.46785,13.27287,   0.195864, 0.50000,0.99003,1.00000,
unit_sel, 60336216.481, 0, 1,  -0.0099682,  0.00000,0.00000,0.00000,0.00000,0.00000,  0.00000,0.00000,   14.50000,1.03229,1.03144,  1, 0.00000,0.00000, 1, 0.00000,  1, 13.52093,13.26767, 1, 13.26767,   0.00,25.00, 1, 25.00, 0, 0,   0.000,   0.000, 1,   0.200,393.600,-393.600, 10.000,  0.005,
unit_sim,  60336216.481, 0, 25.00000,25.00000, 13.80000,13.08000,0.00000,13.26767,   0.000,  0.000, 16.675,  0,  -180000.0,   0.50000, 0, 
pro_20221028, 2022-10-28T17:03:20,  60336216.481, 0.100,   0,  1,  1,  7,  25.0,13.268,     0.000,   -16.216,14.50000,    13.80000,0.00000,13.46767,13.27287,   0.194942, 0.50000,0.99003,1.00000,
unit_sel, 60336216.881, 0, 1,  -0.0099682,  0.00000,0.00000,0.00000,0.00000,0.00000,  0.00000,0.00000,   14.50000,1.03247,1.03162,  1, 0.00000,0.00000, 1, 0.00000,  1, 13.51663,13.26748, 1, 13.26748,   0.00,25.00, 1, 25.00, 0, 0,   0.000,   0.000, 1,   0.200,393.600,-393.600, 10.000,  0.005,
unit_sim,  60336216.881, 0, 25.00000,25.00000, 13.80000,13.08000,0.00000,13.26748,   0.000,  0.000, 16.668,  0,  -180000.0,   0.50000, 0, 
pro_20221028, 2022-10-28T17:03:20,  60336216.881, 0.100,   0,  1,  1,  7,  25.0,13.267,     0.000,   -16.216,14.50000,    13.80000,0.00000,13.46748,13.27287,   0.194942, 0.50000,0.99003,1.00000,
unit_sel, 60336217.281, 0, 1,  -0.0099682,  0.00000,0.00000,0.00000,0.00000,0.00000,  0.00000,0.00000,   14.50000,1.03266,1.03179,  1, 0.00000,0.00000, 1, 0.00000,  1, 13.52093,13.26730, 1, 13.26730,   0.00,25.00, 1, 25.00, 0, 0,   0.000,   0.000, 1,   0.200,393.600,-393.600, 10.000,  0.005,
unit_sim,  60336217.281, 0, 25.00000,25.00000, 13.80000,13.08000,0.00000,13.26730,   0.000,  0.000, 16.660,  0,  -180000.0,   0.50000, 0, 
pro_20221028, 2022-10-28T17:03:20,  60336217.281, 0.100,   0,  1,  1,  7,  25.0,13.267,     0.000,   -16.216,14.50000,    13.80000,0.00000,13.46730,13.27287,   0.194942, 0.50000,0.99003,1.00000,
unit_sel, 60336217.681, 0, 1,  -0.0099682,  0.00000,0.00000,0.00000,0.00000,0.00000,  0.00000,0.00000,   14.50000,1.03284,1.03197,  1, 0.00000,0.00000, 1, 0.00000,  1, 13.51663,13.26711, 1, 13.26711,   0.00,25.00, 1, 25.00, 0, 0,   0.000,   0.000, 1,   0.200,393.600,-393.600, 10.000,  0.005,
unit_sim,  60336217.681, 0, 25.00000,25.00000, 13.80000,13.08000,0.00000,13.26711,   0.000,  0.000, 16.653,  0,  -180000.0,   0.50000, 0, 
pro_20221028, 2022-10-28T17:03:21,  60336217.681, 0.100,   0,  1,  1,  7,  25.0,13.267,     0.000,   -16.216,14.50000,    13.80000,0.00000,13.46711,13.27287,   0.194942, 0.50000,0.99003,1.00000,
unit_sel, 60336218.081, 0, 1,  -0.0099682,  0.00000,0.00000,0.00000,0.00000,0.00000,  0.00000,0.00000,   14.50000,1.03303,1.03215,  1, 0.00000,0.00000, 1, 0.00000,  1, 13.51663,13.26693, 1, 13.26693,   0.00,25.00, 1, 25.00, 0, 0,   0.000,   0.000, 1,   0.200,393.600,-393.600, 10.000,  0.005,
unit_sim,  60336218.081, 0, 25.00000,25.00000, 13.80000,13.08000,0.00000,13.26693,   0.000,  0.000, 16.646,  0,  -180000.0,   0.50000, 0, 
pro_20221028, 2022-10-28T17:03:21,  60336218.081, 0.100,   0,  1,  1,  7,  25.0,13.267,     0.000,   -16.216,14.50000,    13.80000,0.00000,13.46693,13.27287,   0.194942, 0.50000,0.99003,1.00000,
unit_sel, 60336218.481, 0, 1,  -0.0099682,  0.00000,0.00000,0.00000,0.00000,0.00000,  0.00000,0.00000,   14.50000,1.03321,1.03233,  1, 0.00000,0.00000, 1, 0.00000,  1, 13.51663,13.26674, 1, 13.26674,   0.00,25.00, 1, 25.00, 0, 0,   0.000,   0.000, 1,   0.200,393.600,-393.600, 10.000,  0.005,
unit_sim,  60336218.481, 0, 25.00000,25.00000, 13.80000,13.08000,0.00000,13.26674,   0.000,  0.000, 16.639,  0,  -180000.0,   0.50000, 0, 
pro_20221028, 2022-10-28T17:03:22,  60336218.481, 0.100,   0,  1,  1,  7,  25.0,13.267,     0.000,   -16.216,14.50000,    13.80000,0.00000,13.46674,13.27286,   0.194021, 0.50000,0.99003,1.00000,
unit_sel, 60336218.881, 0, 1,  -0.0099682,  0.00000,0.00000,0.00000,0.00000,0.00000,  0.00000,0.00000,   14.50000,1.03340,1.03251,  1, 0.00000,0.00000, 1, 0.00000,  1, 13.52093,13.26656, 1, 13.26656,   0.00,25.00, 1, 25.00, 0, 0,   0.000,   0.000, 1,   0.200,393.600,-393.600, 10.000,  0.005,
unit_sim,  60336218.881, 0, 25.00000,25.00000, 13.80000,13.08000,0.00000,13.26656,   0.000,  0.000, 16.631,  0,  -180000.0,   0.50000, 0, 
pro_20221028, 2022-10-28T17:03:22,  60336218.881, 0.100,   0,  1,  1,  7,  25.0,13.267,     0.000,   -16.216,14.50000,    13.80000,0.00000,13.46656,13.27286,   0.194021, 0.50000,0.99003,1.00000,
unit_sel, 60336219.281, 0, 1,  -0.0099682,  0.00000,0.00000,0.00000,0.00000,0.00000,  0.00000,0.00000,   14.50000,1.03358,1.03269,  1, 0.00000,0.00000, 1, 0.00000,  1, 13.51663,13.26637, 1, 13.26637,   0.00,25.00, 1, 25.00, 0, 0,   0.000,   0.000, 1,   0.200,393.600,-393.600, 10.000,  0.005,
unit_sim,  60336219.281, 0, 25.00000,25.00000, 13.80000,13.08000,0.00000,13.26637,   0.000,  0.000, 16.624,  0,  -180000.0,   0.50000, 0, 
pro_20221028, 2022-10-28T17:03:22,  60336219.281, 0.100,   0,  1,  1,  7,  25.0,13.266,     0.000,   -16.216,14.50000,    13.80000,0.00000,13.46637,13.27286,   0.194021, 0.50000,0.99003,1.00000,
unit_sel, 60336219.681, 0, 1,  -0.0099682,  0.00000,0.00000,0.00000,0.00000,0.00000,  0.00000,0.00000,   14.50000,1.03377,1.03288,  1, 0.00000,0.00000, 1, 0.00000,  1, 13.52093,13.26619, 1, 13.26619,   0.00,25.00, 1, 25.00, 0, 0,   0.000,   0.000, 1,   0.200,393.600,-393.600, 10.000,  0.005,
unit_sim,  60336219.681, 0, 25.00000,25.00000, 13.80000,13.08000,0.00000,13.26619,   0.000,  0.000, 16.616,  0,  -180000.0,   0.50000, 0, 
pro_20221028, 2022-10-28T17:03:23,  60336219.681, 0.100,   0,  1,  1,  7,  25.0,13.266,     0.000,   -16.216,14.50000,    13.80000,0.00000,13.46619,13.27286,   0.194021, 0.50000,0.99003,1.00000,
unit_sel, 60336220.082, 0, 1,  -0.0099682,  0.00000,0.00000,0.00000,0.00000,0.00000,  0.00000,0.00000,   14.50000,1.03395,1.03306,  1, 0.00000,0.00000, 1, 0.00000,  1, 13.52093,13.26600, 1, 13.26600,   0.00,25.00, 1, 25.00, 0, 0,   0.000,   0.000, 1,   0.200,393.600,-393.600, 10.000,  0.005,
unit_sim,  60336220.082, 0, 25.00000,25.00000, 13.80000,13.08000,0.00000,13.26600,   0.000,  0.000, 16.609,  0,  -180000.0,   0.50000, 0, 
pro_20221028, 2022-10-28T17:03:23,  60336220.082, 0.100,   0,  1,  1,  7,  25.0,13.266,     0.000,   -16.216,14.50000,    13.80000,0.00000,13.46600,13.27286,   0.194021, 0.50000,0.99003,1.00000,
echo:  v0, 4
unit_sel, 60336220.482, 0, 1,  -0.0099683,  0.00000,0.00000,0.00000,0.00000,0.00000,  0.00000,0.00000,   14.50000,1.03413,1.03324,  1, 0.00000,0.00000, 1, 0.00000,  1, 13.52093,13.26582, 1, 13.26582,   0.00,25.00, 1, 25.00, 0, 0,   0.000,   0.000, 1,   0.200,393.600,-393.600, 10.000,  0.005,
unit_sim,  60336220.482, 0, 25.00000,25.00000, 13.80000,13.08000,0.00000,13.26582,   0.000,  0.000, 16.602,  0,  -180000.0,   0.50000, 0, 
pro_20221028, 2022-10-28T17:03:24,  60336220.482, 0.100,   0,  1,  1,  7,  25.0,13.266,     0.000,   -16.216,14.50000,    13.80000,0.00000,13.46582,13.27285,   0.193103, 0.50000,0.99003,1.00000,
echo:  v0, 0
