echo:  Xm7, 4
echo:  Ca0.5, 4
echo:  Dr10000, 4
echo:  Dp10000, 4
echo:  v26, 4
echo:  W2, 4
echo:  Dm6, 4
echo:  Dn0.0001, 4
echo:  Sf.05, 4
echo:  Xm7, 0
modeling 7 to 7
Modeling 7
tweak_test 0
mod_ib 1
mod_vb 1
mod_tb 1
echo:  Ca0.5, 0
soc=  0.500, modeling = 7, delta_q=-180000.000, soc_model=  0.5000,   delta_q_model=-180000.000, soc_ekf=  0.5002, delta_q_ekf=-179914.355,
soft reset...
echo:  W3, 0
echo:  W, 0
.....Wait...
echo:  W, 0
.....Wait...
echo:  W, 0
.....Wait...
echo:  Dr10000, 0
ReadSensors 100 to 10000
echo:  Dp10000, 0
PublishSerial 400 to 10000
echo:  v26, 0
unit,               hm,                  cTime,       dt,       sat,sel,mod,  Tb,  Vb,  Ib,        Vsat,dV_dyn,Voc_stat,Voc_ekf,     y_ekf,    soc_m,soc_ekf,soc,,
unit_m,  c_time,       Tb_m,Tbl_m,  vsat_m, voc_stat_m, dv_dyn_m, vb_m, ib_m, ib_in_m, sat_m, ddq_m, dq_m, q_m, qcap_m, soc_m, reset_m,
unit_s,c_time,res,user_sel,   m_bare,n_bare,  cc_dif,  ibmh,ibnh,ibmm,ibnm,ibm,   ib_dif,ib_dif_f,    voc_soc,e_w,e_w_f,  ib_sel,Ib_h,Ib_m,mib,Ib_s, vb_sel,Vb_h,Vb_m,mvb,Vb_s,  Tb_h,Tb_s,mtb,Tb_f,   fltw, falw, ib_rate, ib_quiet, tb_sel,
pro_20220827, 2022-08-27T12:16:41,  54973007.107,10.000,   0,  0,  7,  25.00,13.07000,0.00000,    13.80000,0.00000,13.07000,13.07000,   0.000000, 0.50000,0.50000,0.50000,
unit_sel, 54973007.132, 0, 0,  0, 0,  -0.0000000,  0.00000,0.00000,0.00000,0.00000,0.00000,  0.00000,0.00000,   13.07000,0.00000,0.00038,  1, 0.00000,0.00000, 1, 0.00000,  1, 13.48648,13.07000, 1, 13.07000,   0.00,25.00, 1, 25.00, 0, 0,   0.000,   0.000, 1,
unit_sim,  54973007.132, 25.00000,25.00000, 13.80000,13.07000,0.00000,13.07000,   0.000,  0.000,  0,    0.000000,-180000.0, 180000.0, 360000.0,   0.50000, 0, 
echo:  W2, 0
pro_20220827, 2022-08-27T12:16:51,  54973017.107,10.024,   0,  0,  7,  25.00,13.07000,0.00000,    13.80000,0.00000,13.07000,13.07000,   0.000000, 0.50000,0.50000,0.50000,
unit_sel, 54973017.131, 0, 0,  0, 0,  -0.0000000,  0.00000,0.00000,0.00000,0.00000,0.00000,  0.00000,0.00000,   13.07000,0.00000,0.00018,  1, 0.00000,0.00000, 1, 0.00000,  1, 13.48648,13.07000, 1, 13.07000,   0.00,25.00, 1, 25.00, 0, 0,   0.000,   0.000, 1,
unit_sim,  54973017.131, 25.00000,25.00000, 13.80000,13.07000,0.00000,13.07000,   0.000,  0.000,  0,    0.000000,-180000.0, 180000.0, 360000.0,   0.50000, 0, 
echo:  W, 0
.....Wait...
pro_20220827, 2022-08-27T12:17:01,  54973027.107,10.000,   0,  0,  7,  25.00,13.07000,0.00000,    13.80000,0.00000,13.07000,13.07000,   0.000000, 0.50000,0.50000,0.50000,
unit_sel, 54973027.178, 0, 0,  0, 0,  -0.0000000,  0.00000,0.00000,0.00000,0.00000,0.00000,  0.00000,0.00000,   13.07000,0.00000,0.00009,  1, 0.00000,0.00000, 1, 0.00000,  1, 13.47787,13.07000, 1, 13.07000,   0.00,25.00, 1, 25.00, 0, 0,   0.000,   0.000, 1,
unit_sim,  54973027.178, 25.00000,25.00000, 13.80000,13.07000,0.00000,13.07000,   0.000,  0.000,  0,    0.000000,-180000.0, 180000.0, 360000.0,   0.50000, 0, 
echo:  W, 0
.....Wait...
pro_20220827, 2022-08-27T12:17:11,  54973037.108,10.046,   0,  0,  7,  25.00,13.07000,0.00000,    13.80000,0.00000,13.07000,13.07000,   0.000000, 0.50000,0.50000,0.50000,
unit_sel, 54973037.177, 0, 0,  0, 0,  -0.0000000,  0.00000,0.00000,0.00000,0.00000,0.00000,  0.00000,0.00000,   13.07000,0.00000,0.00004,  1, 0.00000,0.00000, 1, 0.00000,  1, 13.48648,13.07000, 1, 13.07000,   0.00,25.00, 1, 25.00, 0, 0,   0.000,   0.000, 1,
unit_sim,  54973037.177, 25.00000,25.00000, 13.80000,13.07000,0.00000,13.07000,   0.000,  0.000,  0,    0.000000,-180000.0, 180000.0, 360000.0,   0.50000, 0, 
echo:  Dm6, 0
ShuntAmp.add    0.000 to   6.000
pro_20220827, 2022-08-27T12:17:21,  54973047.107,10.000,   0,  0,  7,  25.00,13.07000,0.00000,    13.80000,0.00000,13.07000,13.07000,   0.000000, 0.50000,0.50000,0.50000,
unit_sel, 54973047.178, 0, 0,  0, 0,  -0.0000000,  6.00000,0.00000,6.00000,0.00000,0.00000,  6.00000,6.00000,   13.07000,0.00000,0.00002,  1, 6.00000,6.00000, 1, 6.00000,  1, 13.49510,13.07000, 1, 13.07000,   0.00,25.00, 1, 25.00, 256, 0,   4.960,   0.335, 1,
unit_sim,  54973047.178, 25.00000,25.00000, 13.80000,13.07000,0.00000,13.07000,   0.000,  0.000,  0,    0.000000,-180000.0, 180000.0, 360000.0,   0.50000, 0, 
echo:  Dn0.0001, 0
ShuntNoAmp.add   0.000 to   0.000
pro_20220827, 2022-08-27T12:17:31,  54973057.107,10.000,   0,  0,  7,  25.00,13.07000,6.00000,    13.80000,0.07380,12.99619,13.07000,  -0.073809, 0.50000,0.50001,0.50017,
unit_sel, 54973057.178, 0, 0,  0, 0,  -0.0001614,  6.00000,0.00010,6.00000,0.00010,0.00000,  5.99990,5.99990,   13.07000,0.07380,0.03828,  1, 6.00000,6.00000, 1, 6.00000,  1, 13.49079,13.07000, 1, 13.07000,   0.00,25.00, 1, 25.00, 384, 256,   5.000,   0.937, 1,
unit_sim,  54973057.178, 25.00000,25.00000, 13.80000,13.07000,0.00000,13.07000,   0.000,  0.000,  0,    0.000000,-180000.0, 180000.0, 360000.0,   0.50000, 0, 
echo:  Sf.05, 0
cc_diff scl   1.000 to   0.050
pro_20220827, 2022-08-27T12:17:41,  54973067.107,10.000,   0,  0,  7,  25.00,13.07000,6.00000,    13.80000,0.07380,12.99619,13.07001,  -0.073815, 0.50000,0.50001,0.50033,
unit_sel, 54973067.177, 0, 0,  0, 0,  -0.0003228,  6.00000,0.00010,6.00000,0.00010,0.00000,  5.99990,5.99990,   13.07000,0.07380,0.05670,  1, 6.00000,6.00000, 1, 6.00000,  1, 13.48218,13.07000, 1, 13.07000,   0.00,25.00, 1, 25.00, 384, 256,   4.530,   1.482, 1,
unit_sim,  54973067.177, 25.00000,25.00000, 13.80000,13.07000,0.00000,13.07000,   0.000,  0.000,  0,    0.000000,-180000.0, 180000.0, 360000.0,   0.50000, 0, 
pro_20220827, 2022-08-27T12:17:51,  54973077.107,10.000,   0,  0,  7,  25.00,13.07000,6.00000,    13.80000,0.07380,12.99618,13.07001,  -0.073822, 0.50000,0.50002,0.50050,
unit_sel, 54973077.177, 0, 0,  0, 0,  -0.0004842,  6.00000,0.00010,6.00000,0.00010,0.00000,  5.99990,5.99990,   13.07008,0.07388,0.06561,  1, 6.00000,6.00000, 1, 6.00000,  1, 13.48218,13.07000, 1, 13.07000,   0.00,25.00, 1, 25.00, 384, 256,   2.486,   1.873, 1,
unit_sim,  54973077.177, 25.00000,25.00000, 13.80000,13.07000,0.00000,13.07000,   0.000,  0.000,  0,    0.000000,-180000.0, 180000.0, 360000.0,   0.50000, 0, 
pro_20220827, 2022-08-27T12:18:01,  54973087.107,10.000,   0,  0,  7,  25.00,13.07000,6.00000,    13.80000,0.07380,12.99618,13.07001,  -0.073831, 0.50000,0.50002,0.50067,
unit_sel, 54973087.178, 0, 0,  0, 0,  -0.0006456,  6.00000,0.00010,6.00000,0.00010,0.00000,  5.99990,5.99990,   13.07017,0.07397,0.06994,  1, 6.00000,6.00000, 1, 6.00000,  1, 13.48648,13.07000, 1, 13.07000,   0.00,25.00, 1, 25.00, 384, 256,   1.364,   2.024, 1,
unit_sim,  54973087.178, 25.00000,25.00000, 13.80000,13.07000,0.00000,13.07000,   0.000,  0.000,  0,    0.000000,-180000.0, 180000.0, 360000.0,   0.50000, 0, 
pro_20220827, 2022-08-27T12:18:11,  54973097.107,10.000,   0,  0,  7,  25.00,13.07000,6.00000,    13.80000,0.07380,12.99617,13.07001,  -0.073838, 0.50000,0.50003,0.50083,
unit_sel, 54973097.177, 0, 0,  0, 0,  -0.0008070,  6.00000,0.00010,6.00000,0.00010,0.00000,  5.99990,5.99990,   13.07025,0.07405,0.07207,  1, 6.00000,6.00000, 1, 6.00000,  1, 13.49079,13.07000, 1, 13.07000,   0.00,25.00, 1, 25.00, 384, 256,   0.749,   2.027, 1,
unit_sim,  54973097.177, 25.00000,25.00000, 13.80000,13.07000,0.00000,13.07000,   0.000,  0.000,  0,    0.000000,-180000.0, 180000.0, 360000.0,   0.50000, 0, 
pro_20220827, 2022-08-27T12:18:21,  54973107.107,10.000,   0,  0,  7,  25.00,13.07000,6.00000,    13.80000,0.07380,12.99617,13.07001,  -0.073845, 0.50000,0.50003,0.50100,
unit_sel, 54973107.177, 0, 0,  0, 0,  -0.0009684,  6.00000,0.00010,6.00000,0.00010,0.00000,  5.99990,5.99990,   13.07033,0.07413,0.07314,  1, 6.00000,6.00000, 1, 6.00000,  1, 13.48648,13.07000, 1, 13.07000,   0.00,25.00, 1, 25.00, 384, 256,   0.411,   1.913, 1,
unit_sim,  54973107.177, 25.00000,25.00000, 13.80000,13.07000,0.00000,13.07000,   0.000,  0.000,  0,    0.000000,-180000.0, 180000.0, 360000.0,   0.50000, 0, 
pro_20220827, 2022-08-27T12:18:31,  54973117.107,10.000,   0,  0,  7,  25.00,13.07000,6.00000,    13.80000,0.07380,12.99616,13.07002,  -0.073852, 0.50000,0.50004,0.50116,
unit_sel, 54973117.178, 0, 0,  0, 0,  -0.0011298,  6.00000,0.00010,6.00000,0.00010,0.00000,  5.99990,5.99990,   13.07042,0.07422,0.07370,  1, 6.00000,6.00000, 1, 6.00000,  1, 13.49079,13.07000, 1, 13.07000,   0.00,25.00, 1, 25.00, 384, 256,   0.226,   1.735, 1,
unit_sim,  54973117.178, 25.00000,25.00000, 13.80000,13.07000,0.00000,13.07000,   0.000,  0.000,  0,    0.000000,-180000.0, 180000.0, 360000.0,   0.50000, 0, 
pro_20220827, 2022-08-27T12:18:41,  54973127.107,10.000,   0,  0,  7,  25.00,13.07000,6.00000,    13.80000,0.07380,12.99616,13.07002,  -0.073861, 0.50000,0.50004,0.50133,
unit_sel, 54973127.177, 0, 0,  0, 0,  -0.0012912,  6.00000,0.00010,6.00000,0.00010,0.00000,  5.99990,5.99990,   13.07050,0.07430,0.07401,  1, 6.00000,6.00000, 1, 6.00000,  1, 13.49079,13.07000, 1, 13.07000,   0.00,25.00, 1, 25.00, 384, 256,   0.124,   1.522, 1,
unit_sim,  54973127.177, 25.00000,25.00000, 13.80000,13.07000,0.00000,13.07000,   0.000,  0.000,  0,    0.000000,-180000.0, 180000.0, 360000.0,   0.50000, 0, 
pro_20220827, 2022-08-27T12:18:51,  54973137.107,10.000,   0,  0,  7,  25.00,13.07000,6.00000,    13.80000,0.07380,12.99615,13.07002,  -0.073868, 0.50000,0.50005,0.50150,
unit_sel, 54973137.177, 0, 0,  0, 0,  -0.0014526,  6.00000,0.00010,6.00000,0.00010,0.00000,  5.99990,5.99990,   13.07058,0.07438,0.07420,  1, 6.00000,6.00000, 1, 6.00000,  1, 13.49079,13.07000, 1, 13.07000,   0.00,25.00, 1, 25.00, 384, 256,   0.068,   1.300, 1,
unit_sim,  54973137.177, 25.00000,25.00000, 13.80000,13.07000,0.00000,13.07000,   0.000,  0.000,  0,    0.000000,-180000.0, 180000.0, 360000.0,   0.50000, 0, 
pro_20220827, 2022-08-27T12:19:01,  54973147.107,10.000,   0,  0,  7,  25.00,13.07000,6.00000,    13.80000,0.07380,12.99615,13.07002,  -0.073875, 0.50000,0.50005,0.50166,
unit_sel, 54973147.178, 0, 0,  0, 0,  -0.0016140,  6.00000,0.00010,6.00000,0.00010,0.00000,  5.99990,5.99990,   13.07067,0.07447,0.07434,  1, 6.00000,6.00000, 1, 6.00000,  1, 13.48648,13.07000, 1, 13.07000,   0.00,25.00, 1, 25.00, 384, 256,   0.037,   1.086, 1,
unit_sim,  54973147.178, 25.00000,25.00000, 13.80000,13.07000,0.00000,13.07000,   0.000,  0.000,  0,    0.000000,-180000.0, 180000.0, 360000.0,   0.50000, 0, 
pro_20220827, 2022-08-27T12:19:11,  54973157.107,10.000,   0,  0,  7,  25.00,13.07000,6.00000,    13.80000,0.07380,12.99614,13.07003,  -0.073883, 0.50000,0.50006,0.50183,
unit_sel, 54973157.177, 0, 0,  0, 0,  -0.0017754,  6.00000,0.00010,6.00000,0.00010,0.00000,  5.99990,5.99990,   13.07075,0.07455,0.07445,  1, 6.00000,6.00000, 1, 6.00000,  1, 13.48648,13.07000, 1, 13.07000,   0.00,25.00, 1, 25.00, 384, 256,   0.020,   0.890, 1,
unit_sim,  54973157.177, 25.00000,25.00000, 13.80000,13.07000,0.00000,13.07000,   0.000,  0.000,  0,    0.000000,-180000.0, 180000.0, 360000.0,   0.50000, 0, 
pro_20220827, 2022-08-27T12:19:21,  54973167.107,10.000,   0,  0,  7,  25.00,13.07000,6.00000,    13.80000,0.07380,12.99614,13.07003,  -0.073890, 0.50000,0.50006,0.50200,
unit_sel, 54973167.178, 0, 0,  0, 0,  -0.0019368,  6.00000,0.00010,6.00000,0.00010,0.00000,  5.99990,5.99990,   13.07083,0.07463,0.07454,  1, 6.00000,6.00000, 1, 6.00000,  1, 13.48648,13.07000, 1, 13.07000,   0.00,25.00, 1, 25.00, 384, 256,   0.011,   0.716, 1,
unit_sim,  54973167.178, 25.00000,25.00000, 13.80000,13.07000,0.00000,13.07000,   0.000,  0.000,  0,    0.000000,-180000.0, 180000.0, 360000.0,   0.50000, 0, 
pro_20220827, 2022-08-27T12:19:31,  54973177.107,10.000,   0,  0,  7,  25.00,13.07000,6.00000,    13.80000,0.07380,12.99613,13.07003,  -0.073897, 0.50000,0.50007,0.50216,
unit_sel, 54973177.178, 0, 0,  0, 0,  -0.0020982,  6.00000,0.00010,6.00000,0.00010,0.00000,  5.99990,5.99990,   13.07092,0.07472,0.07463,  1, 6.00000,6.00000, 1, 6.00000,  1, 13.48648,13.07000, 1, 13.07000,   0.00,25.00, 1, 25.00, 384, 256,   0.006,   0.566, 1,
unit_sim,  54973177.178, 25.00000,25.00000, 13.80000,13.07000,0.00000,13.07000,   0.000,  0.000,  0,    0.000000,-180000.0, 180000.0, 360000.0,   0.50000, 0, 
pro_20220827, 2022-08-27T12:19:41,  54973187.107,10.000,   0,  0,  7,  25.00,13.07000,6.00000,    13.80000,0.07380,12.99613,13.07004,  -0.073906, 0.50000,0.50007,0.50233,
unit_sel, 54973187.177, 0, 0,  0, 0,  -0.0022596,  6.00000,0.00010,6.00000,0.00010,0.00000,  5.99990,5.99990,   13.07100,0.07480,0.07472,  1, 6.00000,6.00000, 1, 6.00000,  1, 13.47787,13.07000, 1, 13.07000,   0.00,25.00, 1, 25.00, 384, 256,   0.003,   0.441, 1,
unit_sim,  54973187.177, 25.00000,25.00000, 13.80000,13.07000,0.00000,13.07000,   0.000,  0.000,  0,    0.000000,-180000.0, 180000.0, 360000.0,   0.50000, 0, 
pro_20220827, 2022-08-27T12:19:51,  54973197.107,10.000,   0,  0,  7,  25.00,13.07000,6.00000,    13.80000,0.07380,12.99612,13.07004,  -0.073913, 0.50000,0.50008,0.50250,
unit_sel, 54973197.177, 0, 0,  0, 0,  -0.0024210,  6.00000,0.00010,6.00000,0.00010,0.00000,  5.99990,5.99990,   13.07108,0.07488,0.07480,  1, 6.00000,6.00000, 1, 6.00000,  1, 13.48648,13.07000, 1, 13.07000,   0.00,25.00, 1, 25.00, 384, 256,   0.002,   0.337, 1,
unit_sim,  54973197.177, 25.00000,25.00000, 13.80000,13.07000,0.00000,13.07000,   0.000,  0.000,  0,    0.000000,-180000.0, 180000.0, 360000.0,   0.50000, 0, 
pro_20220827, 2022-08-27T12:20:01,  54973207.107,10.000,   0,  0,  7,  25.00,13.07000,6.00000,    13.80000,0.07380,12.99612,13.07004,  -0.073920, 0.50000,0.50008,0.50266,
unit_sel, 54973207.178, 0, 0,  0, 0,  -0.0025824,  6.00000,0.00010,6.00000,0.00010,0.00000,  5.99990,5.99990,   13.07117,0.07497,0.07489,  1, 6.00000,6.00000, 1, 6.00000,  1, 13.49079,13.07000, 1, 13.07000,   0.00,25.00, 1, 25.00, 384, 256,   0.001,   0.254, 1,
unit_sim,  54973207.178, 25.00000,25.00000, 13.80000,13.07000,0.00000,13.07000,   0.000,  0.000,  0,    0.000000,-180000.0, 180000.0, 360000.0,   0.50000, 0, 
pro_20220827, 2022-08-27T12:20:11,  54973217.107,10.000,   0,  0,  7,  25.00,13.07000,6.00000,    13.80000,0.07380,12.99611,13.07004,  -0.073929, 0.50000,0.50009,0.50283,
unit_sel, 54973217.177, 0, 0,  0, 0,  -0.0027438,  6.00000,0.00010,6.00000,0.00010,0.00000,  5.99990,5.99990,   13.07125,0.07505,0.07497,  1, 6.00000,6.00000, 1, 6.00000,  1, 13.49079,13.07000, 1, 13.07000,   0.00,25.00, 1, 25.00, 384, 256,   0.001,   0.188, 1,
unit_sim,  54973217.177, 25.00000,25.00000, 13.80000,13.07000,0.00000,13.07000,   0.000,  0.000,  0,    0.000000,-180000.0, 180000.0, 360000.0,   0.50000, 0, 
pro_20220827, 2022-08-27T12:20:21,  54973227.107,10.000,   0,  0,  7,  25.00,13.07000,6.00000,    13.80000,0.07380,12.99611,13.07005,  -0.073936, 0.50000,0.50009,0.50300,
unit_sel, 54973227.177, 0, 0,  0, 0,  -0.0029052,  6.00000,0.00010,6.00000,0.00010,0.00000,  5.99990,5.99990,   13.07133,0.07513,0.07505,  1, 6.00000,6.00000, 1, 6.00000,  1, 13.49079,13.07000, 1, 13.07000,   0.00,25.00, 1, 25.00, 384, 256,   0.000,   0.137, 1,
unit_sim,  54973227.177, 25.00000,25.00000, 13.80000,13.07000,0.00000,13.07000,   0.000,  0.000,  0,    0.000000,-180000.0, 180000.0, 360000.0,   0.50000, 0, 
pro_20220827, 2022-08-27T12:20:31,  54973237.108,10.000,   0,  0,  7,  25.00,13.07000,6.00000,    13.80000,0.07380,12.99611,13.07005,  -0.073942, 0.50000,0.50010,0.50316,
unit_sel, 54973237.178, 0, 0,  0, 0,  -0.0030666,  6.00000,0.00010,6.00000,0.00010,0.00000,  5.99990,5.99990,   13.07141,0.07522,0.07514,  1, 6.00000,6.00000, 1, 6.00000,  1, 13.48648,13.07000, 1, 13.07000,   0.00,25.00, 1, 25.00, 384, 256,   0.000,   0.097, 1,
unit_sim,  54973237.178, 25.00000,25.00000, 13.80000,13.07000,0.00000,13.07000,   0.000,  0.000,  0,    0.000000,-180000.0, 180000.0, 360000.0,   0.50000, 0, 
pro_20220827, 2022-08-27T12:20:41,  54973247.107,10.000,   0,  0,  7,  25.00,13.07000,6.00000,    13.80000,0.07380,12.99610,13.07005,  -0.073951, 0.50000,0.50010,0.50333,
unit_sel, 54973247.177, 0, 0,  0, 0,  -0.0032280,  6.00000,0.00010,6.00000,0.00010,0.00000,  5.99990,5.99990,   13.07150,0.07530,0.07522,  1, 6.00000,6.00000, 1, 6.00000,  1, 13.48648,13.07000, 1, 13.07000,   0.00,25.00, 1, 25.00, 384, 256,   0.000,   0.067, 1,
unit_sim,  54973247.177, 25.00000,25.00000, 13.80000,13.07000,0.00000,13.07000,   0.000,  0.000,  0,    0.000000,-180000.0, 180000.0, 360000.0,   0.50000, 0, 
pro_20220827, 2022-08-27T12:20:51,  54973257.107,10.000,   0,  0,  7,  25.00,13.07000,6.00000,    13.80000,0.07380,12.99609,13.07005,  -0.073958, 0.50000,0.50011,0.50349,
unit_sel, 54973257.177, 0, 0,  0, 0,  -0.0033894,  6.00000,0.00010,6.00000,0.00010,0.00000,  5.99990,5.99990,   13.07158,0.07538,0.07530,  1, 6.00000,6.00000, 1, 6.00000,  1, 13.48648,13.07000, 1, 13.07000,   0.00,25.00, 1, 25.00, 384, 256,   0.000,   0.045, 1,
unit_sim,  54973257.177, 25.00000,25.00000, 13.80000,13.07000,0.00000,13.07000,   0.000,  0.000,  0,    0.000000,-180000.0, 180000.0, 360000.0,   0.50000, 0, 
pro_20220827, 2022-08-27T12:21:01,  54973267.107,10.000,   0,  0,  7,  25.00,13.07000,6.00000,    13.80000,0.07380,12.99609,13.07006,  -0.073965, 0.50000,0.50011,0.50366,
unit_sel, 54973267.178, 0, 0,  0, 0,  -0.0035508,  6.00000,0.00010,6.00000,0.00010,0.00000,  5.99990,5.99990,   13.07166,0.07547,0.07539,  1, 6.00000,6.00000, 1, 6.00000,  1, 13.49079,13.07000, 1, 13.07000,   0.00,25.00, 1, 25.00, 384, 256,   0.000,   0.029, 1,
unit_sim,  54973267.178, 25.00000,25.00000, 13.80000,13.07000,0.00000,13.07000,   0.000,  0.000,  0,    0.000000,-180000.0, 180000.0, 360000.0,   0.50000, 0, 
pro_20220827, 2022-08-27T12:21:11,  54973277.107,10.000,   0,  0,  7,  25.00,13.07000,6.00000,    13.80000,0.07380,12.99609,13.07006,  -0.073974, 0.50000,0.50012,0.50383,
unit_sel, 54973277.177, 0, 0,  0, 0,  -0.0037122,  6.00000,0.00010,6.00000,0.00010,0.00000,  5.99990,5.99990,   13.07175,0.07555,0.07547,  1, 6.00000,6.00000, 1, 6.00000,  1, 13.49079,13.07000, 1, 13.07000,   0.00,25.00, 1, 25.00, 384, 256,   0.000,   0.017, 1,
unit_sim,  54973277.177, 25.00000,25.00000, 13.80000,13.07000,0.00000,13.07000,   0.000,  0.000,  0,    0.000000,-180000.0, 180000.0, 360000.0,   0.50000, 0, 
pro_20220827, 2022-08-27T12:21:21,  54973287.107,10.000,   0,  0,  7,  25.00,13.07000,6.00000,    13.80000,0.07380,12.99608,13.07006,  -0.073981, 0.50000,0.50012,0.50399,
unit_sel, 54973287.177, 0, 0,  0, 0,  -0.0038736,  6.00000,0.00010,6.00000,0.00010,0.00000,  5.99990,5.99990,   13.07183,0.07563,0.07555,  1, 6.00000,6.00000, 1, 6.00000,  1, 13.48218,13.07000, 1, 13.07000,   0.00,25.00, 1, 25.00, 384, 256,   0.000,   0.009, 1,
unit_sim,  54973287.177, 25.00000,25.00000, 13.80000,13.07000,0.00000,13.07000,   0.000,  0.000,  0,    0.000000,-180000.0, 180000.0, 360000.0,   0.50000, 0, 
pro_20220827, 2022-08-27T12:21:31,  54973297.107,10.000,   0,  0,  7,  25.00,13.07000,6.00000,    13.80000,0.07380,12.99607,13.07006,  -0.073988, 0.50000,0.50013,0.50416,
unit_sel, 54973297.178, 0, 0,  0, 0,  -0.0040350,  6.00000,0.00010,6.00000,0.00010,0.00000,  5.99990,5.99990,   13.07191,0.07571,0.07564,  1, 6.00000,6.00000, 1, 6.00000,  1, 13.49079,13.07000, 1, 13.07000,   0.00,25.00, 1, 25.00, 384, 256,   0.000,   0.004, 1,
unit_sim,  54973297.178, 25.00000,25.00000, 13.80000,13.07000,0.00000,13.07000,   0.000,  0.000,  0,    0.000000,-180000.0, 180000.0, 360000.0,   0.50000, 0, 
pro_20220827, 2022-08-27T12:21:41,  54973307.107,10.000,   0,  0,  7,  25.00,13.07000,6.00000,    13.80000,0.07380,12.99607,13.07006,  -0.073995, 0.50000,0.50013,0.50433,
unit_sel, 54973307.177, 0, 0,  0, 0,  -0.0041964,  6.00000,0.00010,6.00000,0.00010,0.00000,  5.99990,5.99990,   13.07200,0.07580,0.07572,  1, 6.00000,6.00000, 1, 6.00000,  1, 13.48648,13.07000, 1, 13.07000,   0.00,25.00, 1, 25.00, 384, 256,   0.000,   0.000, 1,
unit_sim,  54973307.177, 25.00000,25.00000, 13.80000,13.07000,0.00000,13.07000,   0.000,  0.000,  0,    0.000000,-180000.0, 180000.0, 360000.0,   0.50000, 0, 
pro_20220827, 2022-08-27T12:21:51,  54973317.107,10.000,   0,  0,  7,  25.00,13.07000,6.00000,    13.80000,0.07380,12.99607,13.07007,  -0.074003, 0.50000,0.50014,0.50449,
unit_sel, 54973317.177, 0, 0,  0, 0,  -0.0043578,  6.00000,0.00010,6.00000,0.00010,0.00000,  5.99990,5.99990,   13.07208,0.07588,0.07580,  1, 6.00000,6.00000, 1, 6.00000,  1, 13.48218,13.07000, 1, 13.07000,   0.00,25.00, 1, 25.00, 384, 256,   0.000,  -0.002, 1,
unit_sim,  54973317.177, 25.00000,25.00000, 13.80000,13.07000,0.00000,13.07000,   0.000,  0.000,  0,    0.000000,-180000.0, 180000.0, 360000.0,   0.50000, 0, 
pro_20220827, 2022-08-27T12:22:01,  54973327.107,10.000,   0,  0,  7,  25.00,13.07000,6.00000,    13.80000,0.07380,12.99606,13.07007,  -0.074010, 0.50000,0.50014,0.50466,
unit_sel, 54973327.178, 0, 0,  0, 0,  -0.0045192,  6.00000,0.00010,6.00000,0.00010,0.00000,  5.99990,5.99990,   13.07216,0.07596,0.07589,  1, 6.00000,6.00000, 1, 6.00000,  1, 13.48218,13.07000, 1, 13.07000,   0.00,25.00, 1, 25.00, 384, 256,   0.000,  -0.003, 1,
unit_sim,  54973327.178, 25.00000,25.00000, 13.80000,13.07000,0.00000,13.07000,   0.000,  0.000,  0,    0.000000,-180000.0, 180000.0, 360000.0,   0.50000, 0, 
pro_20220827, 2022-08-27T12:22:11,  54973337.107,10.000,   0,  0,  7,  25.00,13.07000,6.00000,    13.80000,0.07380,12.99605,13.07007,  -0.074017, 0.50000,0.50015,0.50483,
unit_sel, 54973337.178, 0, 0,  0, 0,  -0.0046806,  6.00000,0.00010,6.00000,0.00010,0.00000,  5.99990,5.99990,   13.07225,0.07605,0.07597,  1, 6.00000,6.00000, 1, 6.00000,  1, 13.49079,13.07000, 1, 13.07000,   0.00,25.00, 1, 25.00, 384, 256,   0.000,  -0.003, 1,
unit_sim,  54973337.178, 25.00000,25.00000, 13.80000,13.07000,0.00000,13.07000,   0.000,  0.000,  0,    0.000000,-180000.0, 180000.0, 360000.0,   0.50000, 0, 
pro_20220827, 2022-08-27T12:22:21,  54973347.107,10.000,   0,  0,  7,  25.00,13.07000,6.00000,    13.80000,0.07380,12.99605,13.07008,  -0.074026, 0.50000,0.50015,0.50499,
unit_sel, 54973347.177, 0, 0,  0, 0,  -0.0048420,  6.00000,0.00010,6.00000,0.00010,0.00000,  5.99990,5.99990,   13.07233,0.07613,0.07605,  1, 6.00000,6.00000, 1, 6.00000,  1, 13.48218,13.07000, 1, 13.07000,   0.00,25.00, 1, 25.00, 384, 256,   0.000,  -0.003, 1,
unit_sim,  54973347.177, 25.00000,25.00000, 13.80000,13.07000,0.00000,13.07000,   0.000,  0.000,  0,    0.000000,-180000.0, 180000.0, 360000.0,   0.50000, 0, 
pro_20220827, 2022-08-27T12:22:31,  54973357.108,10.000,   0,  0,  7,  25.00,13.07000,6.00000,    13.80000,0.07380,12.99605,13.07008,  -0.074033, 0.50000,0.50016,0.50516,
Sel chg:  Amp->bare=0, NoAmp->bare=0, ib_dif_fa=1, wh_fa=0, wl_fa=0, wv_fa=0, cc_diff_fa_=165,
 rp.ib_select=0, ib_sel_stat=-1, vb_sel_stat=1, tb_sel_stat=1, vb_fail=0, Tb_fail=0,
Small reset
unit_sel, 54973357.178, 0, 0,  0, 0,  -0.0050034,  6.00000,0.00010,6.00000,0.00010,0.00000,  5.99990,5.99990,   13.07241,0.07621,0.07614,  -1, 0.00010,0.00010, 1, 0.00010,  1, 13.49079,13.07000, 1, 13.07000,   0.00,25.00, 1, 25.00, 384, 272,   0.000,  -0.003, 1,
unit_sim,  54973357.178, 25.00000,25.00000, 13.80000,13.07000,0.00000,13.07000,   0.000,  0.000,  0,    0.000000,-180000.0, 180000.0, 360000.0,   0.50000, 0, 
soft reset...
unit_sel, 54973357.183, 1, 0,  0, 0,  -0.0050034,  6.00000,0.00010,6.00000,0.00010,0.00000,  5.99990,5.99990,   13.07250,0.00250,0.00250,  -1, 0.00010,0.00010, 1, 0.00010,  1, 13.48648,13.07000, 1, 13.07000,   0.00,25.00, 1, 25.00, 384, 272,   0.000,   0.000, 1,
unit_sim,  54973357.183, 25.00000,25.00000, 13.80000,13.07000,0.00000,13.07000,   0.000,  0.000,  0,    0.000000,-180000.0, 180000.0, 360000.0,   0.50000, 1, 
unit,               hm,                  cTime,       dt,       sat,sel,mod,  Tb,  Vb,  Ib,        Vsat,dV_dyn,Voc_stat,Voc_ekf,     y_ekf,    soc_m,soc_ekf,soc,,
unit_m,  c_time,       Tb_m,Tbl_m,  vsat_m, voc_stat_m, dv_dyn_m, vb_m, ib_m, ib_in_m, sat_m, ddq_m, dq_m, q_m, qcap_m, soc_m, reset_m,
unit_s,c_time,res,user_sel,   m_bare,n_bare,  cc_dif,  ibmh,ibnh,ibmm,ibnm,ibm,   ib_dif,ib_dif_f,    voc_soc,e_w,e_w_f,  ib_sel,Ib_h,Ib_m,mib,Ib_s, vb_sel,Vb_h,Vb_m,mvb,Vb_s,  Tb_h,Tb_s,mtb,Tb_f,   fltw, falw, ib_rate, ib_quiet, tb_sel,
pro_20220827, 2022-08-27T12:22:31,  54973357.183, 0.005,   0,  0,  7,  25.00,13.07000,0.00010,    13.80000,0.00000,13.07000,13.07000,  -0.000000, 0.50000,0.50000,0.50000,
unit_sel, 54973367.182, 0, 0,  0, 0,   0.0000000,  6.00000,0.00010,6.00000,0.00010,0.00000,  5.99990,5.99990,   13.07258,0.00258,0.00254,  -1, 0.00010,0.00010, 1, 0.00010,  1, 13.48648,13.07000, 1, 13.07000,   0.00,25.00, 1, 25.00, 384, 256,   0.000,   0.000, 1,
unit_sim,  54973367.182, 25.00000,25.00000, 13.80000,13.07000,0.00000,13.07000,   0.000,  0.000,  0,    0.000000,-180000.0, 180000.0, 360000.0,   0.50000, 0, 
pro_20220827, 2022-08-27T12:22:41,  54973367.182,10.000,   0,  0,  7,  25.00,13.07000,0.00010,    13.80000,0.00000,13.07000,13.07000,  -0.000001, 0.50000,0.50000,0.50000,
unit_sel, 54973377.182, 0, 0,  0, 0,  -0.0000000,  6.00000,0.00010,6.00000,0.00010,0.00000,  5.99990,5.99990,   13.07258,0.00258,0.00256,  -1, 0.00010,0.00010, 1, 0.00010,  1, 13.48648,13.07000, 1, 13.07000,   0.00,25.00, 1, 25.00, 384, 256,   0.000,   0.000, 1,
unit_sim,  54973377.182, 25.00000,25.00000, 13.80000,13.07000,0.00000,13.07000,   0.000,  0.000,  0,    0.000000,-180000.0, 180000.0, 360000.0,   0.50000, 0, 
pro_20220827, 2022-08-27T12:22:51,  54973377.182,10.000,   0,  0,  7,  25.00,13.07000,0.00010,    13.80000,0.00000,13.07000,13.07000,  -0.000001, 0.50000,0.50000,0.50000,
unit_sel, 54973387.182, 0, 0,  0, 0,  -0.0000000,  6.00000,0.00010,6.00000,0.00010,0.00000,  5.99990,5.99990,   13.07000,0.00000,0.00123,  -1, 0.00010,0.00010, 1, 0.00010,  1, 13.48648,13.07000, 1, 13.07000,   0.00,25.00, 1, 25.00, 384, 256,   0.000,   0.000, 1,
unit_sim,  54973387.182, 25.00000,25.00000, 13.80000,13.07000,0.00000,13.07000,   0.000,  0.000,  0,    0.000000,-180000.0, 180000.0, 360000.0,   0.50000, 0, 
pro_20220827, 2022-08-27T12:23:01,  54973387.182,10.000,   0,  0,  7,  25.00,13.07000,0.00010,    13.80000,0.00000,13.07000,13.07000,  -0.000001, 0.50000,0.50000,0.50000,
unit_sel, 54973397.182, 0, 0,  0, 0,  -0.0000000,  6.00000,0.00010,6.00000,0.00010,0.00000,  5.99990,5.99990,   13.07000,0.00000,0.00059,  -1, 0.00010,0.00010, 1, 0.00010,  1, 13.48648,13.07000, 1, 13.07000,   0.00,25.00, 1, 25.00, 384, 256,   0.000,   0.000, 1,
unit_sim,  54973397.182, 25.00000,25.00000, 13.80000,13.07000,0.00000,13.07000,   0.000,  0.000,  0,    0.000000,-180000.0, 180000.0, 360000.0,   0.50000, 0, 
pro_20220827, 2022-08-27T12:23:11,  54973397.182,10.000,   0,  0,  7,  25.00,13.07000,0.00010,    13.80000,0.00000,13.07000,13.07000,  -0.000001, 0.50000,0.50000,0.50000,
unit_sel, 54973407.182, 0, 0,  0, 0,  -0.0000000,  6.00000,0.00010,6.00000,0.00010,0.00000,  5.99990,5.99990,   13.07000,0.00000,0.00029,  -1, 0.00010,0.00010, 1, 0.00010,  1, 13.48648,13.07000, 1, 13.07000,   0.00,25.00, 1, 25.00, 384, 256,   0.000,   0.000, 1,
unit_sim,  54973407.182, 25.00000,25.00000, 13.80000,13.07000,0.00000,13.07000,   0.000,  0.000,  0,    0.000000,-180000.0, 180000.0, 360000.0,   0.50000, 0, 
pro_20220827, 2022-08-27T12:23:21,  54973407.182,10.000,   0,  0,  7,  25.00,13.07000,0.00010,    13.80000,0.00000,13.07000,13.07000,  -0.000001, 0.50000,0.50000,0.50000,
unit_sel, 54973417.182, 0, 0,  0, 0,  -0.0000000,  6.00000,0.00010,6.00000,0.00010,0.00000,  5.99990,5.99990,   13.07000,0.00000,0.00014,  -1, 0.00010,0.00010, 1, 0.00010,  1, 13.49079,13.07000, 1, 13.07000,   0.00,25.00, 1, 25.00, 384, 256,   0.000,   0.000, 1,
unit_sim,  54973417.182, 25.00000,25.00000, 13.80000,13.07000,0.00000,13.07000,   0.000,  0.000,  0,    0.000000,-180000.0, 180000.0, 360000.0,   0.50000, 0, 
pro_20220827, 2022-08-27T12:23:31,  54973417.182,10.000,   0,  0,  7,  25.00,13.07000,0.00010,    13.80000,0.00000,13.07000,13.07000,  -0.000001, 0.50000,0.50000,0.50000,
unit_sel, 54973427.182, 0, 0,  0, 0,  -0.0000001,  6.00000,0.00010,6.00000,0.00010,0.00000,  5.99990,5.99990,   13.07000,0.00000,0.00007,  -1, 0.00010,0.00010, 1, 0.00010,  1, 13.48648,13.07000, 1, 13.07000,   0.00,25.00, 1, 25.00, 384, 256,   0.000,   0.000, 1,
unit_sim,  54973427.182, 25.00000,25.00000, 13.80000,13.07000,0.00000,13.07000,   0.000,  0.000,  0,    0.000000,-180000.0, 180000.0, 360000.0,   0.50000, 0, 
pro_20220827, 2022-08-27T12:23:41,  54973427.182,10.000,   0,  0,  7,  25.00,13.07000,0.00010,    13.80000,0.00000,13.07000,13.07000,  -0.000001, 0.50000,0.50000,0.50000,
unit_sel, 54973437.182, 0, 0,  0, 0,  -0.0000001,  6.00000,0.00010,6.00000,0.00010,0.00000,  5.99990,5.99990,   13.07000,0.00000,0.00003,  -1, 0.00010,0.00010, 1, 0.00010,  1, 13.47787,13.07000, 1, 13.07000,   0.00,25.00, 1, 25.00, 384, 256,   0.000,   0.000, 1,
unit_sim,  54973437.182, 25.00000,25.00000, 13.80000,13.07000,0.00000,13.07000,   0.000,  0.000,  0,    0.000000,-180000.0, 180000.0, 360000.0,   0.50000, 0, 
pro_20220827, 2022-08-27T12:23:51,  54973437.182,10.000,   0,  0,  7,  25.00,13.07000,0.00010,    13.80000,0.00000,13.07000,13.07000,  -0.000001, 0.50000,0.50000,0.50000,
unit_sel, 54973447.182, 0, 0,  0, 0,  -0.0000001,  6.00000,0.00010,6.00000,0.00010,0.00000,  5.99990,5.99990,   13.07000,0.00000,0.00002,  -1, 0.00010,0.00010, 1, 0.00010,  1, 13.49079,13.07000, 1, 13.07000,   0.00,25.00, 1, 25.00, 384, 256,   0.000,   0.000, 1,
unit_sim,  54973447.182, 25.00000,25.00000, 13.80000,13.07000,0.00000,13.07000,   0.000,  0.000,  0,    0.000000,-180000.0, 180000.0, 360000.0,   0.50000, 0, 
pro_20220827, 2022-08-27T12:24:01,  54973447.182,10.000,   0,  0,  7,  25.00,13.07000,0.00010,    13.80000,0.00000,13.07000,13.07000,  -0.000001, 0.50000,0.50000,0.50000,
unit_sel, 54973457.182, 0, 0,  0, 0,  -0.0000001,  6.00000,0.00010,6.00000,0.00010,0.00000,  5.99990,5.99990,   13.07000,0.00000,0.00001,  -1, 0.00010,0.00010, 1, 0.00010,  1, 13.48218,13.07000, 1, 13.07000,   0.00,25.00, 1, 25.00, 384, 256,   0.000,   0.000, 1,
unit_sim,  54973457.182, 25.00000,25.00000, 13.80000,13.07000,0.00000,13.07000,   0.000,  0.000,  0,    0.000000,-180000.0, 180000.0, 360000.0,   0.50000, 0, 
pro_20220827, 2022-08-27T12:24:11,  54973457.182,10.000,   0,  0,  7,  25.00,13.07000,0.00010,    13.80000,0.00000,13.07000,13.07000,  -0.000001, 0.50000,0.50000,0.50000,
unit_sel, 54973467.182, 0, 0,  0, 0,  -0.0000001,  6.00000,0.00010,6.00000,0.00010,0.00000,  5.99990,5.99990,   13.07000,0.00000,0.00000,  -1, 0.00010,0.00010, 1, 0.00010,  1, 13.48648,13.07000, 1, 13.07000,   0.00,25.00, 1, 25.00, 384, 256,   0.000,   0.000, 1,
unit_sim,  54973467.182, 25.00000,25.00000, 13.80000,13.07000,0.00000,13.07000,   0.000,  0.000,  0,    0.000000,-180000.0, 180000.0, 360000.0,   0.50000, 0, 
pro_20220827, 2022-08-27T12:24:21,  54973467.182,10.000,   0,  0,  7,  25.00,13.07000,0.00010,    13.80000,0.00000,13.07000,13.07000,  -0.000001, 0.50000,0.50000,0.50000,
unit_sel, 54973477.182, 0, 0,  0, 0,  -0.0000001,  6.00000,0.00010,6.00000,0.00010,0.00000,  5.99990,5.99990,   13.07000,0.00000,0.00000,  -1, 0.00010,0.00010, 1, 0.00010,  1, 13.48218,13.07000, 1, 13.07000,   0.00,25.00, 1, 25.00, 384, 256,   0.000,   0.000, 1,
unit_sim,  54973477.182, 25.00000,25.00000, 13.80000,13.07000,0.00000,13.07000,   0.000,  0.000,  0,    0.000000,-180000.0, 180000.0, 360000.0,   0.50000, 0, 
pro_20220827, 2022-08-27T12:24:31,  54973477.182,10.000,   0,  0,  7,  25.00,13.07000,0.00010,    13.80000,0.00000,13.07000,13.07000,  -0.000001, 0.50000,0.50000,0.50000,
echo:  Xp0, 4
echo:  Rf, 4
echo:  W2, 4
echo:  +v0, 3
echo:  Dr100, 4
echo:  Dp400, 4
echo:  Sf1, 4
echo:  Rf, 4
echo:  Pf, 4
unit_sel, 54973487.183, 0, 0,  0, 0,  -0.0000001,  6.00000,0.00010,6.00000,0.00010,0.00000,  5.99990,5.99990,   13.07000,0.00000,0.00000,  -1, 0.00010,0.00010, 1, 0.00010,  1, 13.48648,13.07000, 1, 13.07000,   0.00,25.00, 1, 25.00, 384, 256,   0.000,   0.000, 1,
unit_sim,  54973487.183, 25.00000,25.00000, 13.80000,13.07000,0.00000,13.07000,   0.000,  0.000,  0,    0.000000,-180000.0, 180000.0, 360000.0,   0.50000, 0, 
pro_20220827, 2022-08-27T12:24:41,  54973487.183,10.000,   0,  0,  7,  25.00,13.07000,0.00010,    13.80000,0.00000,13.07000,13.07000,  -0.000001, 0.50000,0.50000,0.50000,
echo:  Xp0, 0
echo:  Xm7, 0
modeling 7 to 7
Modeling 7
tweak_test 0
mod_ib 1
mod_vb 1
mod_tb 1
echo:  Xf0., 0
Injected freq set   0.000 Hz =   0.000 r/s
echo:  Xa0.Xb0.XS, 0
Inj amp set   0.000 & inj_bias set   0.000
echo:  Mk1, 0
rp.tweak_sclr   1.000 to   1.000
echo:  Nk1, 0
rp.tweak_sclr   1.000 to   1.000
echo:  Dn0.998500Di0, 0
ShuntNoAmp.add   0.000 to   0.998
echo:  Dm0, 0
ShuntAmp.add    6.000 to   0.000
echo:  Dn0, 0
ShuntNoAmp.add   0.998 to   0.000
echo:  Dt0, 0
rp.tb_bias   0.000 to   0.000
*** reset **
echo:  Dv0, 0
Sen->vb_add   0.000 to   0.000
echo:  DT0, 0
Sen.Tb_noise_amp_   0.000 to   0.000
echo:  DV0.0, 0
Sen.Vb_noise_amp_   0.000 to   0.000
echo:  DI0, 0
I unk.  See 'h'
echo:  Xu0, 0
Fail tb 0 to 0
echo:  Xv1.Rf, 0
Stale tb time sclr    1.0000 to    1.0000
echo:  W2, 0
echo:  W, 0
.....Wait...
echo:  W, 0
.....Wait...
echo:  v0, 0
echo:  Dr100, 0
ReadSensors 10000 to 100
echo:  Dp400, 0
PublishSerial 10000 to 400
echo:  Sf1, 0
cc_diff scl   0.050 to   1.000
echo:  Rf, 0
Reset flt latches
reset ib flt
reset vb flts
reset tb flts
echo:  Pf, 0

Sen::Fault:
  cc_dif= -0.000;
  voc_soc= 13.070;
  voc= 13.070;
  e_w_f= -0.000;
  disab_ib_fa=165;
  disab_tb_fa=165;
  disab_vb_fa=165;
  imh=  0.000;
  inh=  0.000;
  imm=  0.000;
  inm=  0.000;
  ibd_f=  0.000;
  tb_s_st=1;
  vb_s_st=1;
  ib_s_st=1;
  nbar=0;
  mbar=0;
  mod_tb=1, mod_vb=1, mod_ib=1
  ib_dscn_ft=0; # 'Sq'
  ibd_lo_ft=0; # 'Sd, SA/SB'
  ibd_hi_ft=0; # 'Sd, SA/SB'
  ib_red_loss=0;
  wl_ft=0; # 'Sb'
  wh_ft=0; # 'Sa'
    4
  ibn_ft=0;
  ibm_ft=0;
  vb_ft=0;
  tb_ft=0;
  0000000000000;
  CBA98765x3210
  fltw=0;
  ib_dscn_fa=0; # 'Sq'
  ibd_lo_fa=0; # 'Sd, SA/SB'
  ibd_hi_fa=0; # 'Sd, SA/SB'
  wv_fa=0; # 'Sd', 'Sb', 'Sa'
  wl_fa=0; # 'Sb'
  wh_fa=0; # 'Sa'
  cc_diff_fa=0; # 'Sf'
  ibn_fa=0;
  ibm_fa=0;
  vb_fa=0;
  tb_fa=0; # 'Xv'
  00000000000;
  A9876543210
  falw=0;
