unit_sel, 53563179.899, 0, 0,    0, 0,     -0.0000000, 0,   0.00000,0.00000,0.00000,0.00000,0.00000,   0.00000, 0, 0,                -0.00126, -0.00169, 0, 0,0, 0, 0,   1, 0.00000,0.00000, 1, 0.00000,    1, 10.67357,13.07000, 1, 13.07000,    0.00,25.00, 1, 25.00,  0, 0, 
unit_sim,  53563179.899, 25.00000,25.00000, 13.80000,13.07000,0.00000,13.07000,   0.000,  0.000,  0,    0.000000,-180000.0, 180000.0, 360000.0,   0.50000, 0, 
unit_sel, 53563179.999, 0, 0,    0, 0,     -0.0000000, 0,   0.00000,0.00000,0.00000,0.00000,0.00000,   0.00000, 0, 0,                -0.00126, -0.00167, 0, 0,0, 0, 0,   1, 0.00000,0.00000, 1, 0.00000,    1, 10.67357,13.07000, 1, 13.07000,    0.00,25.00, 1, 25.00,  0, 0, 
unit_sim,  53563179.999, 25.00000,25.00000, 13.80000,13.07000,0.00000,13.07000,   0.000,  0.000,  0,    0.000000,-180000.0, 180000.0, 360000.0,   0.50000, 0, 
unit_sel, 53563180.099, 0, 0,    0, 0,     -0.0000001, 0,   0.00000,0.00000,0.00000,0.00000,0.00000,   0.00000, 0, 0,                -0.00126, -0.00165, 0, 0,0, 0, 0,   1, 0.00000,0.00000, 1, 0.00000,    1, 10.67357,13.07000, 1, 13.07000,    0.00,25.00, 1, 25.00,  0, 0, 
unit_sim,  53563180.099, 25.00000,25.00000, 13.80000,13.07000,0.00000,13.07000,   0.000,  0.000,  0,    0.000000,-180000.0, 180000.0, 360000.0,   0.50000, 0, 
unit_sel, 53563180.199, 0, 0,    0, 0,     -0.0000001, 0,   0.00000,0.00000,0.00000,0.00000,0.00000,   0.00000, 0, 0,                -0.00126, -0.00163, 0, 0,0, 0, 0,   1, 0.00000,0.00000, 1, 0.00000,    1, 10.67787,13.07000, 1, 13.07000,    0.00,25.00, 1, 25.00,  0, 0, 
unit_sim,  53563180.199, 25.00000,25.00000, 13.80000,13.07000,0.00000,13.07000,   0.000,  0.000,  0,    0.000000,-180000.0, 180000.0, 360000.0,   0.50000, 0, 
pro_20220811, 2022-08-11T04:39:32,  53563180.199, 0.100,   0,  0,  7,  25.00,13.07000,0.00000,    13.80000,0.00000,13.07000,13.06874,   0.001263, 0.50000,0.49684,0.49684,
unit_sel, 53563180.299, 0, 0,    0, 0,     -0.0000001, 0,   0.00000,0.00000,0.00000,0.00000,0.00000,   0.00000, 0, 0,                -0.00126, -0.00162, 0, 0,0, 0, 0,   1, 0.00000,0.00000, 1, 0.00000,    1, 10.67787,13.07000, 1, 13.07000,    0.00,25.00, 1, 25.00,  0, 0, 
unit_sim,  53563180.299, 25.00000,25.00000, 13.80000,13.07000,0.00000,13.07000,   0.000,  0.000,  0,    0.000000,-180000.0, 180000.0, 360000.0,   0.50000, 0, 
unit_sel, 53563180.399, 0, 0,    0, 0,     -0.0000001, 0,   0.00000,0.00000,0.00000,0.00000,0.00000,   0.00000, 0, 0,                -0.00126, -0.00160, 0, 0,0, 0, 0,   1, 0.00000,0.00000, 1, 0.00000,    1, 10.67787,13.07000, 1, 13.07000,    0.00,25.00, 1, 25.00,  0, 0, 
unit_sim,  53563180.399, 25.00000,25.00000, 13.80000,13.07000,0.00000,13.07000,   0.000,  0.000,  0,    0.000000,-180000.0, 180000.0, 360000.0,   0.50000, 0, 
unit_sel, 53563180.500, 0, 0,    0, 0,     -0.0000001, 0,   0.00000,0.00000,0.00000,0.00000,0.00000,   0.00000, 0, 0,                -0.00126, -0.00158, 0, 0,0, 0, 0,   1, 0.00000,0.00000, 1, 0.00000,    1, 10.68218,13.07000, 1, 13.07000,    0.00,25.00, 1, 25.00,  0, 0, 
unit_sim,  53563180.500, 25.00000,25.00000, 13.80000,13.07000,0.00000,13.07000,   0.000,  0.000,  0,    0.000000,-180000.0, 180000.0, 360000.0,   0.50000, 0, 
unit_sel, 53563180.599, 0, 0,    0, 0,     -0.0000001, 0,   0.00000,0.00000,0.00000,0.00000,0.00000,   0.00000, 0, 0,                -0.00126, -0.00157, 0, 0,0, 0, 0,   1, 0.00000,0.00000, 1, 0.00000,    1, 10.67357,13.07000, 1, 13.07000,    0.00,25.00, 1, 25.00,  0, 0, 
unit_sim,  53563180.599, 25.00000,25.00000, 13.80000,13.07000,0.00000,13.07000,   0.000,  0.000,  0,    0.000000,-180000.0, 180000.0, 360000.0,   0.50000, 0, 
pro_20220811, 2022-08-11T04:39:32,  53563180.599, 0.100,   0,  0,  7,  25.00,13.07000,0.00000,    13.80000,0.00000,13.07000,13.06874,   0.001263, 0.50000,0.49684,0.49684,
unit_sel, 53563180.699, 0, 0,    0, 0,     -0.0000001, 0,   0.00000,0.00000,0.00000,0.00000,0.00000,   0.00000, 0, 0,                -0.00126, -0.00155, 0, 0,0, 0, 0,   1, 0.00000,0.00000, 1, 0.00000,    1, 10.68218,13.07000, 1, 13.07000,    0.00,25.00, 1, 25.00,  0, 0, 
unit_sim,  53563180.699, 25.00000,25.00000, 13.80000,13.07000,0.00000,13.07000,   0.000,  0.000,  0,    0.000000,-180000.0, 180000.0, 360000.0,   0.50000, 0, 
unit_sel, 53563180.800, 0, 0,    0, 0,     -0.0000001, 0,   0.00000,0.00000,0.00000,0.00000,0.00000,   0.00000, 0, 0,                -0.00126, -0.00154, 0, 0,0, 0, 0,   1, 0.00000,0.00000, 1, 0.00000,    1, 10.68218,13.07000, 1, 13.07000,    0.00,25.00, 1, 25.00,  0, 0, 
unit_sim,  53563180.800, 25.00000,25.00000, 13.80000,13.07000,0.00000,13.07000,   0.000,  0.000,  0,    0.000000,-180000.0, 180000.0, 360000.0,   0.50000, 0, 
unit_sel, 53563180.899, 0, 0,    0, 0,     -0.0000001, 0,   0.00000,0.00000,0.00000,0.00000,0.00000,   0.00000, 0, 0,                -0.00126, -0.00152, 0, 0,0, 0, 0,   1, 0.00000,0.00000, 1, 0.00000,    1, 10.67787,13.07000, 1, 13.07000,    0.00,25.00, 1, 25.00,  0, 0, 
unit_sim,  53563180.899, 25.00000,25.00000, 13.80000,13.07000,0.00000,13.07000,   0.000,  0.000,  0,    0.000000,-180000.0, 180000.0, 360000.0,   0.50000, 0, 
unit_sel, 53563180.999, 0, 0,    0, 0,     -0.0000001, 0,   0.00000,0.00000,0.00000,0.00000,0.00000,   0.00000, 0, 0,                -0.00126, -0.00151, 0, 0,0, 0, 0,   1, 0.00000,0.00000, 1, 0.00000,    1, 10.67357,13.07000, 1, 13.07000,    0.00,25.00, 1, 25.00,  0, 0, 
unit_sim,  53563180.999, 25.00000,25.00000, 13.80000,13.07000,0.00000,13.07000,   0.000,  0.000,  0,    0.000000,-180000.0, 180000.0, 360000.0,   0.50000, 0, 
pro_20220811, 2022-08-11T04:39:32,  53563180.999, 0.100,   0,  0,  7,  25.00,13.07000,0.00000,    13.80000,0.00000,13.07000,13.06874,   0.001263, 0.50000,0.49684,0.49684,
unit_sel, 53563181.099, 0, 0,    0, 0,     -0.0000001, 0,   0.00000,0.00000,0.00000,0.00000,0.00000,   0.00000, 0, 0,                -0.00126, -0.00150, 0, 0,0, 0, 0,   1, 0.00000,0.00000, 1, 0.00000,    1, 10.66926,13.07000, 1, 13.07000,    0.00,25.00, 1, 25.00,  0, 0, 
unit_sim,  53563181.099, 25.00000,25.00000, 13.80000,13.07000,0.00000,13.07000,   0.000,  0.000,  0,    0.000000,-180000.0, 180000.0, 360000.0,   0.50000, 0, 
unit_sel, 53563181.200, 0, 0,    0, 0,     -0.0000001, 0,   0.00000,0.00000,0.00000,0.00000,0.00000,   0.00000, 0, 0,                -0.00126, -0.00149, 0, 0,0, 0, 0,   1, 0.00000,0.00000, 1, 0.00000,    1, 10.68218,13.07000, 1, 13.07000,    0.00,25.00, 1, 25.00,  0, 0, 
unit_sim,  53563181.200, 25.00000,25.00000, 13.80000,13.07000,0.00000,13.07000,   0.000,  0.000,  0,    0.000000,-180000.0, 180000.0, 360000.0,   0.50000, 0, 
unit_sel, 53563181.299, 0, 0,    0, 0,     -0.0000001, 0,   0.00000,0.00000,0.00000,0.00000,0.00000,   0.00000, 0, 0,                -0.00126, -0.00148, 0, 0,0, 0, 0,   1, 0.00000,0.00000, 1, 0.00000,    1, 10.67787,13.07000, 1, 13.07000,    0.00,25.00, 1, 25.00,  0, 0, 
unit_sim,  53563181.299, 25.00000,25.00000, 13.80000,13.07000,0.00000,13.07000,   0.000,  0.000,  0,    0.000000,-180000.0, 180000.0, 360000.0,   0.50000, 0, 
unit_sel, 53563181.400, 0, 0,    0, 0,     -0.0000001, 0,   0.00000,0.00000,0.00000,0.00000,0.00000,   0.00000, 0, 0,                -0.00126, -0.00147, 0, 0,0, 0, 0,   1, 0.00000,0.00000, 1, 0.00000,    1, 10.68218,13.07000, 1, 13.07000,    0.00,25.00, 1, 25.00,  0, 0, 
unit_sim,  53563181.400, 25.00000,25.00000, 13.80000,13.07000,0.00000,13.07000,   0.000,  0.000,  0,    0.000000,-180000.0, 180000.0, 360000.0,   0.50000, 0, 
pro_20220811, 2022-08-11T04:39:33,  53563181.400, 0.100,   0,  0,  7,  25.00,13.07000,0.00000,    13.80000,0.00000,13.07000,13.06874,   0.001263, 0.50000,0.49684,0.49684,
unit_sel, 53563181.499, 0, 0,    0, 0,     -0.0000001, 0,   0.00000,0.00000,0.00000,0.00000,0.00000,   0.00000, 0, 0,                -0.00126, -0.00146, 0, 0,0, 0, 0,   1, 0.00000,0.00000, 1, 0.00000,    1, 10.67787,13.07000, 1, 13.07000,    0.00,25.00, 1, 25.00,  0, 0, 
unit_sim,  53563181.499, 25.00000,25.00000, 13.80000,13.07000,0.00000,13.07000,   0.000,  0.000,  0,    0.000000,-180000.0, 180000.0, 360000.0,   0.50000, 0, 
unit_sel, 53563181.599, 0, 0,    0, 0,     -0.0000001, 0,   0.00000,0.00000,0.00000,0.00000,0.00000,   0.00000, 0, 0,                -0.00126, -0.00145, 0, 0,0, 0, 0,   1, 0.00000,0.00000, 1, 0.00000,    1, 10.67787,13.07000, 1, 13.07000,    0.00,25.00, 1, 25.00,  0, 0, 
unit_sim,  53563181.599, 25.00000,25.00000, 13.80000,13.07000,0.00000,13.07000,   0.000,  0.000,  0,    0.000000,-180000.0, 180000.0, 360000.0,   0.50000, 0, 
echo:  Xm7, 4
echo:  Ca0.5, 4
echo:  Dr10000, 4
echo:  Dp10000, 4
echo:  v26, 4
echo:  W5, 4
echo:  Dm5, 4
echo:  Dn0.0001, 4
unit_sel, 53563181.700, 0, 0,    0, 0,     -0.0000001, 0,   0.00000,0.00000,0.00000,0.00000,0.00000,   0.00000, 0, 0,                -0.00126, -0.00144, 0, 0,0, 0, 0,   1, 0.00000,0.00000, 1, 0.00000,    1, 10.67787,13.07000, 1, 13.07000,    0.00,25.00, 1, 25.00,  0, 0, 
unit_sim,  53563181.700, 25.00000,25.00000, 13.80000,13.07000,0.00000,13.07000,   0.000,  0.000,  0,    0.000000,-180000.0, 180000.0, 360000.0,   0.50000, 0, 
echo:  Xm7, 0
modeling from 7 to 7
Modeling is 7
tweak_test is 0
mod_ib is 1
mod_vb is 1
mod_tb is 1
unit_sel, 53563181.799, 0, 0,    0, 0,     -0.0000001, 0,   0.00000,0.00000,0.00000,0.00000,0.00000,   0.00000, 0, 0,                -0.00126, -0.00143, 0, 0,0, 0, 0,   1, 0.00000,0.00000, 1, 0.00000,    1, 10.66926,13.07000, 1, 13.07000,    0.00,25.00, 1, 25.00,  0, 0, 
unit_sim,  53563181.799, 25.00000,25.00000, 13.80000,13.07000,0.00000,13.07000,   0.000,  0.000,  0,    0.000000,-180000.0, 180000.0, 360000.0,   0.50000, 0, 
pro_20220811, 2022-08-11T04:39:33,  53563181.799, 0.100,   0,  0,  7,  25.00,13.07000,0.00000,    13.80000,0.00000,13.07000,13.06874,   0.001263, 0.50000,0.49684,0.49684,
echo:  Ca0.5, 0
soc=  0.500, modeling = 7, delta_q=-180000.000, soc_model=  0.5000,   delta_q_model=-180000.000, soc_ekf=  0.4968, delta_q_ekf=-181136.914,
soft reset...
unit_sel, 53563181.817, 1, 0,    0, 0,     -0.0031581, 0,   0.00000,0.00000,0.00000,0.00000,0.00000,   0.00000, 0, 0,                -0.00126, -0.00126, 0, 0,0, 0, 0,   1, 0.00000,0.00000, 1, 0.00000,    1, 10.67787,13.07000, 1, 13.07000,    0.00,25.00, 1, 25.00,  0, 0, 
unit_sim,  53563181.817, 25.00000,25.00000, 13.80000,13.07000,0.00000,13.07000,   0.000,  0.000,  0,    0.000000,-180000.0, 180000.0, 360000.0,   0.50000, 1, 
unit,               hm,                  cTime,       dt,       sat,sel,mod,  Tb,  Vb,  Ib,        Vsat,dV_dyn,Voc_stat,Voc_ekf,     y_ekf,    soc_m,soc_ekf,soc,,
unit_m,  c_time,       Tb_m,Tbl_m,  vsat_m, voc_stat_m, dv_dyn_m, vb_m, ib_m, ib_in_m, sat_m, ddq_m, dq_m, q_m, qcap_m, soc_m, reset_m,
unit_s,c_time,res,user_sel,   m_bare,n_bare,  cc_dif,cc_flt,  ibmh,ibnh,ibmm,ibnm,ibm,                   ib_dif,ib_dif_flt,ib_dif_fa,    e_w,e_w_f,wh_flt,wl_flt,wh_fa,wl_fa,wv_fa,     ib_sel,Ib_h,Ib_m,mib,Ib_s,          vb_sel,Vb_h,Vb_m,mvb,Vb_s,                Tb_h,Tb_s,mtb,Tb_f,  Vb_flt,Vb_fa,
pro_20220811, 2022-08-11T04:39:33,  53563181.817, 0.017,   0,  0,  7,  25.00,13.07000,0.00000,    13.80000,0.00000,13.07000,13.07000,   0.000000, 0.50000,0.50000,0.50000,
echo:  W3, 0
unit_sel, 53563181.916, 0, 0,    0, 0,      0.0000000, 0,   0.00000,0.00000,0.00000,0.00000,0.00000,   0.00000, 0, 0,                -0.00126, -0.00126, 0, 0,0, 0, 0,   1, 0.00000,0.00000, 1, 0.00000,    1, 10.67357,13.07000, 1, 13.07000,    0.00,25.00, 1, 25.00,  0, 0, 
unit_sim,  53563181.916, 25.00000,25.00000, 13.80000,13.07000,0.00000,13.07000,   0.000,  0.000,  0,    0.000000,-180000.0, 180000.0, 360000.0,   0.50000, 0, 
echo:  W, 0
.....Wait...
unit_sel, 53563182.016, 0, 0,    0, 0,     -0.0000000, 0,   0.00000,0.00000,0.00000,0.00000,0.00000,   0.00000, 0, 0,                0.00000, -0.00120, 0, 0,0, 0, 0,   1, 0.00000,0.00000, 1, 0.00000,    1, 10.67357,13.07000, 1, 13.07000,    0.00,25.00, 1, 25.00,  0, 0, 
unit_sim,  53563182.016, 25.00000,25.00000, 13.80000,13.07000,0.00000,13.07000,   0.000,  0.000,  0,    0.000000,-180000.0, 180000.0, 360000.0,   0.50000, 0, 
echo:  W, 0
.....Wait...
unit_sel, 53563182.116, 0, 0,    0, 0,     -0.0000000, 0,   0.00000,0.00000,0.00000,0.00000,0.00000,   0.00000, 0, 0,                0.00000, -0.00114, 0, 0,0, 0, 0,   1, 0.00000,0.00000, 1, 0.00000,    1, 10.67357,13.07000, 1, 13.07000,    0.00,25.00, 1, 25.00,  0, 0, 
unit_sim,  53563182.116, 25.00000,25.00000, 13.80000,13.07000,0.00000,13.07000,   0.000,  0.000,  0,    0.000000,-180000.0, 180000.0, 360000.0,   0.50000, 0, 
echo:  W, 0
.....Wait...
unit_sel, 53563182.216, 0, 0,    0, 0,     -0.0000000, 0,   0.00000,0.00000,0.00000,0.00000,0.00000,   0.00000, 0, 0,                0.00000, -0.00109, 0, 0,0, 0, 0,   1, 0.00000,0.00000, 1, 0.00000,    1, 10.67357,13.07000, 1, 13.07000,    0.00,25.00, 1, 25.00,  0, 0, 
unit_sim,  53563182.216, 25.00000,25.00000, 13.80000,13.07000,0.00000,13.07000,   0.000,  0.000,  0,    0.000000,-180000.0, 180000.0, 360000.0,   0.50000, 0, 
pro_20220811, 2022-08-11T04:39:34,  53563182.216, 0.100,   0,  0,  7,  25.00,13.07000,0.00000,    13.80000,0.00000,13.07000,13.07000,   0.000000, 0.50000,0.50000,0.50000,
echo:  Dr10000, 0
ReadSensors from 100 to 10000
pro_20220811, 2022-08-11T04:39:34,  53563182.617, 0.100,   0,  0,  7,  25.00,13.07000,0.00000,    13.80000,0.00000,13.07000,13.07000,   0.000000, 0.50000,0.50000,0.50000,
pro_20220811, 2022-08-11T04:39:34,  53563183.016, 0.100,   0,  0,  7,  25.00,13.07000,0.00000,    13.80000,0.00000,13.07000,13.07000,   0.000000, 0.50000,0.50000,0.50000,
pro_20220811, 2022-08-11T04:39:35,  53563183.416, 0.100,   0,  0,  7,  25.00,13.07000,0.00000,    13.80000,0.00000,13.07000,13.07000,   0.000000, 0.50000,0.50000,0.50000,
pro_20220811, 2022-08-11T04:39:35,  53563183.816, 0.100,   0,  0,  7,  25.00,13.07000,0.00000,    13.80000,0.00000,13.07000,13.07000,   0.000000, 0.50000,0.50000,0.50000,
pro_20220811, 2022-08-11T04:39:36,  53563184.216, 0.100,   0,  0,  7,  25.00,13.07000,0.00000,    13.80000,0.00000,13.07000,13.07000,   0.000000, 0.50000,0.50000,0.50000,
pro_20220811, 2022-08-11T04:39:36,  53563184.616, 0.100,   0,  0,  7,  25.00,13.07000,0.00000,    13.80000,0.00000,13.07000,13.07000,   0.000000, 0.50000,0.50000,0.50000,
pro_20220811, 2022-08-11T04:39:36,  53563185.016, 0.100,   0,  0,  7,  25.00,13.07000,0.00000,    13.80000,0.00000,13.07000,13.07000,   0.000000, 0.50000,0.50000,0.50000,
pro_20220811, 2022-08-11T04:39:37,  53563185.416, 0.100,   0,  0,  7,  25.00,13.07000,0.00000,    13.80000,0.00000,13.07000,13.07000,   0.000000, 0.50000,0.50000,0.50000,
pro_20220811, 2022-08-11T04:39:37,  53563185.816, 0.100,   0,  0,  7,  25.00,13.07000,0.00000,    13.80000,0.00000,13.07000,13.07000,   0.000000, 0.50000,0.50000,0.50000,
pro_20220811, 2022-08-11T04:39:38,  53563186.216, 0.100,   0,  0,  7,  25.00,13.07000,0.00000,    13.80000,0.00000,13.07000,13.07000,   0.000000, 0.50000,0.50000,0.50000,
pro_20220811, 2022-08-11T04:39:38,  53563186.616, 0.100,   0,  0,  7,  25.00,13.07000,0.00000,    13.80000,0.00000,13.07000,13.07000,   0.000000, 0.50000,0.50000,0.50000,
pro_20220811, 2022-08-11T04:39:38,  53563187.016, 0.100,   0,  0,  7,  25.00,13.07000,0.00000,    13.80000,0.00000,13.07000,13.07000,   0.000000, 0.50000,0.50000,0.50000,
pro_20220811, 2022-08-11T04:39:39,  53563187.416, 0.100,   0,  0,  7,  25.00,13.07000,0.00000,    13.80000,0.00000,13.07000,13.07000,   0.000000, 0.50000,0.50000,0.50000,
pro_20220811, 2022-08-11T04:39:39,  53563187.816, 0.100,   0,  0,  7,  25.00,13.07000,0.00000,    13.80000,0.00000,13.07000,13.07000,   0.000000, 0.50000,0.50000,0.50000,
pro_20220811, 2022-08-11T04:39:40,  53563188.216, 0.100,   0,  0,  7,  25.00,13.07000,0.00000,    13.80000,0.00000,13.07000,13.07000,   0.000000, 0.50000,0.50000,0.50000,
pro_20220811, 2022-08-11T04:39:40,  53563188.616, 0.100,   0,  0,  7,  25.00,13.07000,0.00000,    13.80000,0.00000,13.07000,13.07000,   0.000000, 0.50000,0.50000,0.50000,
pro_20220811, 2022-08-11T04:39:40,  53563189.016, 0.100,   0,  0,  7,  25.00,13.07000,0.00000,    13.80000,0.00000,13.07000,13.07000,   0.000000, 0.50000,0.50000,0.50000,
pro_20220811, 2022-08-11T04:39:41,  53563189.416, 0.100,   0,  0,  7,  25.00,13.07000,0.00000,    13.80000,0.00000,13.07000,13.07000,   0.000000, 0.50000,0.50000,0.50000,
pro_20220811, 2022-08-11T04:39:41,  53563189.816, 0.100,   0,  0,  7,  25.00,13.07000,0.00000,    13.80000,0.00000,13.07000,13.07000,   0.000000, 0.50000,0.50000,0.50000,
pro_20220811, 2022-08-11T04:39:42,  53563190.216, 0.100,   0,  0,  7,  25.00,13.07000,0.00000,    13.80000,0.00000,13.07000,13.07000,   0.000000, 0.50000,0.50000,0.50000,
pro_20220811, 2022-08-11T04:39:42,  53563190.616, 0.100,   0,  0,  7,  25.00,13.07000,0.00000,    13.80000,0.00000,13.07000,13.07000,   0.000000, 0.50000,0.50000,0.50000,
pro_20220811, 2022-08-11T04:39:42,  53563191.016, 0.100,   0,  0,  7,  25.00,13.07000,0.00000,    13.80000,0.00000,13.07000,13.07000,   0.000000, 0.50000,0.50000,0.50000,
pro_20220811, 2022-08-11T04:39:43,  53563191.417, 0.100,   0,  0,  7,  25.00,13.07000,0.00000,    13.80000,0.00000,13.07000,13.07000,   0.000000, 0.50000,0.50000,0.50000,
pro_20220811, 2022-08-11T04:39:43,  53563191.817, 0.100,   0,  0,  7,  25.00,13.07000,0.00000,    13.80000,0.00000,13.07000,13.07000,   0.000000, 0.50000,0.50000,0.50000,
unit_sel, 53563192.216, 0, 0,    0, 0,     -0.0000000, 0,   0.00000,0.00000,0.00000,0.00000,0.00000,   0.00000, 0, 0,                0.00000, -0.00052, 0, 0,0, 0, 0,   1, 0.00000,0.00000, 1, 0.00000,    1, 10.66926,13.07000, 1, 13.07000,    0.00,25.00, 1, 25.00,  0, 0, 
unit_sim,  53563192.216, 25.00000,25.00000, 13.80000,13.07000,0.00000,13.07000,   0.000,  0.000,  0,    0.000000,-180000.0, 180000.0, 360000.0,   0.50000, 0, 
pro_20220811, 2022-08-11T04:39:44,  53563192.216,10.000,   0,  0,  7,  25.00,13.07000,0.00000,    13.80000,0.00000,13.07000,13.07000,   0.000000, 0.50000,0.50000,0.50000,
echo:  Dp10000, 0
PublishSerial from 400 to 10000
unit_sel, 53563202.216, 0, 0,    0, 0,     -0.0000000, 0,   0.00000,0.00000,0.00000,0.00000,0.00000,   0.00000, 0, 0,                0.00000, -0.00025, 0, 0,0, 0, 0,   1, 0.00000,0.00000, 1, 0.00000,    1, 10.68218,13.07000, 1, 13.07000,    0.00,25.00, 1, 25.00,  0, 0, 
unit_sim,  53563202.216, 25.00000,25.00000, 13.80000,13.07000,0.00000,13.07000,   0.000,  0.000,  0,    0.000000,-180000.0, 180000.0, 360000.0,   0.50000, 0, 
pro_20220811, 2022-08-11T04:39:54,  53563202.216,10.000,   0,  0,  7,  25.00,13.07000,0.00000,    13.80000,0.00000,13.07000,13.07000,   0.000000, 0.50000,0.50000,0.50000,
echo:  v26, 0
unit_sel, 53563212.216, 0, 0,    0, 0,     -0.0000000, 0,   0.00000,0.00000,0.00000,0.00000,0.00000,   0.00000, 0, 0,                0.00000, -0.00012, 0, 0,0, 0, 0,   1, 0.00000,0.00000, 1, 0.00000,    1, 10.67357,13.07000, 1, 13.07000,    0.00,25.00, 1, 25.00,  0, 0, 
unit_sim,  53563212.216, 25.00000,25.00000, 13.80000,13.07000,0.00000,13.07000,   0.000,  0.000,  0,    0.000000,-180000.0, 180000.0, 360000.0,   0.50000, 0, 
pro_20220811, 2022-08-11T04:40:04,  53563212.216,10.000,   0,  0,  7,  25.00,13.07000,0.00000,    13.80000,0.00000,13.07000,13.07000,   0.000000, 0.50000,0.50000,0.50000,
echo:  W5, 0
unit_sel, 53563222.216, 0, 0,    0, 0,     -0.0000000, 0,   0.00000,0.00000,0.00000,0.00000,0.00000,   0.00000, 0, 0,                0.00000, -0.00006, 0, 0,0, 0, 0,   1, 0.00000,0.00000, 1, 0.00000,    1, 10.66926,13.07000, 1, 13.07000,    0.00,25.00, 1, 25.00,  0, 0, 
unit_sim,  53563222.216, 25.00000,25.00000, 13.80000,13.07000,0.00000,13.07000,   0.000,  0.000,  0,    0.000000,-180000.0, 180000.0, 360000.0,   0.50000, 0, 
pro_20220811, 2022-08-11T04:40:14,  53563222.216,10.000,   0,  0,  7,  25.00,13.07000,0.00000,    13.80000,0.00000,13.07000,13.07000,   0.000000, 0.50000,0.50000,0.50000,
echo:  W, 0
.....Wait...
unit_sel, 53563232.217, 0, 0,    0, 0,     -0.0000000, 0,   0.00000,0.00000,0.00000,0.00000,0.00000,   0.00000, 0, 0,                0.00000, -0.00003, 0, 0,0, 0, 0,   1, 0.00000,0.00000, 1, 0.00000,    1, 10.67787,13.07000, 1, 13.07000,    0.00,25.00, 1, 25.00,  0, 0, 
unit_sim,  53563232.217, 25.00000,25.00000, 13.80000,13.07000,0.00000,13.07000,   0.000,  0.000,  0,    0.000000,-180000.0, 180000.0, 360000.0,   0.50000, 0, 
pro_20220811, 2022-08-11T04:40:24,  53563232.217,10.000,   0,  0,  7,  25.00,13.07000,0.00000,    13.80000,0.00000,13.07000,13.07000,   0.000000, 0.50000,0.50000,0.50000,
echo:  W, 0
.....Wait...
unit_sel, 53563242.216, 0, 0,    0, 0,     -0.0000000, 0,   0.00000,0.00000,0.00000,0.00000,0.00000,   0.00000, 0, 0,                0.00000, -0.00001, 0, 0,0, 0, 0,   1, 0.00000,0.00000, 1, 0.00000,    1, 10.67357,13.07000, 1, 13.07000,    0.00,25.00, 1, 25.00,  0, 0, 
unit_sim,  53563242.216, 25.00000,25.00000, 13.80000,13.07000,0.00000,13.07000,   0.000,  0.000,  0,    0.000000,-180000.0, 180000.0, 360000.0,   0.50000, 0, 
pro_20220811, 2022-08-11T04:40:34,  53563242.216,10.000,   0,  0,  7,  25.00,13.07000,0.00000,    13.80000,0.00000,13.07000,13.07000,   0.000000, 0.50000,0.50000,0.50000,
echo:  W, 0
.....Wait...
unit_sel, 53563252.217, 0, 0,    0, 0,     -0.0000000, 0,   0.00000,0.00000,0.00000,0.00000,0.00000,   0.00000, 0, 0,                0.00000, -0.00001, 0, 0,0, 0, 0,   1, 0.00000,0.00000, 1, 0.00000,    1, 10.66926,13.07000, 1, 13.07000,    0.00,25.00, 1, 25.00,  0, 0, 
unit_sim,  53563252.217, 25.00000,25.00000, 13.80000,13.07000,0.00000,13.07000,   0.000,  0.000,  0,    0.000000,-180000.0, 180000.0, 360000.0,   0.50000, 0, 
pro_20220811, 2022-08-11T04:40:44,  53563252.217,10.000,   0,  0,  7,  25.00,13.07000,0.00000,    13.80000,0.00000,13.07000,13.07000,   0.000000, 0.50000,0.50000,0.50000,
echo:  W, 0
.....Wait...
unit_sel, 53563262.217, 0, 0,    0, 0,     -0.0000000, 0,   0.00000,0.00000,0.00000,0.00000,0.00000,   0.00000, 0, 0,                0.00000, -0.00000, 0, 0,0, 0, 0,   1, 0.00000,0.00000, 1, 0.00000,    1, 10.67357,13.07000, 1, 13.07000,    0.00,25.00, 1, 25.00,  0, 0, 
unit_sim,  53563262.217, 25.00000,25.00000, 13.80000,13.07000,0.00000,13.07000,   0.000,  0.000,  0,    0.000000,-180000.0, 180000.0, 360000.0,   0.50000, 0, 
pro_20220811, 2022-08-11T04:40:54,  53563262.217,10.000,   0,  0,  7,  25.00,13.07000,0.00000,    13.80000,0.00000,13.07000,13.07000,   0.000000, 0.50000,0.50000,0.50000,
echo:  W, 0
.....Wait...
unit_sel, 53563272.216, 0, 0,    0, 0,     -0.0000001, 0,   0.00000,0.00000,0.00000,0.00000,0.00000,   0.00000, 0, 0,                0.00000, -0.00000, 0, 0,0, 0, 0,   1, 0.00000,0.00000, 1, 0.00000,    1, 10.67787,13.07000, 1, 13.07000,    0.00,25.00, 1, 25.00,  0, 0, 
unit_sim,  53563272.216, 25.00000,25.00000, 13.80000,13.07000,0.00000,13.07000,   0.000,  0.000,  0,    0.000000,-180000.0, 180000.0, 360000.0,   0.50000, 0, 
pro_20220811, 2022-08-11T04:41:04,  53563272.216,10.000,   0,  0,  7,  25.00,13.07000,0.00000,    13.80000,0.00000,13.07000,13.07000,   0.000000, 0.50000,0.50000,0.50000,
echo:  Dm5, 0
ShuntAmp.add from   0.000 to   5.000
unit_sel, 53563282.216, 0, 0,    0, 0,     -0.0000001, 0,   5.00000,0.00000,5.00000,0.00000,0.00000,   5.00000, 1, 0,                0.00000, -0.00000, 0, 0,0, 0, 0,   1, 5.00000,5.00000, 1, 5.00000,    1, 10.66926,13.07000, 1, 13.07000,    0.00,25.00, 1, 25.00,  0, 0, 
unit_sim,  53563282.216, 25.00000,25.00000, 13.80000,13.07000,0.00000,13.07000,   0.000,  0.000,  0,    0.000000,-180000.0, 180000.0, 360000.0,   0.50000, 0, 
pro_20220811, 2022-08-11T04:41:14,  53563282.216,10.000,   0,  0,  7,  25.00,13.07000,5.00000,    13.80000,0.06150,13.00850,13.07000,  -0.061504, 0.50000,0.50000,0.50014,
echo:  Dn0.0001, 0
ShuntNoAmp.add from   0.000 to   0.000
unit_sel, 53563292.216, 0, 0,    0, 0,     -0.0001356, 0,   5.00000,0.00010,5.00000,0.00010,0.00000,   4.99990, 0, 0,                0.06150, 0.03189, 0, 0,0, 0, 0,   1, 5.00000,5.00000, 1, 5.00000,    1, 10.68218,13.07000, 1, 13.07000,    0.00,25.00, 1, 25.00,  0, 0, 
unit_sim,  53563292.216, 25.00000,25.00000, 13.80000,13.07000,0.00000,13.07000,   0.000,  0.000,  0,    0.000000,-180000.0, 180000.0, 360000.0,   0.50000, 0, 
pro_20220811, 2022-08-11T04:41:24,  53563292.216,10.000,   0,  0,  7,  25.00,13.07000,5.00000,    13.80000,0.06150,13.00849,13.07000,  -0.061512, 0.50000,0.50001,0.50028,
unit_sel, 53563302.217, 0, 0,    0, 0,     -0.0002712, 0,   5.00000,0.00010,5.00000,0.00010,0.00000,   4.99990, 0, 0,                0.06150, 0.04724, 0, 0,0, 0, 0,   1, 5.00000,5.00000, 1, 5.00000,    1, 10.67787,13.07000, 1, 13.07000,    0.00,25.00, 1, 25.00,  0, 0, 
unit_sim,  53563302.217, 25.00000,25.00000, 13.80000,13.07000,0.00000,13.07000,   0.000,  0.000,  0,    0.000000,-180000.0, 180000.0, 360000.0,   0.50000, 0, 
pro_20220811, 2022-08-11T04:41:34,  53563302.217,10.000,   0,  0,  7,  25.00,13.07000,5.00000,    13.80000,0.06150,13.00849,13.07001,  -0.061518, 0.50000,0.50001,0.50042,
unit_sel, 53563312.216, 0, 0,    0, 0,     -0.0004068, 0,   5.00000,0.00010,5.00000,0.00010,0.00000,   4.99990, 0, 0,                0.06157, 0.05467, 0, 0,0, 0, 0,   1, 5.00000,5.00000, 1, 5.00000,    1, 10.66495,13.07000, 1, 13.07000,    0.00,25.00, 1, 25.00,  0, 0, 
unit_sim,  53563312.216, 25.00000,25.00000, 13.80000,13.07000,0.00000,13.07000,   0.000,  0.000,  0,    0.000000,-180000.0, 180000.0, 360000.0,   0.50000, 0, 
pro_20220811, 2022-08-11T04:41:44,  53563312.216,10.000,   0,  0,  7,  25.00,13.07000,5.00000,    13.80000,0.06150,13.00848,13.07001,  -0.061524, 0.50000,0.50001,0.50056,
unit_sel, 53563322.217, 0, 0,    0, 0,     -0.0005424, 0,   5.00000,0.00010,5.00000,0.00010,0.00000,   4.99990, 0, 0,                0.06164, 0.05828, 0, 0,0, 0, 0,   1, 5.00000,5.00000, 1, 5.00000,    1, 10.66495,13.07000, 1, 13.07000,    0.00,25.00, 1, 25.00,  0, 0, 
unit_sim,  53563322.217, 25.00000,25.00000, 13.80000,13.07000,0.00000,13.07000,   0.000,  0.000,  0,    0.000000,-180000.0, 180000.0, 360000.0,   0.50000, 0, 
pro_20220811, 2022-08-11T04:41:54,  53563322.217,10.000,   0,  0,  7,  25.00,13.07000,5.00000,    13.80000,0.06150,13.00848,13.07001,  -0.061530, 0.50000,0.50002,0.50070,
unit_sel, 53563332.216, 0, 0,    0, 0,     -0.0006779, 0,   5.00000,0.00010,5.00000,0.00010,0.00000,   4.99990, 0, 0,                0.06171, 0.06006, 0, 0,0, 0, 0,   1, 5.00000,5.00000, 1, 5.00000,    1, 10.66926,13.07000, 1, 13.07000,    0.00,25.00, 1, 25.00,  0, 0, 
unit_sim,  53563332.216, 25.00000,25.00000, 13.80000,13.07000,0.00000,13.07000,   0.000,  0.000,  0,    0.000000,-180000.0, 180000.0, 360000.0,   0.50000, 0, 
pro_20220811, 2022-08-11T04:42:04,  53563332.216,10.000,   0,  0,  7,  25.00,13.07000,5.00000,    13.80000,0.06150,13.00847,13.07001,  -0.061536, 0.50000,0.50002,0.50084,
unit_sel, 53563342.217, 0, 0,    0, 0,     -0.0008135, 0,   5.00000,0.00010,5.00000,0.00010,0.00000,   4.99990, 0, 0,                0.06178, 0.06095, 0, 0,0, 0, 0,   1, 5.00000,5.00000, 1, 5.00000,    1, 10.66926,13.07000, 1, 13.07000,    0.00,25.00, 1, 25.00,  0, 0, 
unit_sim,  53563342.217, 25.00000,25.00000, 13.80000,13.07000,0.00000,13.07000,   0.000,  0.000,  0,    0.000000,-180000.0, 180000.0, 360000.0,   0.50000, 0, 
pro_20220811, 2022-08-11T04:42:14,  53563342.217,10.000,   0,  0,  7,  25.00,13.07000,5.00000,    13.80000,0.06150,13.00847,13.07001,  -0.061542, 0.50000,0.50003,0.50098,
unit_sel, 53563352.216, 0, 0,    0, 0,     -0.0009491, 0,   5.00000,0.00010,5.00000,0.00010,0.00000,   4.99990, 0, 0,                0.06185, 0.06142, 0, 0,0, 0, 0,   1, 5.00000,5.00000, 1, 5.00000,    1, 10.66495,13.07000, 1, 13.07000,    0.00,25.00, 1, 25.00,  0, 0, 
unit_sim,  53563352.216, 25.00000,25.00000, 13.80000,13.07000,0.00000,13.07000,   0.000,  0.000,  0,    0.000000,-180000.0, 180000.0, 360000.0,   0.50000, 0, 
pro_20220811, 2022-08-11T04:42:24,  53563352.216,10.000,   0,  0,  7,  25.00,13.07000,5.00000,    13.80000,0.06150,13.00847,13.07001,  -0.061548, 0.50000,0.50003,0.50112,
unit_sel, 53563362.217, 0, 0,    0, 0,     -0.0010846, 0,   5.00000,0.00010,5.00000,0.00010,0.00000,   4.99990, 0, 0,                0.06192, 0.06168, 0, 0,0, 0, 0,   1, 5.00000,5.00000, 1, 5.00000,    1, 10.67357,13.07000, 1, 13.07000,    0.00,25.00, 1, 25.00,  0, 0, 
unit_sim,  53563362.217, 25.00000,25.00000, 13.80000,13.07000,0.00000,13.07000,   0.000,  0.000,  0,    0.000000,-180000.0, 180000.0, 360000.0,   0.50000, 0, 
pro_20220811, 2022-08-11T04:42:34,  53563362.217,10.000,   0,  0,  7,  25.00,13.07000,5.00000,    13.80000,0.06150,13.00846,13.07002,  -0.061554, 0.50000,0.50003,0.50125,
unit_sel, 53563372.216, 0, 0,    0, 0,     -0.0012202, 0,   5.00000,0.00010,5.00000,0.00010,0.00000,   4.99990, 0, 0,                0.06199, 0.06184, 0, 0,0, 0, 0,   1, 5.00000,5.00000, 1, 5.00000,    1, 10.66495,13.07000, 1, 13.07000,    0.00,25.00, 1, 25.00,  0, 0, 
unit_sim,  53563372.216, 25.00000,25.00000, 13.80000,13.07000,0.00000,13.07000,   0.000,  0.000,  0,    0.000000,-180000.0, 180000.0, 360000.0,   0.50000, 0, 
pro_20220811, 2022-08-11T04:42:44,  53563372.216,10.000,   0,  0,  7,  25.00,13.07000,5.00000,    13.80000,0.06150,13.00846,13.07002,  -0.061561, 0.50000,0.50004,0.50139,
unit_sel, 53563382.216, 0, 0,    0, 0,     -0.0013558, 0,   5.00000,0.00010,5.00000,0.00010,0.00000,   4.99990, 0, 0,                0.06206, 0.06195, 0, 0,0, 0, 0,   1, 5.00000,5.00000, 1, 5.00000,    1, 10.66926,13.07000, 1, 13.07000,    0.00,25.00, 1, 25.00,  0, 0, 
unit_sim,  53563382.216, 25.00000,25.00000, 13.80000,13.07000,0.00000,13.07000,   0.000,  0.000,  0,    0.000000,-180000.0, 180000.0, 360000.0,   0.50000, 0, 
pro_20220811, 2022-08-11T04:42:54,  53563382.216,10.000,   0,  0,  7,  25.00,13.07000,5.00000,    13.80000,0.06150,13.00845,13.07002,  -0.061568, 0.50000,0.50004,0.50153,
