echo:  DP1, 4
echo:  v3, 4
echo:  DP1, 0
Print interval 4 to 1
echo:  v3, 0
unit_sim,  56901733.311, 0, 25.00000,25.00000, 13.80000,13.07998,0.00000,13.07998,   0.000,  0.000,  0.000,  0,  -180022.3,   0.49994, 0, 
unit_ekf, 56901733.311,         1,   2.8e-07,   2.5e-09,      0.25,1.032432e-06, 0.2500001,1.382384e-06,         0, 0.4942392,0.001424789,  13.07998, 0.4942392,1.032433e-06, 0.4942392,1.032432e-06,  13.07856, 0.3347397,
unit,               hm,                  cTime,       dt,       chm,sat,sel,mod,  Tb,  Vb,  Ib,   ioc,  voc_soc,    Vsat,dV_dyn,Voc_stat,Voc_ekf,     y_ekf,    soc_s,soc_ekf,soc,
unit_m,  c_time,       chm_s,  Tb_s,Tbl_s,  vsat_s, voc_stat_s, dv_dyn_s, vb_s, ib_s, ib_in_s, ioc_s, sat_s, dq_s, soc_s, reset_s,
unit_e,c_time,Fx_, Bu_, Q_, R_, P_, S_, K_, u_, x_, y_, z_, x_prior_, P_prior_, x_post_, P_post_, hx_, H_,
pro_20220917, 2022-09-19T09:32:00,  56901733.311, 0.100,   0,  0,  0,  7,  25.0,13.080,     0.000,     0.000,13.07856,    13.80000,0.00000,13.07998,13.07856,   0.001425, 0.49994,0.49424,0.49424,
unit_sim,  56901733.411, 0, 25.00000,25.00000, 13.80000,13.07998,0.00000,13.07998,   0.000,  0.000,  0.000,  0,  -180022.3,   0.49994, 0, 
unit_ekf, 56901733.411,         1,   2.8e-07,   2.5e-09,      0.25,1.034932e-06, 0.2500001,1.385731e-06,         0, 0.4942392,0.001424789,  13.07998, 0.4942392,1.034932e-06, 0.4942392,1.034932e-06,  13.07856, 0.3347397,
pro_20220917, 2022-09-19T09:32:00,  56901733.411, 0.100,   0,  0,  0,  7,  25.0,13.080,     0.000,     0.000,13.07856,    13.80000,0.00000,13.07998,13.07856,   0.001425, 0.49994,0.49424,0.49424,
unit_sim,  56901733.511, 0, 25.00000,25.00000, 13.80000,13.07998,0.00000,13.07998,   0.000,  0.000,  0.000,  0,  -180022.3,   0.49994, 0, 
unit_ekf, 56901733.511,         1,   2.8e-07,   2.5e-09,      0.25,1.037431e-06, 0.2500001,1.389078e-06,         0, 0.4942392,0.001424789,  13.07998, 0.4942392,1.037432e-06, 0.4942392,1.037431e-06,  13.07856, 0.3347397,
pro_20220917, 2022-09-19T09:32:00,  56901733.511, 0.100,   0,  0,  0,  7,  25.0,13.080,     0.000,     0.000,13.07856,    13.80000,0.00000,13.07998,13.07856,   0.001425, 0.49994,0.49424,0.49424,
unit_sim,  56901733.611, 0, 25.00000,25.00000, 13.80000,13.07998,0.00000,13.07998,   0.000,  0.000,  0.000,  0,  -180022.3,   0.49994, 0, 
unit_ekf, 56901733.611,         1,   2.8e-07,   2.5e-09,      0.25,1.039931e-06, 0.2500001,1.392424e-06,         0, 0.4942392,0.001424789,  13.07998, 0.4942392,1.039931e-06, 0.4942392,1.039931e-06,  13.07856, 0.3347397,
pro_20220917, 2022-09-19T09:32:00,  56901733.611, 0.100,   0,  0,  0,  7,  25.0,13.080,     0.000,     0.000,13.07856,    13.80000,0.00000,13.07998,13.07856,   0.001425, 0.49994,0.49424,0.49424,
unit_sim,  56901733.711, 0, 25.00000,25.00000, 13.80000,13.07998,0.00000,13.07998,   0.000,  0.000,  0.000,  0,  -180022.3,   0.49994, 0, 
unit_ekf, 56901733.711,         1,   2.8e-07,   2.5e-09,      0.25,1.04243e-06, 0.2500001,1.395771e-06,         0, 0.4942392,0.001424789,  13.07998, 0.4942392,1.042431e-06, 0.4942392,1.04243e-06,  13.07856, 0.3347397,
pro_20220917, 2022-09-19T09:32:00,  56901733.711, 0.100,   0,  0,  0,  7,  25.0,13.080,     0.000,     0.000,13.07856,    13.80000,0.00000,13.07998,13.07856,   0.001425, 0.49994,0.49424,0.49424,
unit_sim,  56901733.811, 0, 25.00000,25.00000, 13.80000,13.07998,0.00000,13.07998,   0.000,  0.000,  0.000,  0,  -180022.3,   0.49994, 0, 
unit_ekf, 56901733.811,         1,   2.8e-07,   2.5e-09,      0.25,1.04493e-06, 0.2500001,1.399118e-06,         0, 0.4942392,0.001424789,  13.07998, 0.4942392,1.04493e-06, 0.4942392,1.04493e-06,  13.07856, 0.3347397,
pro_20220917, 2022-09-19T09:32:00,  56901733.811, 0.100,   0,  0,  0,  7,  25.0,13.080,     0.000,     0.000,13.07856,    13.80000,0.00000,13.07998,13.07856,   0.001425, 0.49994,0.49424,0.49424,
unit_sim,  56901733.911, 0, 25.00000,25.00000, 13.80000,13.07998,0.00000,13.07998,   0.000,  0.000,  0.000,  0,  -180022.3,   0.49994, 0, 
unit_ekf, 56901733.911,         1,   2.8e-07,   2.5e-09,      0.25,1.047429e-06, 0.2500001,1.402465e-06,         0, 0.4942392,0.001424789,  13.07998, 0.4942392,1.04743e-06, 0.4942392,1.047429e-06,  13.07856, 0.3347397,
pro_20220917, 2022-09-19T09:32:00,  56901733.911, 0.100,   0,  0,  0,  7,  25.0,13.080,     0.000,     0.000,13.07856,    13.80000,0.00000,13.07998,13.07856,   0.001425, 0.49994,0.49424,0.49424,
unit_sim,  56901734.011, 0, 25.00000,25.00000, 13.80000,13.07998,0.00000,13.07998,   0.000,  0.000,  0.000,  0,  -180022.3,   0.49994, 0, 
unit_ekf, 56901734.011,         1,   2.8e-07,   2.5e-09,      0.25,1.049929e-06, 0.2500001,1.405811e-06,         0, 0.4942392,0.001424789,  13.07998, 0.4942392,1.049929e-06, 0.4942392,1.049929e-06,  13.07856, 0.3347397,
pro_20220917, 2022-09-19T09:32:00,  56901734.011, 0.100,   0,  0,  0,  7,  25.0,13.080,     0.000,     0.000,13.07856,    13.80000,0.00000,13.07998,13.07856,   0.001425, 0.49994,0.49424,0.49424,
unit_sim,  56901734.111, 0, 25.00000,25.00000, 13.80000,13.07998,0.00000,13.07998,   0.000,  0.000,  0.000,  0,  -180022.3,   0.49994, 0, 
unit_ekf, 56901734.111,         1,   2.8e-07,   2.5e-09,      0.25,1.052428e-06, 0.2500001,1.409158e-06,         0, 0.4942392,0.001424789,  13.07998, 0.4942392,1.052429e-06, 0.4942392,1.052428e-06,  13.07856, 0.3347397,
pro_20220917, 2022-09-19T09:32:00,  56901734.111, 0.100,   0,  0,  0,  7,  25.0,13.080,     0.000,     0.000,13.07856,    13.80000,0.00000,13.07998,13.07856,   0.001425, 0.49994,0.49424,0.49424,
unit_sim,  56901734.211, 0, 25.00000,25.00000, 13.80000,13.07998,0.00000,13.07998,   0.000,  0.000,  0.000,  0,  -180022.3,   0.49994, 0, 
unit_ekf, 56901734.211,         1,   2.8e-07,   2.5e-09,      0.25,1.054928e-06, 0.2500001,1.412505e-06,         0, 0.4942392,0.001424789,  13.07998, 0.4942392,1.054928e-06, 0.4942392,1.054928e-06,  13.07856, 0.3347397,
pro_20220917, 2022-09-19T09:32:02,  56901734.211, 0.100,   0,  0,  0,  7,  25.0,13.080,     0.000,     0.000,13.07856,    13.80000,0.00000,13.07998,13.07856,   0.001425, 0.49994,0.49424,0.49424,
unit_sim,  56901734.311, 0, 25.00000,25.00000, 13.80000,13.07998,0.00000,13.07998,   0.000,  0.000,  0.000,  0,  -180022.3,   0.49994, 0, 
unit_ekf, 56901734.311,         1,   2.8e-07,   2.5e-09,      0.25,1.057427e-06, 0.2500001,1.415852e-06,         0, 0.4942392,0.001424789,  13.07998, 0.4942392,1.057428e-06, 0.4942392,1.057427e-06,  13.07856, 0.3347397,
pro_20220917, 2022-09-19T09:32:02,  56901734.311, 0.100,   0,  0,  0,  7,  25.0,13.080,     0.000,     0.000,13.07856,    13.80000,0.00000,13.07998,13.07856,   0.001425, 0.49994,0.49424,0.49424,
unit_sim,  56901734.411, 0, 25.00000,25.00000, 13.80000,13.07998,0.00000,13.07998,   0.000,  0.000,  0.000,  0,  -180022.3,   0.49994, 0, 
unit_ekf, 56901734.411,         1,   2.8e-07,   2.5e-09,      0.25,1.059927e-06, 0.2500001,1.419198e-06,         0, 0.4942392,0.001424789,  13.07998, 0.4942392,1.059927e-06, 0.4942392,1.059927e-06,  13.07856, 0.3347397,
pro_20220917, 2022-09-19T09:32:02,  56901734.411, 0.100,   0,  0,  0,  7,  25.0,13.080,     0.000,     0.000,13.07856,    13.80000,0.00000,13.07998,13.07856,   0.001425, 0.49994,0.49424,0.49424,
unit_sim,  56901734.511, 0, 25.00000,25.00000, 13.80000,13.07998,0.00000,13.07998,   0.000,  0.000,  0.000,  0,  -180022.3,   0.49994, 0, 
unit_ekf, 56901734.511,         1,   2.8e-07,   2.5e-09,      0.25,1.062426e-06, 0.2500001,1.422545e-06,         0, 0.4942392,0.001424789,  13.07998, 0.4942392,1.062427e-06, 0.4942392,1.062426e-06,  13.07856, 0.3347397,
pro_20220917, 2022-09-19T09:32:02,  56901734.511, 0.100,   0,  0,  0,  7,  25.0,13.080,     0.000,     0.000,13.07856,    13.80000,0.00000,13.07998,13.07856,   0.001425, 0.49994,0.49424,0.49424,
unit_sim,  56901734.611, 0, 25.00000,25.00000, 13.80000,13.07998,0.00000,13.07998,   0.000,  0.000,  0.000,  0,  -180022.3,   0.49994, 0, 
unit_ekf, 56901734.611,         1,   2.8e-07,   2.5e-09,      0.25,1.064926e-06, 0.2500001,1.425892e-06,         0, 0.4942392,0.001424789,  13.07998, 0.4942392,1.064926e-06, 0.4942392,1.064926e-06,  13.07856, 0.3347397,
pro_20220917, 2022-09-19T09:32:02,  56901734.611, 0.100,   0,  0,  0,  7,  25.0,13.080,     0.000,     0.000,13.07856,    13.80000,0.00000,13.07998,13.07856,   0.001425, 0.49994,0.49424,0.49424,
unit_sim,  56901734.711, 0, 25.00000,25.00000, 13.80000,13.07998,0.00000,13.07998,   0.000,  0.000,  0.000,  0,  -180022.3,   0.49994, 0, 
unit_ekf, 56901734.711,         1,   2.8e-07,   2.5e-09,      0.25,1.067425e-06, 0.2500001,1.429238e-06,         0, 0.4942392,0.001424789,  13.07998, 0.4942392,1.067426e-06, 0.4942392,1.067425e-06,  13.07856, 0.3347397,
pro_20220917, 2022-09-19T09:32:02,  56901734.711, 0.100,   0,  0,  0,  7,  25.0,13.080,     0.000,     0.000,13.07856,    13.80000,0.00000,13.07998,13.07856,   0.001425, 0.49994,0.49424,0.49424,
unit_sim,  56901734.811, 0, 25.00000,25.00000, 13.80000,13.07998,0.00000,13.07998,   0.000,  0.000,  0.000,  0,  -180022.3,   0.49994, 0, 
unit_ekf, 56901734.811,         1,   2.8e-07,   2.5e-09,      0.25,1.069925e-06, 0.2500001,1.432585e-06,         0, 0.4942392,0.001424789,  13.07998, 0.4942392,1.069925e-06, 0.4942392,1.069925e-06,  13.07856, 0.3347397,
pro_20220917, 2022-09-19T09:32:02,  56901734.811, 0.100,   0,  0,  0,  7,  25.0,13.080,     0.000,     0.000,13.07856,    13.80000,0.00000,13.07998,13.07856,   0.001425, 0.49994,0.49424,0.49424,
unit_sim,  56901734.911, 0, 25.00000,25.00000, 13.80000,13.07998,0.00000,13.07998,   0.000,  0.000,  0.000,  0,  -180022.3,   0.49994, 0, 
unit_ekf, 56901734.911,         1,   2.8e-07,   2.5e-09,      0.25,1.072424e-06, 0.2500001,1.435932e-06,         0, 0.4942392,0.001424789,  13.07998, 0.4942392,1.072425e-06, 0.4942392,1.072424e-06,  13.07856, 0.3347397,
pro_20220917, 2022-09-19T09:32:02,  56901734.911, 0.100,   0,  0,  0,  7,  25.0,13.080,     0.000,     0.000,13.07856,    13.80000,0.00000,13.07998,13.07856,   0.001425, 0.49994,0.49424,0.49424,
unit_sim,  56901735.011, 0, 25.00000,25.00000, 13.80000,13.07998,0.00000,13.07998,   0.000,  0.000,  0.000,  0,  -180022.3,   0.49994, 0, 
unit_ekf, 56901735.011,         1,   2.8e-07,   2.5e-09,      0.25,1.074924e-06, 0.2500001,1.439278e-06,         0, 0.4942392,0.001424789,  13.07998, 0.4942392,1.074924e-06, 0.4942392,1.074924e-06,  13.07856, 0.3347397,
pro_20220917, 2022-09-19T09:32:02,  56901735.011, 0.100,   0,  0,  0,  7,  25.0,13.080,     0.000,     0.000,13.07856,    13.80000,0.00000,13.07998,13.07856,   0.001425, 0.49994,0.49424,0.49424,
unit_sim,  56901735.111, 0, 25.00000,25.00000, 13.80000,13.07998,0.00000,13.07998,   0.000,  0.000,  0.000,  0,  -180022.3,   0.49994, 0, 
unit_ekf, 56901735.111,         1,   2.8e-07,   2.5e-09,      0.25,1.077423e-06, 0.2500001,1.442625e-06,         0, 0.4942392,0.001424789,  13.07998, 0.4942392,1.077424e-06, 0.4942392,1.077423e-06,  13.07856, 0.3347397,
pro_20220917, 2022-09-19T09:32:02,  56901735.111, 0.100,   0,  0,  0,  7,  25.0,13.080,     0.000,     0.000,13.07856,    13.80000,0.00000,13.07998,13.07856,   0.001425, 0.49994,0.49424,0.49424,
unit_sim,  56901735.211, 0, 25.00000,25.00000, 13.80000,13.07998,0.00000,13.07998,   0.000,  0.000,  0.000,  0,  -180022.3,   0.49994, 0, 
unit_ekf, 56901735.211,         1,   2.8e-07,   2.5e-09,      0.25,1.079923e-06, 0.2500001,1.445972e-06,         0, 0.4942392,0.001424789,  13.07998, 0.4942392,1.079923e-06, 0.4942392,1.079923e-06,  13.07856, 0.3347397,
pro_20220917, 2022-09-19T09:32:02,  56901735.211, 0.100,   0,  0,  0,  7,  25.0,13.080,     0.000,     0.000,13.07856,    13.80000,0.00000,13.07998,13.07856,   0.001425, 0.49994,0.49424,0.49424,
unit_sim,  56901735.311, 0, 25.00000,25.00000, 13.80000,13.07998,0.00000,13.07998,   0.000,  0.000,  0.000,  0,  -180022.3,   0.49994, 0, 
unit_ekf, 56901735.311,         1,   2.8e-07,   2.5e-09,      0.25,1.082422e-06, 0.2500001,1.449318e-06,         0, 0.4942392,0.001424789,  13.07998, 0.4942392,1.082423e-06, 0.4942392,1.082422e-06,  13.07856, 0.3347397,
pro_20220917, 2022-09-19T09:32:02,  56901735.311, 0.100,   0,  0,  0,  7,  25.0,13.080,     0.000,     0.000,13.07856,    13.80000,0.00000,13.07998,13.07856,   0.001425, 0.49994,0.49424,0.49424,
unit_sim,  56901735.411, 0, 25.00000,25.00000, 13.80000,13.07998,0.00000,13.07998,   0.000,  0.000,  0.000,  0,  -180022.3,   0.49994, 0, 
unit_ekf, 56901735.411,         1,   2.8e-07,   2.5e-09,      0.25,1.084922e-06, 0.2500001,1.452665e-06,         0, 0.4942392,0.001424789,  13.07998, 0.4942392,1.084922e-06, 0.4942392,1.084922e-06,  13.07856, 0.3347397,
pro_20220917, 2022-09-19T09:32:02,  56901735.411, 0.100,   0,  0,  0,  7,  25.0,13.080,     0.000,     0.000,13.07856,    13.80000,0.00000,13.07998,13.07856,   0.001425, 0.49994,0.49424,0.49424,
unit_sim,  56901735.511, 0, 25.00000,25.00000, 13.80000,13.07998,0.00000,13.07998,   0.000,  0.000,  0.000,  0,  -180022.3,   0.49994, 0, 
unit_ekf, 56901735.511,         1,   2.8e-07,   2.5e-09,      0.25,1.087421e-06, 0.2500001,1.456012e-06,         0, 0.4942392,0.001424789,  13.07998, 0.4942392,1.087422e-06, 0.4942392,1.087421e-06,  13.07856, 0.3347397,
pro_20220917, 2022-09-19T09:32:02,  56901735.511, 0.100,   0,  0,  0,  7,  25.0,13.080,     0.000,     0.000,13.07856,    13.80000,0.00000,13.07998,13.07856,   0.001425, 0.49994,0.49424,0.49424,
unit_sim,  56901735.611, 0, 25.00000,25.00000, 13.80000,13.07998,0.00000,13.07998,   0.000,  0.000,  0.000,  0,  -180022.3,   0.49994, 0, 
unit_ekf, 56901735.611,         1,   2.8e-07,   2.5e-09,      0.25,1.08992e-06, 0.2500001,1.459359e-06,         0, 0.4942392,0.001424789,  13.07998, 0.4942392,1.089921e-06, 0.4942392,1.08992e-06,  13.07856, 0.3347397,
pro_20220917, 2022-09-19T09:32:02,  56901735.611, 0.100,   0,  0,  0,  7,  25.0,13.080,     0.000,     0.000,13.07856,    13.80000,0.00000,13.07998,13.07856,   0.001425, 0.49994,0.49424,0.49424,
unit_sim,  56901735.711, 0, 25.00000,25.00000, 13.80000,13.07998,0.00000,13.07998,   0.000,  0.000,  0.000,  0,  -180022.3,   0.49994, 0, 
unit_ekf, 56901735.711,         1,   2.8e-07,   2.5e-09,      0.25,1.09242e-06, 0.2500001,1.462705e-06,         0, 0.4942392,0.001424789,  13.07998, 0.4942392,1.09242e-06, 0.4942392,1.09242e-06,  13.07856, 0.3347397,
pro_20220917, 2022-09-19T09:32:02,  56901735.711, 0.100,   0,  0,  0,  7,  25.0,13.080,     0.000,     0.000,13.07856,    13.80000,0.00000,13.07998,13.07856,   0.001425, 0.49994,0.49424,0.49424,
unit_sim,  56901735.811, 0, 25.00000,25.00000, 13.80000,13.07998,0.00000,13.07998,   0.000,  0.000,  0.000,  0,  -180022.3,   0.49994, 0, 
unit_ekf, 56901735.811,         1,   2.8e-07,   2.5e-09,      0.25,1.094919e-06, 0.2500001,1.466052e-06,         0, 0.4942392,0.001424789,  13.07998, 0.4942392,1.09492e-06, 0.4942392,1.094919e-06,  13.07856, 0.3347397,
pro_20220917, 2022-09-19T09:32:02,  56901735.811, 0.100,   0,  0,  0,  7,  25.0,13.080,     0.000,     0.000,13.07856,    13.80000,0.00000,13.07998,13.07856,   0.001425, 0.49994,0.49424,0.49424,
unit_sim,  56901735.911, 0, 25.00000,25.00000, 13.80000,13.07998,0.00000,13.07998,   0.000,  0.000,  0.000,  0,  -180022.3,   0.49994, 0, 
unit_ekf, 56901735.911,         1,   2.8e-07,   2.5e-09,      0.25,1.097419e-06, 0.2500001,1.469399e-06,         0, 0.4942392,0.001424789,  13.07998, 0.4942392,1.097419e-06, 0.4942392,1.097419e-06,  13.07856, 0.3347397,
pro_20220917, 2022-09-19T09:32:02,  56901735.911, 0.100,   0,  0,  0,  7,  25.0,13.080,     0.000,     0.000,13.07856,    13.80000,0.00000,13.07998,13.07856,   0.001425, 0.49994,0.49424,0.49424,
unit_sim,  56901736.011, 0, 25.00000,25.00000, 13.80000,13.07998,0.00000,13.07998,   0.000,  0.000,  0.000,  0,  -180022.3,   0.49994, 0, 
unit_ekf, 56901736.011,         1,   2.8e-07,   2.5e-09,      0.25,1.099918e-06, 0.2500001,1.472745e-06,         0, 0.4942392,0.001424789,  13.07998, 0.4942392,1.099919e-06, 0.4942392,1.099918e-06,  13.07856, 0.3347397,
pro_20220917, 2022-09-19T09:32:02,  56901736.011, 0.100,   0,  0,  0,  7,  25.0,13.080,     0.000,     0.000,13.07856,    13.80000,0.00000,13.07998,13.07856,   0.001425, 0.49994,0.49424,0.49424,
unit_sim,  56901736.111, 0, 25.00000,25.00000, 13.80000,13.07998,0.00000,13.07998,   0.000,  0.000,  0.000,  0,  -180022.3,   0.49994, 0, 
unit_ekf, 56901736.111,         1,   2.8e-07,   2.5e-09,      0.25,1.102418e-06, 0.2500001,1.476092e-06,         0, 0.4942392,0.001424789,  13.07998, 0.4942392,1.102418e-06, 0.4942392,1.102418e-06,  13.07856, 0.3347397,
pro_20220917, 2022-09-19T09:32:02,  56901736.111, 0.100,   0,  0,  0,  7,  25.0,13.080,     0.000,     0.000,13.07856,    13.80000,0.00000,13.07998,13.07856,   0.001425, 0.49994,0.49424,0.49424,
unit_sim,  56901736.211, 0, 25.00000,25.00000, 13.80000,13.07998,0.00000,13.07998,   0.000,  0.000,  0.000,  0,  -180022.3,   0.49994, 0, 
unit_ekf, 56901736.211,         1,   2.8e-07,   2.5e-09,      0.25,1.104917e-06, 0.2500001,1.479438e-06,         0, 0.4942392,0.001424789,  13.07998, 0.4942392,1.104918e-06, 0.4942392,1.104917e-06,  13.07856, 0.3347397,
pro_20220917, 2022-09-19T09:32:04,  56901736.211, 0.100,   0,  0,  0,  7,  25.0,13.080,     0.000,     0.000,13.07856,    13.80000,0.00000,13.07998,13.07856,   0.001425, 0.49994,0.49424,0.49424,
unit_sim,  56901736.311, 0, 25.00000,25.00000, 13.80000,13.07998,0.00000,13.07998,   0.000,  0.000,  0.000,  0,  -180022.3,   0.49994, 0, 
unit_ekf, 56901736.311,         1,   2.8e-07,   2.5e-09,      0.25,1.107417e-06, 0.2500001,1.482785e-06,         0, 0.4942392,0.001424789,  13.07998, 0.4942392,1.107417e-06, 0.4942392,1.107417e-06,  13.07856, 0.3347397,
pro_20220917, 2022-09-19T09:32:04,  56901736.311, 0.100,   0,  0,  0,  7,  25.0,13.080,     0.000,     0.000,13.07856,    13.80000,0.00000,13.07998,13.07856,   0.001425, 0.49994,0.49424,0.49424,
unit_sim,  56901736.411, 0, 25.00000,25.00000, 13.80000,13.07998,0.00000,13.07998,   0.000,  0.000,  0.000,  0,  -180022.3,   0.49994, 0, 
unit_ekf, 56901736.411,         1,   2.8e-07,   2.5e-09,      0.25,1.109916e-06, 0.2500001,1.486132e-06,         0, 0.4942392,0.001424789,  13.07998, 0.4942392,1.109917e-06, 0.4942392,1.109916e-06,  13.07856, 0.3347397,
pro_20220917, 2022-09-19T09:32:04,  56901736.411, 0.100,   0,  0,  0,  7,  25.0,13.080,     0.000,     0.000,13.07856,    13.80000,0.00000,13.07998,13.07856,   0.001425, 0.49994,0.49424,0.49424,
unit_sim,  56901736.511, 0, 25.00000,25.00000, 13.80000,13.07998,0.00000,13.07998,   0.000,  0.000,  0.000,  0,  -180022.3,   0.49994, 0, 
unit_ekf, 56901736.511,         1,   2.8e-07,   2.5e-09,      0.25,1.112415e-06, 0.2500001,1.489478e-06,         0, 0.4942392,0.001424789,  13.07998, 0.4942392,1.112416e-06, 0.4942392,1.112415e-06,  13.07856, 0.3347397,
pro_20220917, 2022-09-19T09:32:04,  56901736.511, 0.100,   0,  0,  0,  7,  25.0,13.080,     0.000,     0.000,13.07856,    13.80000,0.00000,13.07998,13.07856,   0.001425, 0.49994,0.49424,0.49424,
unit_sim,  56901736.611, 0, 25.00000,25.00000, 13.80000,13.07998,0.00000,13.07998,   0.000,  0.000,  0.000,  0,  -180022.3,   0.49994, 0, 
unit_ekf, 56901736.611,         1,   2.8e-07,   2.5e-09,      0.25,1.114915e-06, 0.2500001,1.492825e-06,         0, 0.4942392,0.001424789,  13.07998, 0.4942392,1.114915e-06, 0.4942392,1.114915e-06,  13.07856, 0.3347397,
pro_20220917, 2022-09-19T09:32:04,  56901736.611, 0.100,   0,  0,  0,  7,  25.0,13.080,     0.000,     0.000,13.07856,    13.80000,0.00000,13.07998,13.07856,   0.001425, 0.49994,0.49424,0.49424,
unit_sim,  56901736.711, 0, 25.00000,25.00000, 13.80000,13.07998,0.00000,13.07998,   0.000,  0.000,  0.000,  0,  -180022.3,   0.49994, 0, 
unit_ekf, 56901736.711,         1,   2.8e-07,   2.5e-09,      0.25,1.117414e-06, 0.2500001,1.496172e-06,         0, 0.4942392,0.001424789,  13.07998, 0.4942392,1.117415e-06, 0.4942392,1.117414e-06,  13.07856, 0.3347397,
pro_20220917, 2022-09-19T09:32:04,  56901736.711, 0.100,   0,  0,  0,  7,  25.0,13.080,     0.000,     0.000,13.07856,    13.80000,0.00000,13.07998,13.07856,   0.001425, 0.49994,0.49424,0.49424,
unit_sim,  56901736.811, 0, 25.00000,25.00000, 13.80000,13.07998,0.00000,13.07998,   0.000,  0.000,  0.000,  0,  -180022.3,   0.49994, 0, 
unit_ekf, 56901736.811,         1,   2.8e-07,   2.5e-09,      0.25,1.119914e-06, 0.2500001,1.499518e-06,         0, 0.4942392,0.001424789,  13.07998, 0.4942392,1.119914e-06, 0.4942392,1.119914e-06,  13.07856, 0.3347397,
pro_20220917, 2022-09-19T09:32:04,  56901736.811, 0.100,   0,  0,  0,  7,  25.0,13.080,     0.000,     0.000,13.07856,    13.80000,0.00000,13.07998,13.07856,   0.001425, 0.49994,0.49424,0.49424,
unit_sim,  56901736.911, 0, 25.00000,25.00000, 13.80000,13.07998,0.00000,13.07998,   0.000,  0.000,  0.000,  0,  -180022.3,   0.49994, 0, 
unit_ekf, 56901736.911,         1,   2.8e-07,   2.5e-09,      0.25,1.122413e-06, 0.2500001,1.502865e-06,         0, 0.4942392,0.001424789,  13.07998, 0.4942392,1.122414e-06, 0.4942392,1.122413e-06,  13.07856, 0.3347397,
pro_20220917, 2022-09-19T09:32:04,  56901736.911, 0.100,   0,  0,  0,  7,  25.0,13.080,     0.000,     0.000,13.07856,    13.80000,0.00000,13.07998,13.07856,   0.001425, 0.49994,0.49424,0.49424,
unit_sim,  56901737.011, 0, 25.00000,25.00000, 13.80000,13.07998,0.00000,13.07998,   0.000,  0.000,  0.000,  0,  -180022.3,   0.49994, 0, 
unit_ekf, 56901737.011,         1,   2.8e-07,   2.5e-09,      0.25,1.124913e-06, 0.2500001,1.506212e-06,         0, 0.4942392,0.001424789,  13.07998, 0.4942392,1.124913e-06, 0.4942392,1.124913e-06,  13.07856, 0.3347397,
pro_20220917, 2022-09-19T09:32:04,  56901737.011, 0.100,   0,  0,  0,  7,  25.0,13.080,     0.000,     0.000,13.07856,    13.80000,0.00000,13.07998,13.07856,   0.001425, 0.49994,0.49424,0.49424,
unit_sim,  56901737.111, 0, 25.00000,25.00000, 13.80000,13.07998,0.00000,13.07998,   0.000,  0.000,  0.000,  0,  -180022.3,   0.49994, 0, 
unit_ekf, 56901737.111,         1,   2.8e-07,   2.5e-09,      0.25,1.127412e-06, 0.2500001,1.509558e-06,         0, 0.4942392,0.001424789,  13.07998, 0.4942392,1.127413e-06, 0.4942392,1.127412e-06,  13.07856, 0.3347397,
pro_20220917, 2022-09-19T09:32:04,  56901737.111, 0.100,   0,  0,  0,  7,  25.0,13.080,     0.000,     0.000,13.07856,    13.80000,0.00000,13.07998,13.07856,   0.001425, 0.49994,0.49424,0.49424,
unit_sim,  56901737.211, 0, 25.00000,25.00000, 13.80000,13.07998,0.00000,13.07998,   0.000,  0.000,  0.000,  0,  -180022.3,   0.49994, 0, 
unit_ekf, 56901737.211,         1,   2.8e-07,   2.5e-09,      0.25,1.129911e-06, 0.2500001,1.512905e-06,         0, 0.4942392,0.001424789,  13.07998, 0.4942392,1.129912e-06, 0.4942392,1.129911e-06,  13.07856, 0.3347397,
pro_20220917, 2022-09-19T09:32:04,  56901737.211, 0.100,   0,  0,  0,  7,  25.0,13.080,     0.000,     0.000,13.07856,    13.80000,0.00000,13.07998,13.07856,   0.001425, 0.49994,0.49424,0.49424,
unit_sim,  56901737.311, 0, 25.00000,25.00000, 13.80000,13.07998,0.00000,13.07998,   0.000,  0.000,  0.000,  0,  -180022.3,   0.49994, 0, 
unit_ekf, 56901737.311,         1,   2.8e-07,   2.5e-09,      0.25,1.132411e-06, 0.2500001,1.516251e-06,         0, 0.4942392,0.001424789,  13.07998, 0.4942392,1.132411e-06, 0.4942392,1.132411e-06,  13.07856, 0.3347397,
pro_20220917, 2022-09-19T09:32:04,  56901737.311, 0.100,   0,  0,  0,  7,  25.0,13.080,     0.000,     0.000,13.07856,    13.80000,0.00000,13.07998,13.07856,   0.001425, 0.49994,0.49424,0.49424,
unit_sim,  56901737.411, 0, 25.00000,25.00000, 13.80000,13.07998,0.00000,13.07998,   0.000,  0.000,  0.000,  0,  -180022.3,   0.49994, 0, 
unit_ekf, 56901737.411,         1,   2.8e-07,   2.5e-09,      0.25,1.13491e-06, 0.2500001,1.519598e-06,         0, 0.4942392,0.001424789,  13.07998, 0.4942392,1.134911e-06, 0.4942392,1.13491e-06,  13.07856, 0.3347397,
pro_20220917, 2022-09-19T09:32:04,  56901737.411, 0.100,   0,  0,  0,  7,  25.0,13.080,     0.000,     0.000,13.07856,    13.80000,0.00000,13.07998,13.07856,   0.001425, 0.49994,0.49424,0.49424,
unit_sim,  56901737.511, 0, 25.00000,25.00000, 13.80000,13.07998,0.00000,13.07998,   0.000,  0.000,  0.000,  0,  -180022.3,   0.49994, 0, 
unit_ekf, 56901737.511,         1,   2.8e-07,   2.5e-09,      0.25,1.13741e-06, 0.2500001,1.522945e-06,         0, 0.4942392,0.001424789,  13.07998, 0.4942392,1.13741e-06, 0.4942392,1.13741e-06,  13.07856, 0.3347397,
pro_20220917, 2022-09-19T09:32:04,  56901737.511, 0.100,   0,  0,  0,  7,  25.0,13.080,     0.000,     0.000,13.07856,    13.80000,0.00000,13.07998,13.07856,   0.001425, 0.49994,0.49424,0.49424,
unit_sim,  56901737.611, 0, 25.00000,25.00000, 13.80000,13.07998,0.00000,13.07998,   0.000,  0.000,  0.000,  0,  -180022.3,   0.49994, 0, 
unit_ekf, 56901737.611,         1,   2.8e-07,   2.5e-09,      0.25,1.139909e-06, 0.2500001,1.526291e-06,         0, 0.4942392,0.001424789,  13.07998, 0.4942392,1.13991e-06, 0.4942392,1.139909e-06,  13.07856, 0.3347397,
pro_20220917, 2022-09-19T09:32:04,  56901737.611, 0.100,   0,  0,  0,  7,  25.0,13.080,     0.000,     0.000,13.07856,    13.80000,0.00000,13.07998,13.07856,   0.001425, 0.49994,0.49424,0.49424,
unit_sim,  56901737.711, 0, 25.00000,25.00000, 13.80000,13.07998,0.00000,13.07998,   0.000,  0.000,  0.000,  0,  -180022.3,   0.49994, 0, 
unit_ekf, 56901737.711,         1,   2.8e-07,   2.5e-09,      0.25,1.142409e-06, 0.2500001,1.529638e-06,         0, 0.4942392,0.001424789,  13.07998, 0.4942392,1.142409e-06, 0.4942392,1.142409e-06,  13.07856, 0.3347397,
pro_20220917, 2022-09-19T09:32:04,  56901737.711, 0.100,   0,  0,  0,  7,  25.0,13.080,     0.000,     0.000,13.07856,    13.80000,0.00000,13.07998,13.07856,   0.001425, 0.49994,0.49424,0.49424,
unit_sim,  56901737.811, 0, 25.00000,25.00000, 13.80000,13.07998,0.00000,13.07998,   0.000,  0.000,  0.000,  0,  -180022.3,   0.49994, 0, 
unit_ekf, 56901737.811,         1,   2.8e-07,   2.5e-09,      0.25,1.144908e-06, 0.2500001,1.532984e-06,         0, 0.4942392,0.001424789,  13.07998, 0.4942392,1.144909e-06, 0.4942392,1.144908e-06,  13.07856, 0.3347397,
pro_20220917, 2022-09-19T09:32:04,  56901737.811, 0.100,   0,  0,  0,  7,  25.0,13.080,     0.000,     0.000,13.07856,    13.80000,0.00000,13.07998,13.07856,   0.001425, 0.49994,0.49424,0.49424,
unit_sim,  56901737.911, 0, 25.00000,25.00000, 13.80000,13.07998,0.00000,13.07998,   0.000,  0.000,  0.000,  0,  -180022.3,   0.49994, 0, 
unit_ekf, 56901737.911,         1,   2.8e-07,   2.5e-09,      0.25,1.147407e-06, 0.2500001,1.536331e-06,         0, 0.4942392,0.001424789,  13.07998, 0.4942392,1.147408e-06, 0.4942392,1.147407e-06,  13.07856, 0.3347397,
pro_20220917, 2022-09-19T09:32:04,  56901737.911, 0.100,   0,  0,  0,  7,  25.0,13.080,     0.000,     0.000,13.07856,    13.80000,0.00000,13.07998,13.07856,   0.001425, 0.49994,0.49424,0.49424,
unit_sim,  56901738.011, 0, 25.00000,25.00000, 13.80000,13.07998,0.00000,13.07998,   0.000,  0.000,  0.000,  0,  -180022.3,   0.49994, 0, 
unit_ekf, 56901738.011,         1,   2.8e-07,   2.5e-09,      0.25,1.149907e-06, 0.2500001,1.539678e-06,         0, 0.4942392,0.001424789,  13.07998, 0.4942392,1.149907e-06, 0.4942392,1.149907e-06,  13.07856, 0.3347397,
pro_20220917, 2022-09-19T09:32:04,  56901738.011, 0.100,   0,  0,  0,  7,  25.0,13.080,     0.000,     0.000,13.07856,    13.80000,0.00000,13.07998,13.07856,   0.001425, 0.49994,0.49424,0.49424,
unit_sim,  56901738.111, 0, 25.00000,25.00000, 13.80000,13.07998,0.00000,13.07998,   0.000,  0.000,  0.000,  0,  -180022.3,   0.49994, 0, 
unit_ekf, 56901738.111,         1,   2.8e-07,   2.5e-09,      0.25,1.152406e-06, 0.2500001,1.543024e-06,         0, 0.4942392,0.001424789,  13.07998, 0.4942392,1.152407e-06, 0.4942392,1.152406e-06,  13.07856, 0.3347397,
pro_20220917, 2022-09-19T09:32:04,  56901738.111, 0.100,   0,  0,  0,  7,  25.0,13.080,     0.000,     0.000,13.07856,    13.80000,0.00000,13.07998,13.07856,   0.001425, 0.49994,0.49424,0.49424,
unit_sim,  56901738.211, 0, 25.00000,25.00000, 13.80000,13.07998,0.00000,13.07998,   0.000,  0.000,  0.000,  0,  -180022.3,   0.49994, 0, 
unit_ekf, 56901738.211,         1,   2.8e-07,   2.5e-09,      0.25,1.154906e-06, 0.2500001,1.546371e-06,         0, 0.4942392,0.001424789,  13.07998, 0.4942392,1.154906e-06, 0.4942392,1.154906e-06,  13.07856, 0.3347397,
pro_20220917, 2022-09-19T09:32:06,  56901738.211, 0.100,   0,  0,  0,  7,  25.0,13.080,     0.000,     0.000,13.07856,    13.80000,0.00000,13.07998,13.07856,   0.001425, 0.49994,0.49424,0.49424,
unit_sim,  56901738.311, 0, 25.00000,25.00000, 13.80000,13.07998,0.00000,13.07998,   0.000,  0.000,  0.000,  0,  -180022.3,   0.49994, 0, 
unit_ekf, 56901738.311,         1,   2.8e-07,   2.5e-09,      0.25,1.157405e-06, 0.2500001,1.549717e-06,         0, 0.4942392,0.001424789,  13.07998, 0.4942392,1.157405e-06, 0.4942392,1.157405e-06,  13.07856, 0.3347397,
pro_20220917, 2022-09-19T09:32:06,  56901738.311, 0.100,   0,  0,  0,  7,  25.0,13.080,     0.000,     0.000,13.07856,    13.80000,0.00000,13.07998,13.07856,   0.001425, 0.49994,0.49424,0.49424,
unit_sim,  56901738.411, 0, 25.00000,25.00000, 13.80000,13.07998,0.00000,13.07998,   0.000,  0.000,  0.000,  0,  -180022.3,   0.49994, 0, 
unit_ekf, 56901738.411,         1,   2.8e-07,   2.5e-09,      0.25,1.159904e-06, 0.2500001,1.553064e-06,         0, 0.4942392,0.001424789,  13.07998, 0.4942392,1.159905e-06, 0.4942392,1.159904e-06,  13.07856, 0.3347397,
pro_20220917, 2022-09-19T09:32:06,  56901738.411, 0.100,   0,  0,  0,  7,  25.0,13.080,     0.000,     0.000,13.07856,    13.80000,0.00000,13.07998,13.07856,   0.001425, 0.49994,0.49424,0.49424,
unit_sim,  56901738.511, 0, 25.00000,25.00000, 13.80000,13.07998,0.00000,13.07998,   0.000,  0.000,  0.000,  0,  -180022.3,   0.49994, 0, 
unit_ekf, 56901738.511,         1,   2.8e-07,   2.5e-09,      0.25,1.162404e-06, 0.2500001,1.556411e-06,         0, 0.4942392,0.001424789,  13.07998, 0.4942392,1.162404e-06, 0.4942392,1.162404e-06,  13.07856, 0.3347397,
pro_20220917, 2022-09-19T09:32:06,  56901738.511, 0.100,   0,  0,  0,  7,  25.0,13.080,     0.000,     0.000,13.07856,    13.80000,0.00000,13.07998,13.07856,   0.001425, 0.49994,0.49424,0.49424,
unit_sim,  56901738.611, 0, 25.00000,25.00000, 13.80000,13.07998,0.00000,13.07998,   0.000,  0.000,  0.000,  0,  -180022.3,   0.49994, 0, 
unit_ekf, 56901738.611,         1,   2.8e-07,   2.5e-09,      0.25,1.164903e-06, 0.2500001,1.559757e-06,         0, 0.4942392,0.001424789,  13.07998, 0.4942392,1.164904e-06, 0.4942392,1.164903e-06,  13.07856, 0.3347397,
pro_20220917, 2022-09-19T09:32:06,  56901738.611, 0.100,   0,  0,  0,  7,  25.0,13.080,     0.000,     0.000,13.07856,    13.80000,0.00000,13.07998,13.07856,   0.001425, 0.49994,0.49424,0.49424,
unit_sim,  56901738.711, 0, 25.00000,25.00000, 13.80000,13.07998,0.00000,13.07998,   0.000,  0.000,  0.000,  0,  -180022.3,   0.49994, 0, 
unit_ekf, 56901738.711,         1,   2.8e-07,   2.5e-09,      0.25,1.167402e-06, 0.2500001,1.563104e-06,         0, 0.4942392,0.001424789,  13.07998, 0.4942392,1.167403e-06, 0.4942392,1.167402e-06,  13.07856, 0.3347397,
pro_20220917, 2022-09-19T09:32:06,  56901738.711, 0.100,   0,  0,  0,  7,  25.0,13.080,     0.000,     0.000,13.07856,    13.80000,0.00000,13.07998,13.07856,   0.001425, 0.49994,0.49424,0.49424,
unit_sim,  56901738.811, 0, 25.00000,25.00000, 13.80000,13.07998,0.00000,13.07998,   0.000,  0.000,  0.000,  0,  -180022.3,   0.49994, 0, 
unit_ekf, 56901738.811,         1,   2.8e-07,   2.5e-09,      0.25,1.169902e-06, 0.2500001,1.56645e-06,         0, 0.4942392,0.001424789,  13.07998, 0.4942392,1.169902e-06, 0.4942392,1.169902e-06,  13.07856, 0.3347397,
pro_20220917, 2022-09-19T09:32:06,  56901738.811, 0.100,   0,  0,  0,  7,  25.0,13.080,     0.000,     0.000,13.07856,    13.80000,0.00000,13.07998,13.07856,   0.001425, 0.49994,0.49424,0.49424,
unit_sim,  56901738.911, 0, 25.00000,25.00000, 13.80000,13.07998,0.00000,13.07998,   0.000,  0.000,  0.000,  0,  -180022.3,   0.49994, 0, 
unit_ekf, 56901738.911,         1,   2.8e-07,   2.5e-09,      0.25,1.172401e-06, 0.2500001,1.569797e-06,         0, 0.4942392,0.001424789,  13.07998, 0.4942392,1.172402e-06, 0.4942392,1.172401e-06,  13.07856, 0.3347397,
pro_20220917, 2022-09-19T09:32:06,  56901738.911, 0.100,   0,  0,  0,  7,  25.0,13.080,     0.000,     0.000,13.07856,    13.80000,0.00000,13.07998,13.07856,   0.001425, 0.49994,0.49424,0.49424,
unit_sim,  56901739.011, 0, 25.00000,25.00000, 13.80000,13.07998,0.00000,13.07998,   0.000,  0.000,  0.000,  0,  -180022.3,   0.49994, 0, 
unit_ekf, 56901739.011,         1,   2.8e-07,   2.5e-09,      0.25,1.174901e-06, 0.2500001,1.573143e-06,         0, 0.4942392,0.001424789,  13.07998, 0.4942392,1.174901e-06, 0.4942392,1.174901e-06,  13.07856, 0.3347397,
pro_20220917, 2022-09-19T09:32:06,  56901739.011, 0.100,   0,  0,  0,  7,  25.0,13.080,     0.000,     0.000,13.07856,    13.80000,0.00000,13.07998,13.07856,   0.001425, 0.49994,0.49424,0.49424,
unit_sim,  56901739.111, 0, 25.00000,25.00000, 13.80000,13.07998,0.00000,13.07998,   0.000,  0.000,  0.000,  0,  -180022.3,   0.49994, 0, 
unit_ekf, 56901739.111,         1,   2.8e-07,   2.5e-09,      0.25,1.1774e-06, 0.2500001,1.57649e-06,         0, 0.4942392,0.001424789,  13.07998, 0.4942392,1.177401e-06, 0.4942392,1.1774e-06,  13.07856, 0.3347397,
pro_20220917, 2022-09-19T09:32:06,  56901739.111, 0.100,   0,  0,  0,  7,  25.0,13.080,     0.000,     0.000,13.07856,    13.80000,0.00000,13.07998,13.07856,   0.001425, 0.49994,0.49424,0.49424,
unit_sim,  56901739.211, 0, 25.00000,25.00000, 13.80000,13.07998,0.00000,13.07998,   0.000,  0.000,  0.000,  0,  -180022.3,   0.49994, 0, 
unit_ekf, 56901739.211,         1,   2.8e-07,   2.5e-09,      0.25,1.179899e-06, 0.2500001,1.579836e-06,         0, 0.4942392,0.001424789,  13.07998, 0.4942392,1.1799e-06, 0.4942392,1.179899e-06,  13.07856, 0.3347397,
pro_20220917, 2022-09-19T09:32:06,  56901739.211, 0.100,   0,  0,  0,  7,  25.0,13.080,     0.000,     0.000,13.07856,    13.80000,0.00000,13.07998,13.07856,   0.001425, 0.49994,0.49424,0.49424,
unit_sim,  56901739.311, 0, 25.00000,25.00000, 13.80000,13.07998,0.00000,13.07998,   0.000,  0.000,  0.000,  0,  -180022.3,   0.49994, 0, 
unit_ekf, 56901739.311,         1,   2.8e-07,   2.5e-09,      0.25,1.182399e-06, 0.2500001,1.583183e-06,         0, 0.4942392,0.001424789,  13.07998, 0.4942392,1.182399e-06, 0.4942392,1.182399e-06,  13.07856, 0.3347397,
pro_20220917, 2022-09-19T09:32:06,  56901739.311, 0.100,   0,  0,  0,  7,  25.0,13.080,     0.000,     0.000,13.07856,    13.80000,0.00000,13.07998,13.07856,   0.001425, 0.49994,0.49424,0.49424,
unit_sim,  56901739.412, 0, 25.00000,25.00000, 13.80000,13.07998,0.00000,13.07998,   0.000,  0.000,  0.000,  0,  -180022.3,   0.49994, 0, 
unit_ekf, 56901739.412,         1,   2.8e-07,   2.5e-09,      0.25,1.184898e-06, 0.2500001,1.58653e-06,         0, 0.4942392,0.001424789,  13.07998, 0.4942392,1.184899e-06, 0.4942392,1.184898e-06,  13.07856, 0.3347397,
pro_20220917, 2022-09-19T09:32:06,  56901739.412, 0.100,   0,  0,  0,  7,  25.0,13.080,     0.000,     0.000,13.07856,    13.80000,0.00000,13.07998,13.07856,   0.001425, 0.49994,0.49424,0.49424,
unit_sim,  56901739.511, 0, 25.00000,25.00000, 13.80000,13.07998,0.00000,13.07998,   0.000,  0.000,  0.000,  0,  -180022.3,   0.49994, 0, 
unit_ekf, 56901739.511,         1,   2.8e-07,   2.5e-09,      0.25,1.187397e-06, 0.2500001,1.589876e-06,         0, 0.4942392,0.001424789,  13.07998, 0.4942392,1.187398e-06, 0.4942392,1.187397e-06,  13.07856, 0.3347397,
pro_20220917, 2022-09-19T09:32:06,  56901739.511, 0.100,   0,  0,  0,  7,  25.0,13.080,     0.000,     0.000,13.07856,    13.80000,0.00000,13.07998,13.07856,   0.001425, 0.49994,0.49424,0.49424,
unit_sim,  56901739.611, 0, 25.00000,25.00000, 13.80000,13.07998,0.00000,13.07998,   0.000,  0.000,  0.000,  0,  -180022.3,   0.49994, 0, 
unit_ekf, 56901739.611,         1,   2.8e-07,   2.5e-09,      0.25,1.189897e-06, 0.2500001,1.593223e-06,         0, 0.4942392,0.001424789,  13.07998, 0.4942392,1.189897e-06, 0.4942392,1.189897e-06,  13.07856, 0.3347397,
pro_20220917, 2022-09-19T09:32:06,  56901739.611, 0.100,   0,  0,  0,  7,  25.0,13.080,     0.000,     0.000,13.07856,    13.80000,0.00000,13.07998,13.07856,   0.001425, 0.49994,0.49424,0.49424,
unit_sim,  56901739.711, 0, 25.00000,25.00000, 13.80000,13.07998,0.00000,13.07998,   0.000,  0.000,  0.000,  0,  -180022.3,   0.49994, 0, 
unit_ekf, 56901739.711,         1,   2.8e-07,   2.5e-09,      0.25,1.192396e-06, 0.2500001,1.596569e-06,         0, 0.4942392,0.001424789,  13.07998, 0.4942392,1.192397e-06, 0.4942392,1.192396e-06,  13.07856, 0.3347397,
pro_20220917, 2022-09-19T09:32:06,  56901739.711, 0.100,   0,  0,  0,  7,  25.0,13.080,     0.000,     0.000,13.07856,    13.80000,0.00000,13.07998,13.07856,   0.001425, 0.49994,0.49424,0.49424,
unit_sim,  56901739.811, 0, 25.00000,25.00000, 13.80000,13.07998,0.00000,13.07998,   0.000,  0.000,  0.000,  0,  -180022.3,   0.49994, 0, 
unit_ekf, 56901739.811,         1,   2.8e-07,   2.5e-09,      0.25,1.194895e-06, 0.2500001,1.599916e-06,         0, 0.4942392,0.001424789,  13.07998, 0.4942392,1.194896e-06, 0.4942392,1.194895e-06,  13.07856, 0.3347397,
pro_20220917, 2022-09-19T09:32:06,  56901739.811, 0.100,   0,  0,  0,  7,  25.0,13.080,     0.000,     0.000,13.07856,    13.80000,0.00000,13.07998,13.07856,   0.001425, 0.49994,0.49424,0.49424,
unit_sim,  56901739.911, 0, 25.00000,25.00000, 13.80000,13.07998,0.00000,13.07998,   0.000,  0.000,  0.000,  0,  -180022.3,   0.49994, 0, 
unit_ekf, 56901739.911,         1,   2.8e-07,   2.5e-09,      0.25,1.197395e-06, 0.2500001,1.603262e-06,         0, 0.4942392,0.001424789,  13.07998, 0.4942392,1.197395e-06, 0.4942392,1.197395e-06,  13.07856, 0.3347397,
pro_20220917, 2022-09-19T09:32:06,  56901739.911, 0.100,   0,  0,  0,  7,  25.0,13.080,     0.000,     0.000,13.07856,    13.80000,0.00000,13.07998,13.07856,   0.001425, 0.49994,0.49424,0.49424,
unit_sim,  56901740.011, 0, 25.00000,25.00000, 13.80000,13.07998,0.00000,13.07998,   0.000,  0.000,  0.000,  0,  -180022.3,   0.49994, 0, 
unit_ekf, 56901740.011,         1,   2.8e-07,   2.5e-09,      0.25,1.199894e-06, 0.2500001,1.606609e-06,         0, 0.4942392,0.001424789,  13.07998, 0.4942392,1.199895e-06, 0.4942392,1.199894e-06,  13.07856, 0.3347397,
pro_20220917, 2022-09-19T09:32:06,  56901740.011, 0.100,   0,  0,  0,  7,  25.0,13.080,     0.000,     0.000,13.07856,    13.80000,0.00000,13.07998,13.07856,   0.001425, 0.49994,0.49424,0.49424,
unit_sim,  56901740.111, 0, 25.00000,25.00000, 13.80000,13.07998,0.00000,13.07998,   0.000,  0.000,  0.000,  0,  -180022.3,   0.49994, 0, 
unit_ekf, 56901740.111,         1,   2.8e-07,   2.5e-09,      0.25,1.202393e-06, 0.2500001,1.609955e-06,         0, 0.4942392,0.001424789,  13.07998, 0.4942392,1.202394e-06, 0.4942392,1.202393e-06,  13.07856, 0.3347397,
pro_20220917, 2022-09-19T09:32:06,  56901740.111, 0.100,   0,  0,  0,  7,  25.0,13.080,     0.000,     0.000,13.07856,    13.80000,0.00000,13.07998,13.07856,   0.001425, 0.49994,0.49424,0.49424,
unit_sim,  56901740.211, 0, 25.00000,25.00000, 13.80000,13.07998,0.00000,13.07998,   0.000,  0.000,  0.000,  0,  -180022.3,   0.49994, 0, 
unit_ekf, 56901740.211,         1,   2.8e-07,   2.5e-09,      0.25,1.204893e-06, 0.2500001,1.613302e-06,         0, 0.4942392,0.001424789,  13.07998, 0.4942392,1.204893e-06, 0.4942392,1.204893e-06,  13.07856, 0.3347397,
pro_20220917, 2022-09-19T09:32:08,  56901740.211, 0.100,   0,  0,  0,  7,  25.0,13.080,     0.000,     0.000,13.07856,    13.80000,0.00000,13.07998,13.07856,   0.001425, 0.49994,0.49424,0.49424,
unit_sim,  56901740.311, 0, 25.00000,25.00000, 13.80000,13.07998,0.00000,13.07998,   0.000,  0.000,  0.000,  0,  -180022.3,   0.49994, 0, 
unit_ekf, 56901740.311,         1,   2.8e-07,   2.5e-09,      0.25,1.207392e-06, 0.2500001,1.616648e-06,         0, 0.4942392,0.001424789,  13.07998, 0.4942392,1.207393e-06, 0.4942392,1.207392e-06,  13.07856, 0.3347397,
pro_20220917, 2022-09-19T09:32:08,  56901740.311, 0.100,   0,  0,  0,  7,  25.0,13.080,     0.000,     0.000,13.07856,    13.80000,0.00000,13.07998,13.07856,   0.001425, 0.49994,0.49424,0.49424,
unit_sim,  56901740.411, 0, 25.00000,25.00000, 13.80000,13.07998,0.00000,13.07998,   0.000,  0.000,  0.000,  0,  -180022.3,   0.49994, 0, 
unit_ekf, 56901740.411,         1,   2.8e-07,   2.5e-09,      0.25,1.209891e-06, 0.2500001,1.619995e-06,         0, 0.4942392,0.001424789,  13.07998, 0.4942392,1.209892e-06, 0.4942392,1.209891e-06,  13.07856, 0.3347397,
pro_20220917, 2022-09-19T09:32:08,  56901740.411, 0.100,   0,  0,  0,  7,  25.0,13.080,     0.000,     0.000,13.07856,    13.80000,0.00000,13.07998,13.07856,   0.001425, 0.49994,0.49424,0.49424,
unit_sim,  56901740.511, 0, 25.00000,25.00000, 13.80000,13.07998,0.00000,13.07998,   0.000,  0.000,  0.000,  0,  -180022.3,   0.49994, 0, 
unit_ekf, 56901740.511,         1,   2.8e-07,   2.5e-09,      0.25,1.212391e-06, 0.2500001,1.623341e-06,         0, 0.4942392,0.001424789,  13.07998, 0.4942392,1.212391e-06, 0.4942392,1.212391e-06,  13.07856, 0.3347397,
pro_20220917, 2022-09-19T09:32:08,  56901740.511, 0.100,   0,  0,  0,  7,  25.0,13.080,     0.000,     0.000,13.07856,    13.80000,0.00000,13.07998,13.07856,   0.001425, 0.49994,0.49424,0.49424,
unit_sim,  56901740.611, 0, 25.00000,25.00000, 13.80000,13.07998,0.00000,13.07998,   0.000,  0.000,  0.000,  0,  -180022.3,   0.49994, 0, 
unit_ekf, 56901740.611,         1,   2.8e-07,   2.5e-09,      0.25,1.21489e-06, 0.2500001,1.626688e-06,         0, 0.4942392,0.001424789,  13.07998, 0.4942392,1.214891e-06, 0.4942392,1.21489e-06,  13.07856, 0.3347397,
pro_20220917, 2022-09-19T09:32:08,  56901740.611, 0.100,   0,  0,  0,  7,  25.0,13.080,     0.000,     0.000,13.07856,    13.80000,0.00000,13.07998,13.07856,   0.001425, 0.49994,0.49424,0.49424,
unit_sim,  56901740.711, 0, 25.00000,25.00000, 13.80000,13.07998,0.00000,13.07998,   0.000,  0.000,  0.000,  0,  -180022.3,   0.49994, 0, 
unit_ekf, 56901740.711,         1,   2.8e-07,   2.5e-09,      0.25,1.217389e-06, 0.2500001,1.630034e-06,         0, 0.4942392,0.001424789,  13.07998, 0.4942392,1.21739e-06, 0.4942392,1.217389e-06,  13.07856, 0.3347397,
pro_20220917, 2022-09-19T09:32:08,  56901740.711, 0.100,   0,  0,  0,  7,  25.0,13.080,     0.000,     0.000,13.07856,    13.80000,0.00000,13.07998,13.07856,   0.001425, 0.49994,0.49424,0.49424,
unit_sim,  56901740.811, 0, 25.00000,25.00000, 13.80000,13.07998,0.00000,13.07998,   0.000,  0.000,  0.000,  0,  -180022.3,   0.49994, 0, 
unit_ekf, 56901740.811,         1,   2.8e-07,   2.5e-09,      0.25,1.219889e-06, 0.2500001,1.633381e-06,         0, 0.4942392,0.001424789,  13.07998, 0.4942392,1.219889e-06, 0.4942392,1.219889e-06,  13.07856, 0.3347397,
pro_20220917, 2022-09-19T09:32:08,  56901740.811, 0.100,   0,  0,  0,  7,  25.0,13.080,     0.000,     0.000,13.07856,    13.80000,0.00000,13.07998,13.07856,   0.001425, 0.49994,0.49424,0.49424,
unit_sim,  56901740.911, 0, 25.00000,25.00000, 13.80000,13.07998,0.00000,13.07998,   0.000,  0.000,  0.000,  0,  -180022.3,   0.49994, 0, 
unit_ekf, 56901740.911,         1,   2.8e-07,   2.5e-09,      0.25,1.222388e-06, 0.2500001,1.636727e-06,         0, 0.4942392,0.001424789,  13.07998, 0.4942392,1.222389e-06, 0.4942392,1.222388e-06,  13.07856, 0.3347397,
pro_20220917, 2022-09-19T09:32:08,  56901740.911, 0.100,   0,  0,  0,  7,  25.0,13.080,     0.000,     0.000,13.07856,    13.80000,0.00000,13.07998,13.07856,   0.001425, 0.49994,0.49424,0.49424,
unit_sim,  56901741.011, 0, 25.00000,25.00000, 13.80000,13.07998,0.00000,13.07998,   0.000,  0.000,  0.000,  0,  -180022.3,   0.49994, 0, 
unit_ekf, 56901741.011,         1,   2.8e-07,   2.5e-09,      0.25,1.224887e-06, 0.2500001,1.640074e-06,         0, 0.4942392,0.001424789,  13.07998, 0.4942392,1.224888e-06, 0.4942392,1.224887e-06,  13.07856, 0.3347397,
pro_20220917, 2022-09-19T09:32:08,  56901741.011, 0.100,   0,  0,  0,  7,  25.0,13.080,     0.000,     0.000,13.07856,    13.80000,0.00000,13.07998,13.07856,   0.001425, 0.49994,0.49424,0.49424,
unit_sim,  56901741.111, 0, 25.00000,25.00000, 13.80000,13.07998,0.00000,13.07998,   0.000,  0.000,  0.000,  0,  -180022.3,   0.49994, 0, 
unit_ekf, 56901741.111,         1,   2.8e-07,   2.5e-09,      0.25,1.227387e-06, 0.2500001,1.64342e-06,         0, 0.4942392,0.001424789,  13.07998, 0.4942392,1.227387e-06, 0.4942392,1.227387e-06,  13.07856, 0.3347397,
pro_20220917, 2022-09-19T09:32:08,  56901741.111, 0.100,   0,  0,  0,  7,  25.0,13.080,     0.000,     0.000,13.07856,    13.80000,0.00000,13.07998,13.07856,   0.001425, 0.49994,0.49424,0.49424,
unit_sim,  56901741.211, 0, 25.00000,25.00000, 13.80000,13.07998,0.00000,13.07998,   0.000,  0.000,  0.000,  0,  -180022.3,   0.49994, 0, 
unit_ekf, 56901741.211,         1,   2.8e-07,   2.5e-09,      0.25,1.229886e-06, 0.2500001,1.646767e-06,         0, 0.4942392,0.001424789,  13.07998, 0.4942392,1.229887e-06, 0.4942392,1.229886e-06,  13.07856, 0.3347397,
pro_20220917, 2022-09-19T09:32:08,  56901741.211, 0.100,   0,  0,  0,  7,  25.0,13.080,     0.000,     0.000,13.07856,    13.80000,0.00000,13.07998,13.07856,   0.001425, 0.49994,0.49424,0.49424,
unit_sim,  56901741.311, 0, 25.00000,25.00000, 13.80000,13.07998,0.00000,13.07998,   0.000,  0.000,  0.000,  0,  -180022.3,   0.49994, 0, 
unit_ekf, 56901741.311,         1,   2.8e-07,   2.5e-09,      0.25,1.232385e-06, 0.2500001,1.650113e-06,         0, 0.4942392,0.001424789,  13.07998, 0.4942392,1.232386e-06, 0.4942392,1.232385e-06,  13.07856, 0.3347397,
pro_20220917, 2022-09-19T09:32:08,  56901741.311, 0.100,   0,  0,  0,  7,  25.0,13.080,     0.000,     0.000,13.07856,    13.80000,0.00000,13.07998,13.07856,   0.001425, 0.49994,0.49424,0.49424,
unit_sim,  56901741.411, 0, 25.00000,25.00000, 13.80000,13.07998,0.00000,13.07998,   0.000,  0.000,  0.000,  0,  -180022.3,   0.49994, 0, 
unit_ekf, 56901741.411,         1,   2.8e-07,   2.5e-09,      0.25,1.234885e-06, 0.2500001,1.65346e-06,         0, 0.4942392,0.001424789,  13.07998, 0.4942392,1.234885e-06, 0.4942392,1.234885e-06,  13.07856, 0.3347397,
pro_20220917, 2022-09-19T09:32:08,  56901741.411, 0.100,   0,  0,  0,  7,  25.0,13.080,     0.000,     0.000,13.07856,    13.80000,0.00000,13.07998,13.07856,   0.001425, 0.49994,0.49424,0.49424,
unit_sim,  56901741.511, 0, 25.00000,25.00000, 13.80000,13.07998,0.00000,13.07998,   0.000,  0.000,  0.000,  0,  -180022.3,   0.49994, 0, 
unit_ekf, 56901741.511,         1,   2.8e-07,   2.5e-09,      0.25,1.237384e-06, 0.2500001,1.656806e-06,         0, 0.4942392,0.001424789,  13.07998, 0.4942392,1.237385e-06, 0.4942392,1.237384e-06,  13.07856, 0.3347397,
pro_20220917, 2022-09-19T09:32:08,  56901741.511, 0.100,   0,  0,  0,  7,  25.0,13.080,     0.000,     0.000,13.07856,    13.80000,0.00000,13.07998,13.07856,   0.001425, 0.49994,0.49424,0.49424,
unit_sim,  56901741.611, 0, 25.00000,25.00000, 13.80000,13.07998,0.00000,13.07998,   0.000,  0.000,  0.000,  0,  -180022.3,   0.49994, 0, 
unit_ekf, 56901741.611,         1,   2.8e-07,   2.5e-09,      0.25,1.239883e-06, 0.2500001,1.660153e-06,         0, 0.4942392,0.001424789,  13.07998, 0.4942392,1.239884e-06, 0.4942392,1.239883e-06,  13.07856, 0.3347397,
pro_20220917, 2022-09-19T09:32:08,  56901741.611, 0.100,   0,  0,  0,  7,  25.0,13.080,     0.000,     0.000,13.07856,    13.80000,0.00000,13.07998,13.07856,   0.001425, 0.49994,0.49424,0.49424,
unit_sim,  56901741.711, 0, 25.00000,25.00000, 13.80000,13.07998,0.00000,13.07998,   0.000,  0.000,  0.000,  0,  -180022.3,   0.49994, 0, 
unit_ekf, 56901741.711,         1,   2.8e-07,   2.5e-09,      0.25,1.242383e-06, 0.2500001,1.663499e-06,         0, 0.4942392,0.001424789,  13.07998, 0.4942392,1.242383e-06, 0.4942392,1.242383e-06,  13.07856, 0.3347397,
pro_20220917, 2022-09-19T09:32:08,  56901741.711, 0.100,   0,  0,  0,  7,  25.0,13.080,     0.000,     0.000,13.07856,    13.80000,0.00000,13.07998,13.07856,   0.001425, 0.49994,0.49424,0.49424,
unit_sim,  56901741.811, 0, 25.00000,25.00000, 13.80000,13.07998,0.00000,13.07998,   0.000,  0.000,  0.000,  0,  -180022.3,   0.49994, 0, 
unit_ekf, 56901741.811,         1,   2.8e-07,   2.5e-09,      0.25,1.244882e-06, 0.2500001,1.666845e-06,         0, 0.4942392,0.001424789,  13.07998, 0.4942392,1.244883e-06, 0.4942392,1.244882e-06,  13.07856, 0.3347397,
pro_20220917, 2022-09-19T09:32:08,  56901741.811, 0.100,   0,  0,  0,  7,  25.0,13.080,     0.000,     0.000,13.07856,    13.80000,0.00000,13.07998,13.07856,   0.001425, 0.49994,0.49424,0.49424,
unit_sim,  56901741.911, 0, 25.00000,25.00000, 13.80000,13.07998,0.00000,13.07998,   0.000,  0.000,  0.000,  0,  -180022.3,   0.49994, 0, 
unit_ekf, 56901741.911,         1,   2.8e-07,   2.5e-09,      0.25,1.247381e-06, 0.2500001,1.670192e-06,         0, 0.4942392,0.001424789,  13.07998, 0.4942392,1.247382e-06, 0.4942392,1.247381e-06,  13.07856, 0.3347397,
pro_20220917, 2022-09-19T09:32:08,  56901741.911, 0.100,   0,  0,  0,  7,  25.0,13.080,     0.000,     0.000,13.07856,    13.80000,0.00000,13.07998,13.07856,   0.001425, 0.49994,0.49424,0.49424,
unit_sim,  56901742.011, 0, 25.00000,25.00000, 13.80000,13.07998,0.00000,13.07998,   0.000,  0.000,  0.000,  0,  -180022.3,   0.49994, 0, 
unit_ekf, 56901742.011,         1,   2.8e-07,   2.5e-09,      0.25,1.24988e-06, 0.2500001,1.673538e-06,         0, 0.4942392,0.001424789,  13.07998, 0.4942392,1.249881e-06, 0.4942392,1.24988e-06,  13.07856, 0.3347397,
pro_20220917, 2022-09-19T09:32:08,  56901742.011, 0.100,   0,  0,  0,  7,  25.0,13.080,     0.000,     0.000,13.07856,    13.80000,0.00000,13.07998,13.07856,   0.001425, 0.49994,0.49424,0.49424,
unit_sim,  56901742.111, 0, 25.00000,25.00000, 13.80000,13.07998,0.00000,13.07998,   0.000,  0.000,  0.000,  0,  -180022.3,   0.49994, 0, 
unit_ekf, 56901742.111,         1,   2.8e-07,   2.5e-09,      0.25,1.25238e-06, 0.2500001,1.676885e-06,         0, 0.4942392,0.001424789,  13.07998, 0.4942392,1.25238e-06, 0.4942392,1.25238e-06,  13.07856, 0.3347397,
pro_20220917, 2022-09-19T09:32:08,  56901742.111, 0.100,   0,  0,  0,  7,  25.0,13.080,     0.000,     0.000,13.07856,    13.80000,0.00000,13.07998,13.07856,   0.001425, 0.49994,0.49424,0.49424,
unit_sim,  56901742.211, 0, 25.00000,25.00000, 13.80000,13.07998,0.00000,13.07998,   0.000,  0.000,  0.000,  0,  -180022.3,   0.49994, 0, 
unit_ekf, 56901742.211,         1,   2.8e-07,   2.5e-09,      0.25,1.254879e-06, 0.2500001,1.680231e-06,         0, 0.4942392,0.001424789,  13.07998, 0.4942392,1.25488e-06, 0.4942392,1.254879e-06,  13.07856, 0.3347397,
pro_20220917, 2022-09-19T09:32:10,  56901742.211, 0.100,   0,  0,  0,  7,  25.0,13.080,     0.000,     0.000,13.07856,    13.80000,0.00000,13.07998,13.07856,   0.001425, 0.49994,0.49424,0.49424,
unit_sim,  56901742.311, 0, 25.00000,25.00000, 13.80000,13.07998,0.00000,13.07998,   0.000,  0.000,  0.000,  0,  -180022.3,   0.49994, 0, 
unit_ekf, 56901742.311,         1,   2.8e-07,   2.5e-09,      0.25,1.257378e-06, 0.2500001,1.683578e-06,         0, 0.4942392,0.001424789,  13.07998, 0.4942392,1.257379e-06, 0.4942392,1.257378e-06,  13.07856, 0.3347397,
pro_20220917, 2022-09-19T09:32:10,  56901742.311, 0.100,   0,  0,  0,  7,  25.0,13.080,     0.000,     0.000,13.07856,    13.80000,0.00000,13.07998,13.07856,   0.001425, 0.49994,0.49424,0.49424,
unit_sim,  56901742.411, 0, 25.00000,25.00000, 13.80000,13.07998,0.00000,13.07998,   0.000,  0.000,  0.000,  0,  -180022.3,   0.49994, 0, 
unit_ekf, 56901742.411,         1,   2.8e-07,   2.5e-09,      0.25,1.259878e-06, 0.2500001,1.686924e-06,         0, 0.4942392,0.001424789,  13.07998, 0.4942392,1.259878e-06, 0.4942392,1.259878e-06,  13.07856, 0.3347397,
pro_20220917, 2022-09-19T09:32:10,  56901742.411, 0.100,   0,  0,  0,  7,  25.0,13.080,     0.000,     0.000,13.07856,    13.80000,0.00000,13.07998,13.07856,   0.001425, 0.49994,0.49424,0.49424,
unit_sim,  56901742.511, 0, 25.00000,25.00000, 13.80000,13.07998,0.00000,13.07998,   0.000,  0.000,  0.000,  0,  -180022.3,   0.49994, 0, 
unit_ekf, 56901742.511,         1,   2.8e-07,   2.5e-09,      0.25,1.262377e-06, 0.2500001,1.690271e-06,         0, 0.4942392,0.001424789,  13.07998, 0.4942392,1.262378e-06, 0.4942392,1.262377e-06,  13.07856, 0.3347397,
pro_20220917, 2022-09-19T09:32:10,  56901742.511, 0.100,   0,  0,  0,  7,  25.0,13.080,     0.000,     0.000,13.07856,    13.80000,0.00000,13.07998,13.07856,   0.001425, 0.49994,0.49424,0.49424,
unit_sim,  56901742.611, 0, 25.00000,25.00000, 13.80000,13.07998,0.00000,13.07998,   0.000,  0.000,  0.000,  0,  -180022.3,   0.49994, 0, 
unit_ekf, 56901742.611,         1,   2.8e-07,   2.5e-09,      0.25,1.264876e-06, 0.2500001,1.693617e-06,         0, 0.4942392,0.001424789,  13.07998, 0.4942392,1.264877e-06, 0.4942392,1.264876e-06,  13.07856, 0.3347397,
pro_20220917, 2022-09-19T09:32:10,  56901742.611, 0.100,   0,  0,  0,  7,  25.0,13.080,     0.000,     0.000,13.07856,    13.80000,0.00000,13.07998,13.07856,   0.001425, 0.49994,0.49424,0.49424,
unit_sim,  56901742.711, 0, 25.00000,25.00000, 13.80000,13.07998,0.00000,13.07998,   0.000,  0.000,  0.000,  0,  -180022.3,   0.49994, 0, 
unit_ekf, 56901742.711,         1,   2.8e-07,   2.5e-09,      0.25,1.267375e-06, 0.2500001,1.696963e-06,         0, 0.4942392,0.001424789,  13.07998, 0.4942392,1.267376e-06, 0.4942392,1.267375e-06,  13.07856, 0.3347397,
pro_20220917, 2022-09-19T09:32:10,  56901742.711, 0.100,   0,  0,  0,  7,  25.0,13.080,     0.000,     0.000,13.07856,    13.80000,0.00000,13.07998,13.07856,   0.001425, 0.49994,0.49424,0.49424,
unit_sim,  56901742.811, 0, 25.00000,25.00000, 13.80000,13.07998,0.00000,13.07998,   0.000,  0.000,  0.000,  0,  -180022.3,   0.49994, 0, 
unit_ekf, 56901742.811,         1,   2.8e-07,   2.5e-09,      0.25,1.269875e-06, 0.2500001,1.70031e-06,         0, 0.4942392,0.001424789,  13.07998, 0.4942392,1.269875e-06, 0.4942392,1.269875e-06,  13.07856, 0.3347397,
pro_20220917, 2022-09-19T09:32:10,  56901742.811, 0.100,   0,  0,  0,  7,  25.0,13.080,     0.000,     0.000,13.07856,    13.80000,0.00000,13.07998,13.07856,   0.001425, 0.49994,0.49424,0.49424,
unit_sim,  56901742.911, 0, 25.00000,25.00000, 13.80000,13.07998,0.00000,13.07998,   0.000,  0.000,  0.000,  0,  -180022.3,   0.49994, 0, 
unit_ekf, 56901742.911,         1,   2.8e-07,   2.5e-09,      0.25,1.272374e-06, 0.2500001,1.703656e-06,         0, 0.4942392,0.001424789,  13.07998, 0.4942392,1.272375e-06, 0.4942392,1.272374e-06,  13.07856, 0.3347397,
pro_20220917, 2022-09-19T09:32:10,  56901742.911, 0.100,   0,  0,  0,  7,  25.0,13.080,     0.000,     0.000,13.07856,    13.80000,0.00000,13.07998,13.07856,   0.001425, 0.49994,0.49424,0.49424,
unit_sim,  56901743.011, 0, 25.00000,25.00000, 13.80000,13.07998,0.00000,13.07998,   0.000,  0.000,  0.000,  0,  -180022.3,   0.49994, 0, 
unit_ekf, 56901743.011,         1,   2.8e-07,   2.5e-09,      0.25,1.274873e-06, 0.2500001,1.707003e-06,         0, 0.4942392,0.001424789,  13.07998, 0.4942392,1.274874e-06, 0.4942392,1.274873e-06,  13.07856, 0.3347397,
pro_20220917, 2022-09-19T09:32:10,  56901743.011, 0.100,   0,  0,  0,  7,  25.0,13.080,     0.000,     0.000,13.07856,    13.80000,0.00000,13.07998,13.07856,   0.001425, 0.49994,0.49424,0.49424,
unit_sim,  56901743.111, 0, 25.00000,25.00000, 13.80000,13.07998,0.00000,13.07998,   0.000,  0.000,  0.000,  0,  -180022.3,   0.49994, 0, 
unit_ekf, 56901743.111,         1,   2.8e-07,   2.5e-09,      0.25,1.277372e-06, 0.2500001,1.710349e-06,         0, 0.4942392,0.001424789,  13.07998, 0.4942392,1.277373e-06, 0.4942392,1.277372e-06,  13.07856, 0.3347397,
pro_20220917, 2022-09-19T09:32:10,  56901743.111, 0.100,   0,  0,  0,  7,  25.0,13.080,     0.000,     0.000,13.07856,    13.80000,0.00000,13.07998,13.07856,   0.001425, 0.49994,0.49424,0.49424,
unit_sim,  56901743.211, 0, 25.00000,25.00000, 13.80000,13.07998,0.00000,13.07998,   0.000,  0.000,  0.000,  0,  -180022.3,   0.49994, 0, 
unit_ekf, 56901743.211,         1,   2.8e-07,   2.5e-09,      0.25,1.279872e-06, 0.2500001,1.713695e-06,         0, 0.4942392,0.001424789,  13.07998, 0.4942392,1.279872e-06, 0.4942392,1.279872e-06,  13.07856, 0.3347397,
pro_20220917, 2022-09-19T09:32:10,  56901743.211, 0.100,   0,  0,  0,  7,  25.0,13.080,     0.000,     0.000,13.07856,    13.80000,0.00000,13.07998,13.07856,   0.001425, 0.49994,0.49424,0.49424,
unit_sim,  56901743.311, 0, 25.00000,25.00000, 13.80000,13.07998,0.00000,13.07998,   0.000,  0.000,  0.000,  0,  -180022.3,   0.49994, 0, 
unit_ekf, 56901743.311,         1,   2.8e-07,   2.5e-09,      0.25,1.282371e-06, 0.2500001,1.717042e-06,         0, 0.4942392,0.001424789,  13.07998, 0.4942392,1.282372e-06, 0.4942392,1.282371e-06,  13.07856, 0.3347397,
pro_20220917, 2022-09-19T09:32:10,  56901743.311, 0.100,   0,  0,  0,  7,  25.0,13.080,     0.000,     0.000,13.07856,    13.80000,0.00000,13.07998,13.07856,   0.001425, 0.49994,0.49424,0.49424,
unit_sim,  56901743.411, 0, 25.00000,25.00000, 13.80000,13.07998,0.00000,13.07998,   0.000,  0.000,  0.000,  0,  -180022.3,   0.49994, 0, 
unit_ekf, 56901743.411,         1,   2.8e-07,   2.5e-09,      0.25,1.28487e-06, 0.2500001,1.720388e-06,         0, 0.4942392,0.001424789,  13.07998, 0.4942392,1.284871e-06, 0.4942392,1.28487e-06,  13.07856, 0.3347397,
pro_20220917, 2022-09-19T09:32:10,  56901743.411, 0.100,   0,  0,  0,  7,  25.0,13.080,     0.000,     0.000,13.07856,    13.80000,0.00000,13.07998,13.07856,   0.001425, 0.49994,0.49424,0.49424,
unit_sim,  56901743.511, 0, 25.00000,25.00000, 13.80000,13.07998,0.00000,13.07998,   0.000,  0.000,  0.000,  0,  -180022.3,   0.49994, 0, 
unit_ekf, 56901743.511,         1,   2.8e-07,   2.5e-09,      0.25,1.287369e-06, 0.2500001,1.723735e-06,         0, 0.4942392,0.001424789,  13.07998, 0.4942392,1.28737e-06, 0.4942392,1.287369e-06,  13.07856, 0.3347397,
pro_20220917, 2022-09-19T09:32:10,  56901743.511, 0.100,   0,  0,  0,  7,  25.0,13.080,     0.000,     0.000,13.07856,    13.80000,0.00000,13.07998,13.07856,   0.001425, 0.49994,0.49424,0.49424,
unit_sim,  56901743.611, 0, 25.00000,25.00000, 13.80000,13.07998,0.00000,13.07998,   0.000,  0.000,  0.000,  0,  -180022.3,   0.49994, 0, 
unit_ekf, 56901743.611,         1,   2.8e-07,   2.5e-09,      0.25,1.289869e-06, 0.2500001,1.727081e-06,         0, 0.4942392,0.001424789,  13.07998, 0.4942392,1.289869e-06, 0.4942392,1.289869e-06,  13.07856, 0.3347397,
pro_20220917, 2022-09-19T09:32:10,  56901743.611, 0.100,   0,  0,  0,  7,  25.0,13.080,     0.000,     0.000,13.07856,    13.80000,0.00000,13.07998,13.07856,   0.001425, 0.49994,0.49424,0.49424,
unit_sim,  56901743.711, 0, 25.00000,25.00000, 13.80000,13.07998,0.00000,13.07998,   0.000,  0.000,  0.000,  0,  -180022.3,   0.49994, 0, 
unit_ekf, 56901743.711,         1,   2.8e-07,   2.5e-09,      0.25,1.292368e-06, 0.2500001,1.730427e-06,         0, 0.4942392,0.001424789,  13.07998, 0.4942392,1.292369e-06, 0.4942392,1.292368e-06,  13.07856, 0.3347397,
pro_20220917, 2022-09-19T09:32:10,  56901743.711, 0.100,   0,  0,  0,  7,  25.0,13.080,     0.000,     0.000,13.07856,    13.80000,0.00000,13.07998,13.07856,   0.001425, 0.49994,0.49424,0.49424,
unit_sim,  56901743.812, 0, 25.00000,25.00000, 13.80000,13.07998,0.00000,13.07998,   0.000,  0.000,  0.000,  0,  -180022.3,   0.49994, 0, 
unit_ekf, 56901743.812,         1,   2.8e-07,   2.5e-09,      0.25,1.294867e-06, 0.2500001,1.733774e-06,         0, 0.4942392,0.001424789,  13.07998, 0.4942392,1.294868e-06, 0.4942392,1.294867e-06,  13.07856, 0.3347397,
pro_20220917, 2022-09-19T09:32:10,  56901743.812, 0.100,   0,  0,  0,  7,  25.0,13.080,     0.000,     0.000,13.07856,    13.80000,0.00000,13.07998,13.07856,   0.001425, 0.49994,0.49424,0.49424,
unit_sim,  56901743.911, 0, 25.00000,25.00000, 13.80000,13.07998,0.00000,13.07998,   0.000,  0.000,  0.000,  0,  -180022.3,   0.49994, 0, 
unit_ekf, 56901743.911,         1,   2.8e-07,   2.5e-09,      0.25,1.297366e-06, 0.2500001,1.73712e-06,         0, 0.4942392,0.001424789,  13.07998, 0.4942392,1.297367e-06, 0.4942392,1.297366e-06,  13.07856, 0.3347397,
pro_20220917, 2022-09-19T09:32:10,  56901743.911, 0.100,   0,  0,  0,  7,  25.0,13.080,     0.000,     0.000,13.07856,    13.80000,0.00000,13.07998,13.07856,   0.001425, 0.49994,0.49424,0.49424,
unit_sim,  56901744.011, 0, 25.00000,25.00000, 13.80000,13.07998,0.00000,13.07998,   0.000,  0.000,  0.000,  0,  -180022.3,   0.49994, 0, 
unit_ekf, 56901744.011,         1,   2.8e-07,   2.5e-09,      0.25,1.299866e-06, 0.2500001,1.740466e-06,         0, 0.4942392,0.001424789,  13.07998, 0.4942392,1.299866e-06, 0.4942392,1.299866e-06,  13.07856, 0.3347397,
pro_20220917, 2022-09-19T09:32:10,  56901744.011, 0.100,   0,  0,  0,  7,  25.0,13.080,     0.000,     0.000,13.07856,    13.80000,0.00000,13.07998,13.07856,   0.001425, 0.49994,0.49424,0.49424,
unit_sim,  56901744.111, 0, 25.00000,25.00000, 13.80000,13.07998,0.00000,13.07998,   0.000,  0.000,  0.000,  0,  -180022.3,   0.49994, 0, 
unit_ekf, 56901744.111,         1,   2.8e-07,   2.5e-09,      0.25,1.302365e-06, 0.2500001,1.743813e-06,         0, 0.4942392,0.001424789,  13.07998, 0.4942392,1.302366e-06, 0.4942392,1.302365e-06,  13.07856, 0.3347397,
pro_20220917, 2022-09-19T09:32:10,  56901744.111, 0.100,   0,  0,  0,  7,  25.0,13.080,     0.000,     0.000,13.07856,    13.80000,0.00000,13.07998,13.07856,   0.001425, 0.49994,0.49424,0.49424,
unit_sim,  56901744.211, 0, 25.00000,25.00000, 13.80000,13.07998,0.00000,13.07998,   0.000,  0.000,  0.000,  0,  -180022.3,   0.49994, 0, 
unit_ekf, 56901744.211,         1,   2.8e-07,   2.5e-09,      0.25,1.304864e-06, 0.2500001,1.747159e-06,         0, 0.4942392,0.001424789,  13.07998, 0.4942392,1.304865e-06, 0.4942392,1.304864e-06,  13.07856, 0.3347397,
pro_20220917, 2022-09-19T09:32:12,  56901744.211, 0.100,   0,  0,  0,  7,  25.0,13.080,     0.000,     0.000,13.07856,    13.80000,0.00000,13.07998,13.07856,   0.001425, 0.49994,0.49424,0.49424,
unit_sim,  56901744.311, 0, 25.00000,25.00000, 13.80000,13.07998,0.00000,13.07998,   0.000,  0.000,  0.000,  0,  -180022.3,   0.49994, 0, 
unit_ekf, 56901744.311,         1,   2.8e-07,   2.5e-09,      0.25,1.307363e-06, 0.2500001,1.750506e-06,         0, 0.4942392,0.001424789,  13.07998, 0.4942392,1.307364e-06, 0.4942392,1.307363e-06,  13.07856, 0.3347397,
pro_20220917, 2022-09-19T09:32:12,  56901744.311, 0.100,   0,  0,  0,  7,  25.0,13.080,     0.000,     0.000,13.07856,    13.80000,0.00000,13.07998,13.07856,   0.001425, 0.49994,0.49424,0.49424,
unit_sim,  56901744.411, 0, 25.00000,25.00000, 13.80000,13.07998,0.00000,13.07998,   0.000,  0.000,  0.000,  0,  -180022.3,   0.49994, 0, 
unit_ekf, 56901744.411,         1,   2.8e-07,   2.5e-09,      0.25,1.309863e-06, 0.2500001,1.753852e-06,         0, 0.4942392,0.001424789,  13.07998, 0.4942392,1.309863e-06, 0.4942392,1.309863e-06,  13.07856, 0.3347397,
pro_20220917, 2022-09-19T09:32:12,  56901744.411, 0.100,   0,  0,  0,  7,  25.0,13.080,     0.000,     0.000,13.07856,    13.80000,0.00000,13.07998,13.07856,   0.001425, 0.49994,0.49424,0.49424,
unit_sim,  56901744.511, 0, 25.00000,25.00000, 13.80000,13.07998,0.00000,13.07998,   0.000,  0.000,  0.000,  0,  -180022.3,   0.49994, 0, 
unit_ekf, 56901744.511,         1,   2.8e-07,   2.5e-09,      0.25,1.312362e-06, 0.2500001,1.757198e-06,         0, 0.4942392,0.001424789,  13.07998, 0.4942392,1.312363e-06, 0.4942392,1.312362e-06,  13.07856, 0.3347397,
pro_20220917, 2022-09-19T09:32:12,  56901744.511, 0.100,   0,  0,  0,  7,  25.0,13.080,     0.000,     0.000,13.07856,    13.80000,0.00000,13.07998,13.07856,   0.001425, 0.49994,0.49424,0.49424,
unit_sim,  56901744.611, 0, 25.00000,25.00000, 13.80000,13.07998,0.00000,13.07998,   0.000,  0.000,  0.000,  0,  -180022.3,   0.49994, 0, 
unit_ekf, 56901744.611,         1,   2.8e-07,   2.5e-09,      0.25,1.314861e-06, 0.2500001,1.760545e-06,         0, 0.4942392,0.001424789,  13.07998, 0.4942392,1.314862e-06, 0.4942392,1.314861e-06,  13.07856, 0.3347397,
pro_20220917, 2022-09-19T09:32:12,  56901744.611, 0.100,   0,  0,  0,  7,  25.0,13.080,     0.000,     0.000,13.07856,    13.80000,0.00000,13.07998,13.07856,   0.001425, 0.49994,0.49424,0.49424,
unit_sim,  56901744.711, 0, 25.00000,25.00000, 13.80000,13.07998,0.00000,13.07998,   0.000,  0.000,  0.000,  0,  -180022.3,   0.49994, 0, 
unit_ekf, 56901744.711,         1,   2.8e-07,   2.5e-09,      0.25,1.31736e-06, 0.2500001,1.763891e-06,         0, 0.4942392,0.001424789,  13.07998, 0.4942392,1.317361e-06, 0.4942392,1.31736e-06,  13.07856, 0.3347397,
pro_20220917, 2022-09-19T09:32:12,  56901744.711, 0.100,   0,  0,  0,  7,  25.0,13.080,     0.000,     0.000,13.07856,    13.80000,0.00000,13.07998,13.07856,   0.001425, 0.49994,0.49424,0.49424,
unit_sim,  56901744.811, 0, 25.00000,25.00000, 13.80000,13.07998,0.00000,13.07998,   0.000,  0.000,  0.000,  0,  -180022.3,   0.49994, 0, 
unit_ekf, 56901744.811,         1,   2.8e-07,   2.5e-09,      0.25,1.319859e-06, 0.2500001,1.767237e-06,         0, 0.4942392,0.001424789,  13.07998, 0.4942392,1.31986e-06, 0.4942392,1.319859e-06,  13.07856, 0.3347397,
pro_20220917, 2022-09-19T09:32:12,  56901744.811, 0.100,   0,  0,  0,  7,  25.0,13.080,     0.000,     0.000,13.07856,    13.80000,0.00000,13.07998,13.07856,   0.001425, 0.49994,0.49424,0.49424,
unit_sim,  56901744.911, 0, 25.00000,25.00000, 13.80000,13.07998,0.00000,13.07998,   0.000,  0.000,  0.000,  0,  -180022.3,   0.49994, 0, 
unit_ekf, 56901744.911,         1,   2.8e-07,   2.5e-09,      0.25,1.322359e-06, 0.2500001,1.770584e-06,         0, 0.4942392,0.001424789,  13.07998, 0.4942392,1.322359e-06, 0.4942392,1.322359e-06,  13.07856, 0.3347397,
pro_20220917, 2022-09-19T09:32:12,  56901744.911, 0.100,   0,  0,  0,  7,  25.0,13.080,     0.000,     0.000,13.07856,    13.80000,0.00000,13.07998,13.07856,   0.001425, 0.49994,0.49424,0.49424,
unit_sim,  56901745.011, 0, 25.00000,25.00000, 13.80000,13.07998,0.00000,13.07998,   0.000,  0.000,  0.000,  0,  -180022.3,   0.49994, 0, 
unit_ekf, 56901745.011,         1,   2.8e-07,   2.5e-09,      0.25,1.324858e-06, 0.2500001,1.77393e-06,         0, 0.4942392,0.001424789,  13.07998, 0.4942392,1.324859e-06, 0.4942392,1.324858e-06,  13.07856, 0.3347397,
pro_20220917, 2022-09-19T09:32:12,  56901745.011, 0.100,   0,  0,  0,  7,  25.0,13.080,     0.000,     0.000,13.07856,    13.80000,0.00000,13.07998,13.07856,   0.001425, 0.49994,0.49424,0.49424,
unit_sim,  56901745.111, 0, 25.00000,25.00000, 13.80000,13.07998,0.00000,13.07998,   0.000,  0.000,  0.000,  0,  -180022.3,   0.49994, 0, 
unit_ekf, 56901745.111,         1,   2.8e-07,   2.5e-09,      0.25,1.327357e-06, 0.2500001,1.777276e-06,         0, 0.4942392,0.001424789,  13.07998, 0.4942392,1.327358e-06, 0.4942392,1.327357e-06,  13.07856, 0.3347397,
pro_20220917, 2022-09-19T09:32:12,  56901745.111, 0.100,   0,  0,  0,  7,  25.0,13.080,     0.000,     0.000,13.07856,    13.80000,0.00000,13.07998,13.07856,   0.001425, 0.49994,0.49424,0.49424,
unit_sim,  56901745.211, 0, 25.00000,25.00000, 13.80000,13.07998,0.00000,13.07998,   0.000,  0.000,  0.000,  0,  -180022.3,   0.49994, 0, 
unit_ekf, 56901745.211,         1,   2.8e-07,   2.5e-09,      0.25,1.329856e-06, 0.2500001,1.780623e-06,         0, 0.4942392,0.001424789,  13.07998, 0.4942392,1.329857e-06, 0.4942392,1.329856e-06,  13.07856, 0.3347397,
pro_20220917, 2022-09-19T09:32:12,  56901745.211, 0.100,   0,  0,  0,  7,  25.0,13.080,     0.000,     0.000,13.07856,    13.80000,0.00000,13.07998,13.07856,   0.001425, 0.49994,0.49424,0.49424,
unit_sim,  56901745.311, 0, 25.00000,25.00000, 13.80000,13.07998,0.00000,13.07998,   0.000,  0.000,  0.000,  0,  -180022.3,   0.49994, 0, 
unit_ekf, 56901745.311,         1,   2.8e-07,   2.5e-09,      0.25,1.332355e-06, 0.2500001,1.783969e-06,         0, 0.4942392,0.001424789,  13.07998, 0.4942392,1.332356e-06, 0.4942392,1.332355e-06,  13.07856, 0.3347397,
pro_20220917, 2022-09-19T09:32:12,  56901745.311, 0.100,   0,  0,  0,  7,  25.0,13.080,     0.000,     0.000,13.07856,    13.80000,0.00000,13.07998,13.07856,   0.001425, 0.49994,0.49424,0.49424,
unit_sim,  56901745.411, 0, 25.00000,25.00000, 13.80000,13.07998,0.00000,13.07998,   0.000,  0.000,  0.000,  0,  -180022.3,   0.49994, 0, 
unit_ekf, 56901745.411,         1,   2.8e-07,   2.5e-09,      0.25,1.334855e-06, 0.2500001,1.787315e-06,         0, 0.4942392,0.001424789,  13.07998, 0.4942392,1.334855e-06, 0.4942392,1.334855e-06,  13.07856, 0.3347397,
pro_20220917, 2022-09-19T09:32:12,  56901745.411, 0.100,   0,  0,  0,  7,  25.0,13.080,     0.000,     0.000,13.07856,    13.80000,0.00000,13.07998,13.07856,   0.001425, 0.49994,0.49424,0.49424,
unit_sim,  56901745.511, 0, 25.00000,25.00000, 13.80000,13.07998,0.00000,13.07998,   0.000,  0.000,  0.000,  0,  -180022.3,   0.49994, 0, 
unit_ekf, 56901745.511,         1,   2.8e-07,   2.5e-09,      0.25,1.337354e-06, 0.2500001,1.790662e-06,         0, 0.4942392,0.001424789,  13.07998, 0.4942392,1.337355e-06, 0.4942392,1.337354e-06,  13.07856, 0.3347397,
pro_20220917, 2022-09-19T09:32:12,  56901745.511, 0.100,   0,  0,  0,  7,  25.0,13.080,     0.000,     0.000,13.07856,    13.80000,0.00000,13.07998,13.07856,   0.001425, 0.49994,0.49424,0.49424,
unit_sim,  56901745.611, 0, 25.00000,25.00000, 13.80000,13.07998,0.00000,13.07998,   0.000,  0.000,  0.000,  0,  -180022.3,   0.49994, 0, 
unit_ekf, 56901745.611,         1,   2.8e-07,   2.5e-09,      0.25,1.339853e-06, 0.2500002,1.794008e-06,         0, 0.4942392,0.001424789,  13.07998, 0.4942392,1.339854e-06, 0.4942392,1.339853e-06,  13.07856, 0.3347397,
pro_20220917, 2022-09-19T09:32:12,  56901745.611, 0.100,   0,  0,  0,  7,  25.0,13.080,     0.000,     0.000,13.07856,    13.80000,0.00000,13.07998,13.07856,   0.001425, 0.49994,0.49424,0.49424,
unit_sim,  56901745.711, 0, 25.00000,25.00000, 13.80000,13.07998,0.00000,13.07998,   0.000,  0.000,  0.000,  0,  -180022.3,   0.49994, 0, 
unit_ekf, 56901745.711,         1,   2.8e-07,   2.5e-09,      0.25,1.342352e-06, 0.2500002,1.797354e-06,         0, 0.4942392,0.001424789,  13.07998, 0.4942392,1.342353e-06, 0.4942392,1.342352e-06,  13.07856, 0.3347397,
pro_20220917, 2022-09-19T09:32:12,  56901745.711, 0.100,   0,  0,  0,  7,  25.0,13.080,     0.000,     0.000,13.07856,    13.80000,0.00000,13.07998,13.07856,   0.001425, 0.49994,0.49424,0.49424,
unit_sim,  56901745.811, 0, 25.00000,25.00000, 13.80000,13.07998,0.00000,13.07998,   0.000,  0.000,  0.000,  0,  -180022.3,   0.49994, 0, 
unit_ekf, 56901745.811,         1,   2.8e-07,   2.5e-09,      0.25,1.344851e-06, 0.2500002,1.8007e-06,         0, 0.4942392,0.001424789,  13.07998, 0.4942392,1.344852e-06, 0.4942392,1.344851e-06,  13.07856, 0.3347397,
pro_20220917, 2022-09-19T09:32:12,  56901745.811, 0.100,   0,  0,  0,  7,  25.0,13.080,     0.000,     0.000,13.07856,    13.80000,0.00000,13.07998,13.07856,   0.001425, 0.49994,0.49424,0.49424,
unit_sim,  56901745.911, 0, 25.00000,25.00000, 13.80000,13.07998,0.00000,13.07998,   0.000,  0.000,  0.000,  0,  -180022.3,   0.49994, 0, 
unit_ekf, 56901745.911,         1,   2.8e-07,   2.5e-09,      0.25,1.34735e-06, 0.2500002,1.804047e-06,         0, 0.4942392,0.001424789,  13.07998, 0.4942392,1.347351e-06, 0.4942392,1.34735e-06,  13.07856, 0.3347397,
pro_20220917, 2022-09-19T09:32:12,  56901745.911, 0.100,   0,  0,  0,  7,  25.0,13.080,     0.000,     0.000,13.07856,    13.80000,0.00000,13.07998,13.07856,   0.001425, 0.49994,0.49424,0.49424,
unit_sim,  56901746.011, 0, 25.00000,25.00000, 13.80000,13.07998,0.00000,13.07998,   0.000,  0.000,  0.000,  0,  -180022.3,   0.49994, 0, 
unit_ekf, 56901746.011,         1,   2.8e-07,   2.5e-09,      0.25,1.34985e-06, 0.2500002,1.807393e-06,         0, 0.4942392,0.001424789,  13.07998, 0.4942392,1.34985e-06, 0.4942392,1.34985e-06,  13.07856, 0.3347397,
pro_20220917, 2022-09-19T09:32:12,  56901746.011, 0.100,   0,  0,  0,  7,  25.0,13.080,     0.000,     0.000,13.07856,    13.80000,0.00000,13.07998,13.07856,   0.001425, 0.49994,0.49424,0.49424,
unit_sim,  56901746.111, 0, 25.00000,25.00000, 13.80000,13.07998,0.00000,13.07998,   0.000,  0.000,  0.000,  0,  -180022.3,   0.49994, 0, 
unit_ekf, 56901746.111,         1,   2.8e-07,   2.5e-09,      0.25,1.352349e-06, 0.2500002,1.810739e-06,         0, 0.4942392,0.001424789,  13.07998, 0.4942392,1.35235e-06, 0.4942392,1.352349e-06,  13.07856, 0.3347397,
pro_20220917, 2022-09-19T09:32:12,  56901746.111, 0.100,   0,  0,  0,  7,  25.0,13.080,     0.000,     0.000,13.07856,    13.80000,0.00000,13.07998,13.07856,   0.001425, 0.49994,0.49424,0.49424,
unit_sim,  56901746.211, 0, 25.00000,25.00000, 13.80000,13.07998,0.00000,13.07998,   0.000,  0.000,  0.000,  0,  -180022.3,   0.49994, 0, 
unit_ekf, 56901746.211,         1,   2.8e-07,   2.5e-09,      0.25,1.354848e-06, 0.2500002,1.814086e-06,         0, 0.4942392,0.001424789,  13.07998, 0.4942392,1.354849e-06, 0.4942392,1.354848e-06,  13.07856, 0.3347397,
pro_20220917, 2022-09-19T09:32:14,  56901746.211, 0.100,   0,  0,  0,  7,  25.0,13.080,     0.000,     0.000,13.07856,    13.80000,0.00000,13.07998,13.07856,   0.001425, 0.49994,0.49424,0.49424,
unit_sim,  56901746.311, 0, 25.00000,25.00000, 13.80000,13.07998,0.00000,13.07998,   0.000,  0.000,  0.000,  0,  -180022.3,   0.49994, 0, 
unit_ekf, 56901746.311,         1,   2.8e-07,   2.5e-09,      0.25,1.357347e-06, 0.2500002,1.817432e-06,         0, 0.4942392,0.001424789,  13.07998, 0.4942392,1.357348e-06, 0.4942392,1.357347e-06,  13.07856, 0.3347397,
pro_20220917, 2022-09-19T09:32:14,  56901746.311, 0.100,   0,  0,  0,  7,  25.0,13.080,     0.000,     0.000,13.07856,    13.80000,0.00000,13.07998,13.07856,   0.001425, 0.49994,0.49424,0.49424,
unit_sim,  56901746.411, 0, 25.00000,25.00000, 13.80000,13.07998,0.00000,13.07998,   0.000,  0.000,  0.000,  0,  -180022.3,   0.49994, 0, 
unit_ekf, 56901746.411,         1,   2.8e-07,   2.5e-09,      0.25,1.359846e-06, 0.2500002,1.820778e-06,         0, 0.4942392,0.001424789,  13.07998, 0.4942392,1.359847e-06, 0.4942392,1.359846e-06,  13.07856, 0.3347397,
pro_20220917, 2022-09-19T09:32:14,  56901746.411, 0.100,   0,  0,  0,  7,  25.0,13.080,     0.000,     0.000,13.07856,    13.80000,0.00000,13.07998,13.07856,   0.001425, 0.49994,0.49424,0.49424,
unit_sim,  56901746.511, 0, 25.00000,25.00000, 13.80000,13.07998,0.00000,13.07998,   0.000,  0.000,  0.000,  0,  -180022.3,   0.49994, 0, 
unit_ekf, 56901746.511,         1,   2.8e-07,   2.5e-09,      0.25,1.362345e-06, 0.2500002,1.824124e-06,         0, 0.4942392,0.001424789,  13.07998, 0.4942392,1.362346e-06, 0.4942392,1.362345e-06,  13.07856, 0.3347397,
pro_20220917, 2022-09-19T09:32:14,  56901746.511, 0.100,   0,  0,  0,  7,  25.0,13.080,     0.000,     0.000,13.07856,    13.80000,0.00000,13.07998,13.07856,   0.001425, 0.49994,0.49424,0.49424,
unit_sim,  56901746.611, 0, 25.00000,25.00000, 13.80000,13.07998,0.00000,13.07998,   0.000,  0.000,  0.000,  0,  -180022.3,   0.49994, 0, 
unit_ekf, 56901746.611,         1,   2.8e-07,   2.5e-09,      0.25,1.364845e-06, 0.2500002,1.827471e-06,         0, 0.4942392,0.001424789,  13.07998, 0.4942392,1.364845e-06, 0.4942392,1.364845e-06,  13.07856, 0.3347397,
pro_20220917, 2022-09-19T09:32:14,  56901746.611, 0.100,   0,  0,  0,  7,  25.0,13.080,     0.000,     0.000,13.07856,    13.80000,0.00000,13.07998,13.07856,   0.001425, 0.49994,0.49424,0.49424,
unit_sim,  56901746.711, 0, 25.00000,25.00000, 13.80000,13.07998,0.00000,13.07998,   0.000,  0.000,  0.000,  0,  -180022.3,   0.49994, 0, 
unit_ekf, 56901746.711,         1,   2.8e-07,   2.5e-09,      0.25,1.367344e-06, 0.2500002,1.830817e-06,         0, 0.4942392,0.001424789,  13.07998, 0.4942392,1.367345e-06, 0.4942392,1.367344e-06,  13.07856, 0.3347397,
pro_20220917, 2022-09-19T09:32:14,  56901746.711, 0.100,   0,  0,  0,  7,  25.0,13.080,     0.000,     0.000,13.07856,    13.80000,0.00000,13.07998,13.07856,   0.001425, 0.49994,0.49424,0.49424,
unit_sim,  56901746.811, 0, 25.00000,25.00000, 13.80000,13.07998,0.00000,13.07998,   0.000,  0.000,  0.000,  0,  -180022.3,   0.49994, 0, 
unit_ekf, 56901746.811,         1,   2.8e-07,   2.5e-09,      0.25,1.369843e-06, 0.2500002,1.834163e-06,         0, 0.4942392,0.001424789,  13.07998, 0.4942392,1.369844e-06, 0.4942392,1.369843e-06,  13.07856, 0.3347397,
pro_20220917, 2022-09-19T09:32:14,  56901746.811, 0.100,   0,  0,  0,  7,  25.0,13.080,     0.000,     0.000,13.07856,    13.80000,0.00000,13.07998,13.07856,   0.001425, 0.49994,0.49424,0.49424,
unit_sim,  56901746.911, 0, 25.00000,25.00000, 13.80000,13.07998,0.00000,13.07998,   0.000,  0.000,  0.000,  0,  -180022.3,   0.49994, 0, 
unit_ekf, 56901746.911,         1,   2.8e-07,   2.5e-09,      0.25,1.372342e-06, 0.2500002,1.837509e-06,         0, 0.4942392,0.001424789,  13.07998, 0.4942392,1.372343e-06, 0.4942392,1.372342e-06,  13.07856, 0.3347397,
pro_20220917, 2022-09-19T09:32:14,  56901746.911, 0.100,   0,  0,  0,  7,  25.0,13.080,     0.000,     0.000,13.07856,    13.80000,0.00000,13.07998,13.07856,   0.001425, 0.49994,0.49424,0.49424,
unit_sim,  56901747.011, 0, 25.00000,25.00000, 13.80000,13.07998,0.00000,13.07998,   0.000,  0.000,  0.000,  0,  -180022.3,   0.49994, 0, 
unit_ekf, 56901747.011,         1,   2.8e-07,   2.5e-09,      0.25,1.374841e-06, 0.2500002,1.840856e-06,         0, 0.4942392,0.001424789,  13.07998, 0.4942392,1.374842e-06, 0.4942392,1.374841e-06,  13.07856, 0.3347397,
pro_20220917, 2022-09-19T09:32:14,  56901747.011, 0.100,   0,  0,  0,  7,  25.0,13.080,     0.000,     0.000,13.07856,    13.80000,0.00000,13.07998,13.07856,   0.001425, 0.49994,0.49424,0.49424,
unit_sim,  56901747.111, 0, 25.00000,25.00000, 13.80000,13.07998,0.00000,13.07998,   0.000,  0.000,  0.000,  0,  -180022.3,   0.49994, 0, 
unit_ekf, 56901747.111,         1,   2.8e-07,   2.5e-09,      0.25,1.37734e-06, 0.2500002,1.844202e-06,         0, 0.4942392,0.001424789,  13.07998, 0.4942392,1.377341e-06, 0.4942392,1.37734e-06,  13.07856, 0.3347397,
pro_20220917, 2022-09-19T09:32:14,  56901747.111, 0.100,   0,  0,  0,  7,  25.0,13.080,     0.000,     0.000,13.07856,    13.80000,0.00000,13.07998,13.07856,   0.001425, 0.49994,0.49424,0.49424,
echo:  v0, 4
unit_sim,  56901747.211, 0, 25.00000,25.00000, 13.80000,13.07998,0.00000,13.07998,   0.000,  0.000,  0.000,  0,  -180022.3,   0.49994, 0, 
unit_ekf, 56901747.211,         1,   2.8e-07,   2.5e-09,      0.25,1.379839e-06, 0.2500002,1.847548e-06,         0, 0.4942392,0.001424789,  13.07998, 0.4942392,1.37984e-06, 0.4942392,1.379839e-06,  13.07856, 0.3347397,
pro_20220917, 2022-09-19T09:32:14,  56901747.211, 0.100,   0,  0,  0,  7,  25.0,13.080,     0.000,     0.000,13.07856,    13.80000,0.00000,13.07998,13.07856,   0.001425, 0.49994,0.49424,0.49424,
echo:  v0, 0
