unit_f, 2022-11-25T08:13:07, 1669378387,   6.307,  13.163,  -0.403,  -0.525,   6.307,  13.163,  -0.403,  0.9283,  0.9381,  13.179,  13.180,   0.002, 0, 0,
unit_f, 2022-11-25T08:13:17, 1669378397,   6.307,  13.163,  -0.403,  -0.525,   6.307,  13.163,  -0.403,  0.9283,  0.9381,  13.179,  13.180,   0.002, 0, 0,
unit_f, 2022-11-25T08:13:27, 1669378407,   6.307,  13.163,  -0.403,  -0.525,   6.307,  13.163,  -0.403,  0.9283,  0.9381,  13.179,  13.180,   0.002, 0, 0,
unit_f, 2022-11-25T08:13:37, 1669378417,   6.307,  13.727,  34.195,  36.812,   6.307,  13.727,  34.195,  0.9289,  0.9414,  13.556,  13.551,  -0.319, 0, 0,
unit_f, 2022-11-25T08:13:47, 1669378427,   6.307,  13.787,  34.328,  36.635,   6.307,  13.787,  34.328,  0.9300,  0.9475,  13.575,  13.562,  -0.371, 0, 0,
unit_f, 2022-11-25T08:13:57, 1669378437,   6.307,  13.835,  34.128,  36.457,   6.307,  13.835,  34.128,  0.9311,  0.9542,  13.616,  13.593,  -0.391, 0, 0,
unit_f, 2022-11-25T08:14:07, 1669378447,   6.307,  13.891,  33.993,  36.635,   6.307,  13.891,  33.993,  0.9322,  0.9607,  13.642,  13.611,  -0.393, 0, 0,
unit_f, 2022-11-25T08:14:16, 1669378456,   6.307,  13.903,  34.060,  36.278,   6.307,  13.903,  34.060,  0.9331,  0.9674,  13.646,  13.607,  -0.406, 64, 192,
unit_f, 2022-11-25T08:14:26, 1669378466,   6.307,  13.921,  33.860,  36.278,   6.307,  13.921,  33.860,  0.9342,  0.9741,  13.613,  13.567,  -0.397, 64, 192,
fltb,  date,                time,    Tb_h, vb_h, ibah, ibnh, Tb, vb, ib, soc, soc_ekf, voc, voc_stat, e_w_f, fltw, falw,

unit_h, 2022-11-24T11:02:45, 1669302165,  15.000,  13.508,   6.688,  0.9929,  0.9884,  13.426,  13.605, 1,
unit_h, 2022-11-24T11:31:26, 1669303886,  15.000,  14.110,   6.957,  1.0000,  0.9983,  14.024,  14.224, 129,
unit_h, 2022-11-24T12:01:26, 1669305686,   8.187,  14.386,   0.330,  1.0000,  1.0000,  14.383,  14.582, 128,
unit_h, 2022-11-24T12:31:26, 1669307486,   8.687,  14.416,   0.130,  1.0000,  1.0000,  14.413,  14.613, 128,
unit_h, 2022-11-24T13:01:26, 1669309286,   9.187,  14.390,   0.263,  1.0000,  1.0000,  14.387,  14.588, 128,
unit_h, 2022-11-24T13:31:26, 1669311086,   9.625,  14.416,   0.197,  1.0000,  1.0000,  14.413,  14.613, 128,
unit_h, 2022-11-24T14:01:27, 1669312887,   9.937,  14.386,   0.263,  1.0000,  1.0000,  14.383,  14.583, 128,
unit_h, 2022-11-24T14:31:27, 1669314687,  10.250,  14.416,   0.197,  1.0000,  1.0000,  14.413,  14.613, 128,
unit_h, 2022-11-24T15:01:27, 1669316487,  10.437,  14.390,   0.197,  1.0000,  1.0000,  14.387,  14.588, 128,
unit_h, 2022-11-24T15:31:27, 1669318287,  10.562,  14.348,   0.063,  1.0000,  1.0000,  14.346,  14.546, 128,
unit_h, 2022-11-24T16:01:27, 1669320087,  10.557,  14.257,   0.063,  1.0000,  1.0000,  14.256,  14.456, 128,
unit_h, 2022-11-24T16:31:27, 1669321887,   9.995,  14.068,  -0.068,  0.9999,  0.9988,  14.068,  14.268, 128,
unit_h, 2022-11-24T17:01:27, 1669323687,   9.432,  13.869,  -0.137,  0.9999,  0.9978,  13.871,  14.071, 128,
unit_h, 2022-11-24T17:31:27, 1669325487,   8.870,  13.732,  -0.203,  0.9999,  0.9968,  13.733,  13.933, 128,
unit_h, 2022-11-24T18:01:27, 1669327287,   8.370,  13.589,  -0.137,  0.9999,  0.9950,  13.592,  13.592, 128,
unit_h, 2022-11-24T18:31:27, 1669329087,   7.807,  13.499,  -0.203,  0.9999,  0.9952,  13.502,  13.617, 0,
unit_h, 2022-11-24T19:01:28, 1669330888,   7.243,  13.443,  -0.203,  0.9999,  0.9932,  13.446,  13.447, 0,
unit_h, 2022-11-24T19:31:28, 1669332688,   6.807,  13.365,  -0.203,  0.9999,  0.9921,  13.367,  13.369, 0,
unit_h, 2022-11-24T20:01:28, 1669334488,   6.368,  13.344,  -0.203,  0.9999,  0.9914,  13.347,  13.348, 0,
unit_h, 2022-11-24T20:31:28, 1669336288,   6.057,  13.297,  -0.203,  0.9999,  0.9909,  13.299,  13.300, 0,
unit_h, 2022-11-24T21:01:28, 1669338088,   5.743,  13.241,  -0.203,  0.9998,  0.9905,  13.243,  13.244, 0,
unit_h, 2022-11-24T21:31:28, 1669339888,   5.368,  13.236,  -0.203,  0.9999,  0.9903,  13.238,  13.240, 0,
unit_h, 2022-11-24T22:01:28, 1669341688,   5.118,  13.206,  -0.203,  0.9998,  0.9861,  13.208,  13.210, 0,
unit_h, 2022-11-24T22:31:28, 1669343488,   4.807,  13.180,  -0.203,  0.9999,  0.9644,  13.182,  13.184, 0,
unit_h, 2022-11-24T23:01:28, 1669345288,   4.557,  13.189,  -0.203,  0.9999,  0.9464,  13.192,  13.193, 0,
unit_h, 2022-11-24T23:31:28, 1669347088,   5.625,  13.064,  -3.148,  0.9756,  0.8343,  13.102,  13.121, 0,
unit_h, 2022-11-25T00:01:28, 1669348888,   7.500,  13.184,  -0.203,  0.9521,  0.8302,  13.187,  13.188, 0,
unit_h, 2022-11-25T00:31:29, 1669350689,   7.618,  13.172,  -0.203,  0.9493,  0.8852,  13.174,  13.175, 0,
unit_h, 2022-11-25T01:01:29, 1669352489,   6.932,  13.193,  -0.203,  0.9546,  0.9337,  13.196,  13.197, 0,
unit_h, 2022-11-25T01:31:29, 1669354289,   6.243,  13.180,  -0.203,  0.9598,  0.9536,  13.182,  13.184, 0,
unit_h, 2022-11-25T02:01:29, 1669356089,   5.743,  13.202,  -0.203,  0.9636,  0.9596,  13.204,  13.205, 0,
unit_h, 2022-11-25T02:31:29, 1669357889,   5.307,  13.193,  -0.203,  0.9666,  0.9621,  13.196,  13.197, 0,
unit_h, 2022-11-25T03:01:29, 1669359689,   4.993,  13.189,  -0.203,  0.9684,  0.9614,  13.192,  13.193, 0,
unit_h, 2022-11-25T03:31:29, 1669361489,   4.743,  13.202,  -0.203,  0.9696,  0.9608,  13.204,  13.205, 0,
unit_h, 2022-11-25T04:01:29, 1669363289,   4.557,  13.189,  -0.203,  0.9702,  0.9594,  13.192,  13.193, 0,
unit_h, 2022-11-25T04:31:29, 1669365089,   5.625,  13.077,  -3.148,  0.9477,  0.8522,  13.116,  13.134, 0,
unit_h, 2022-11-25T05:01:29, 1669366889,   7.500,  13.163,  -0.203,  0.9247,  0.8314,  13.166,  13.167, 0,
unit_h, 2022-11-25T05:31:30, 1669368690,   7.743,  13.202,  -0.203,  0.9211,  0.8797,  13.204,  13.205, 0,
unit_h, 2022-11-25T06:01:30, 1669370490,   7.432,  13.172,  -0.203,  0.9227,  0.9146,  13.174,  13.175, 0,
unit_h, 2022-11-25T06:31:30, 1669372290,   6.993,  13.206,  -0.203,  0.9256,  0.9323,  13.208,  13.210, 0,
unit_h, 2022-11-25T07:01:30, 1669374090,   6.682,  13.172,  -0.203,  0.9273,  0.9388,  13.174,  13.175, 0,
unit_h, 2022-11-25T07:31:30, 1669375890,   6.432,  13.210,  -0.203,  0.9285,  0.9403,  13.213,  13.214, 0,
unit_h, 2022-11-25T08:01:30, 1669377690,   6.307,  13.176,  -0.137,  0.9286,  0.9396,  13.178,  13.179, 0,
hist,  date,                time,    Tb, Vb, Ib, soc, soc_ekf, Voc_dyn, Voc_stat, falw,


