unit_h, 2022-11-24T11:02:45, 1669302165,  15.000,  13.508,   6.688,  0.9929,  0.9884,  13.426,  13.605, 1,
unit_h, 2022-11-24T11:31:26, 1669303886,  15.000,  14.110,   6.957,  1.0000,  0.9983,  14.024,  14.224, 129,
unit_h, 2022-11-24T12:01:26, 1669305686,   8.187,  14.386,   0.330,  1.0000,  1.0000,  14.383,  14.582, 128,
unit_h, 2022-11-24T12:31:26, 1669307486,   8.687,  14.416,   0.130,  1.0000,  1.0000,  14.413,  14.613, 128,
unit_h, 2022-11-24T13:01:26, 1669309286,   9.187,  14.390,   0.263,  1.0000,  1.0000,  14.387,  14.588, 128,
unit_h, 2022-11-24T13:31:26, 1669311086,   9.625,  14.416,   0.197,  1.0000,  1.0000,  14.413,  14.613, 128,
unit_h, 2022-11-24T14:01:27, 1669312887,   9.937,  14.386,   0.263,  1.0000,  1.0000,  14.383,  14.583, 128,
unit_h, 2022-11-24T14:31:27, 1669314687,  10.250,  14.416,   0.197,  1.0000,  1.0000,  14.413,  14.613, 128,
unit_h, 2022-11-24T15:01:27, 1669316487,  10.437,  14.390,   0.197,  1.0000,  1.0000,  14.387,  14.588, 128,
unit_h, 2022-11-24T15:31:27, 1669318287,  10.562,  14.348,   0.063,  1.0000,  1.0000,  14.346,  14.546, 128,
unit_h, 2022-11-24T16:01:27, 1669320087,  10.557,  14.257,   0.063,  1.0000,  1.0000,  14.256,  14.456, 128,
unit_h, 2022-11-24T16:31:27, 1669321887,   9.995,  14.068,  -0.068,  0.9999,  0.9988,  14.068,  14.268, 128,
unit_h, 2022-11-24T17:01:27, 1669323687,   9.432,  13.869,  -0.137,  0.9999,  0.9978,  13.871,  14.071, 128,
unit_h, 2022-11-24T17:31:27, 1669325487,   8.870,  13.732,  -0.203,  0.9999,  0.9968,  13.733,  13.933, 128,
unit_h, 2022-11-24T18:01:27, 1669327287,   8.370,  13.589,  -0.137,  0.9999,  0.9950,  13.592,  13.592, 128,
hist,  date,                time,    Tb, Vb, Ib, soc, soc_ekf, Voc_dyn, Voc_stat, falw,

unit_f, 2022-11-24T15:27:39, 1669303659,   0.000,  13.727,   7.023,   7.475,  15.000,  13.727,   7.023,  0.8927,  0.9943,  13.627,  13.580,  -0.367, 1, 1,
unit_f, 2022-11-24T15:27:49, 1669303669,   0.000,  13.710,   7.023,   7.475,  15.000,  13.710,   7.023,  0.8929,  0.9943,  13.632,  13.584,  -0.374, 1025, 1,
unit_f, 2022-11-24T15:27:59, 1669303679,   0.000,  13.732,   7.023,   7.475,  15.000,  13.732,   7.023,  0.8931,  0.9944,  13.653,  13.606,  -0.382, 1, 1,
unit_f, 2022-11-24T15:28:09, 1669303689,   0.000,  13.766,   7.023,   7.475,  15.000,  13.766,   7.023,  0.8933,  0.9946,  13.667,  13.618,  -0.388, 1, 1,
unit_f, 2022-11-24T15:28:19, 1669303699,   0.000,  13.758,   7.023,   7.475,  15.000,  13.758,   7.023,  0.8935,  0.9945,  13.662,  13.614,  -0.394, 65, 1,
unit_f, 2022-11-24T15:28:26, 1669303706,   0.000,  13.766,   7.023,   7.475,  15.000,  13.766,   7.023,  0.8936,  0.9947,  13.679,  13.631,  -0.402, 65, 193,
unit_f, 2022-11-24T15:28:36, 1669303716,   0.000,  13.774,   7.023,   7.475,  15.000,  13.774,   7.023,  0.8938,  0.9947,  13.705,  13.657,  -0.412, 1089, 193,
fltb,  date,                time,    Tb_h, vb_h, ibah, ibnh, Tb, vb, ib, soc, soc_ekf, voc, Voc_stat, e_w_f, fltw, falw,
unit,               hm,                  cTime,       dt,       chm,sat,sel,mod,bmso, Tb,  Vb,  Ib,   Ib_charge, ioc,  voc_soc,    Vsat,dV_dyn,Voc_stat,Voc_ekf,     y_ekf,    soc_s,soc_ekf,soc,
unit_m,  c_time,       chm_s, bmso_s, Tb_s,Tbl_s,  vsat_s, voc_stat_s, dv_dyn_s, vb_s, ib_s, ib_in_s, ib_charge_s, ioc_s, sat_s, dq_s, soc_s, reset_s,
unit_s,c_time,res,user_sel,   cc_dif,  ibmh,ibnh,ibmm,ibnm,ibm,   ib_diff, ib_diff_f,    voc_soc,e_w,e_w_f,  ib_sel,Ib_h,Ib_s,mib,Ib, vb_sel,Vb_h,Vb_s,mvb,Vb,  Tb_h,Tb_s,mtb,Tb_f,   fltw, falw, ib_rate, ib_quiet, tb_sel, ccd_thr, ewh_thr, ewl_thr, ibd_thr, ibq_thr, preserving,
pro_20221028, 2022-11-22T10:23:56,  62558776.505, 0.159,   0,  0,  0,  7,  0, 25.0,11.000,     0.000,     0.000,     0.000,11.00000,    13.80000,0.00000,11.00000,11.00000,   0.000002, 0.05000,0.05000,0.05000,
echo: W5, 0
unit_sel, 62558776.664, 0, 0,  -0.0000000,  0.00000,0.00000,0.00000,0.00000,0.00000,  0.00000,0.00000,   11.00000,0.00000,0.00000,  1, 0.00000,0.00000, 1, 0.00000,  1, 13.50801,11.00000, 1, 11.00000,   0.00,25.00, 1, 25.00, 0, 0,   0.000,   0.000, 1,   0.800, 23.616,-23.616, 10.000,  0.005,0,
unit_sim,  62558776.664, 0, 0, 25.00000,25.00000, 13.80000,11.00000,0.00000,11.00000,   0.000,  0.000,  0.000,  0.000,  0,  -342000.0,   0.05000, 0, 
pro_20221028, 2022-11-22T10:23:56,  62558776.664, 0.103,   0,  0,  0,  7,  0, 25.0,11.000,     0.000,     0.000,     0.000,11.00000,    13.80000,0.00000,11.00000,11.00000,   0.000002, 0.05000,0.05000,0.05000,
echo: W, 0
..Wait.
unit_sel, 62558776.767, 0, 0,  -0.0000000,  0.00000,0.00000,0.00000,0.00000,0.00000,  0.00000,0.00000,   11.00000,0.00000,0.00000,  1, 0.00000,0.00000, 1, 0.00000,  1, 13.50371,11.00000, 1, 11.00000,   0.00,25.00, 1, 25.00, 0, 0,   0.000,   0.000, 1,   0.800, 23.616,-23.616, 10.000,  0.005,0,
unit_sim,  62558776.767, 0, 0, 25.00000,25.00000, 13.80000,11.00000,0.00000,11.00000,   0.000,  0.000,  0.000,  0.000,  0,  -342000.0,   0.05000, 0, 
pro_20221028, 2022-11-22T10:23:56,  62558776.767, 0.100,   0,  0,  0,  7,  0, 25.0,11.000,     0.000,     0.000,     0.000,11.00000,    13.80000,0.00000,11.00000,11.00000,   0.000002, 0.05000,0.05000,0.05000,
echo: W, 0
..Wait.
unit_sel, 62558776.867, 0, 0,  -0.0000000,  0.00000,0.00000,0.00000,0.00000,0.00000,  0.00000,0.00000,   11.00000,0.00000,0.00000,  1, 0.00000,0.00000, 1, 0.00000,  1, 13.51232,11.00000, 1, 11.00000,   0.00,25.00, 1, 25.00, 0, 0,   0.000,   0.000, 1,   0.800, 23.616,-23.616, 10.000,  0.005,0,
unit_sim,  62558776.867, 0, 0, 25.00000,25.00000, 13.80000,11.00000,0.00000,11.00000,   0.000,  0.000,  0.000,  0.000,  0,  -342000.0,   0.05000, 0, 
pro_20221028, 2022-11-22T10:23:56,  62558776.867, 0.100,   0,  0,  0,  7,  0, 25.0,11.000,     0.000,     0.000,     0.000,11.00000,    13.80000,0.00000,11.00000,11.00000,   0.000002, 0.05000,0.05000,0.05000,
echo: W, 0
..Wait.
unit_sel, 62558776.967, 0, 0,  -0.0000000,  0.00000,0.00000,0.00000,0.00000,0.00000,  0.00000,0.00000,   11.00000,0.00000,0.00000,  1, 0.00000,0.00000, 1, 0.00000,  1, 13.51663,11.00000, 1, 11.00000,   0.00,25.00, 1, 25.00, 0, 0,   0.000,   0.000, 1,   0.800, 23.616,-23.616, 10.000,  0.005,0,
unit_sim,  62558776.967, 0, 0, 25.00000,25.00000, 13.80000,11.00000,0.00000,11.00000,   0.000,  0.000,  0.000,  0.000,  0,  -342000.0,   0.05000, 0, 
pro_20221028, 2022-11-22T10:23:56,  62558776.967, 0.100,   0,  0,  0,  7,  0, 25.0,11.000,     0.000,     0.000,     0.000,11.00000,    13.80000,0.00000,11.00000,11.00000,   0.000002, 0.05000,0.05000,0.05000,
echo: W, 0
..Wait.
unit_sel, 62558777.067, 0, 0,  -0.0000000,  0.00000,0.00000,0.00000,0.00000,0.00000,  0.00000,0.00000,   11.00000,0.00000,0.00000,  1, 0.00000,0.00000, 1, 0.00000,  1, 13.51232,11.00000, 1, 11.00000,   0.00,25.00, 1, 25.00, 0, 0,   0.000,   0.000, 1,   0.800, 23.616,-23.616, 10.000,  0.005,0,
unit_sim,  62558777.067, 0, 0, 25.00000,25.00000, 13.80000,11.00000,0.00000,11.00000,   0.000,  0.000,  0.000,  0.000,  0,  -342000.0,   0.05000, 0, 
pro_20221028, 2022-11-22T10:23:56,  62558777.067, 0.100,   0,  0,  0,  7,  0, 25.0,11.000,     0.000,     0.000,     0.000,11.00000,    13.80000,0.00000,11.00000,11.00000,   0.000002, 0.05000,0.05000,0.05000,
echo: W, 0
..Wait.
unit_sel, 62558777.167, 0, 0,  -0.0000000,  0.00000,0.00000,0.00000,0.00000,0.00000,  0.00000,0.00000,   11.00000,0.00000,0.00000,  1, 0.00000,0.00000, 1, 0.00000,  1, 13.51232,11.00000, 1, 11.00000,   0.00,25.00, 1, 25.00, 0, 0,   0.000,   0.000, 1,   0.800, 23.616,-23.616, 10.000,  0.005,0,
unit_sim,  62558777.167, 0, 0, 25.00000,25.00000, 13.80000,11.00000,0.00000,11.00000,   0.000,  0.000,  0.000,  0.000,  0,  -342000.0,   0.05000, 0, 
pro_20221028, 2022-11-22T10:23:56,  62558777.167, 0.100,   0,  0,  0,  7,  0, 25.0,11.000,     0.000,     0.000,     0.000,11.00000,    13.80000,0.00000,11.00000,11.00000,   0.000002, 0.05000,0.05000,0.05000,
echo: XR, 0
**
*** RUN: at 950060,   2.000 cycles 960060 to 1460059 with 10000 wait and 10000 tail

unit_sel, 62558777.267, 0, 0,  -0.0000000,  0.00000,0.00000,0.00000,0.00000,0.00000,  0.00000,0.00000,   11.00000,0.00000,0.00000,  1, 0.00000,0.00000, 1, 0.00000,  1, 13.51232,11.00000, 1, 11.00000,   0.00,25.00, 1, 25.00, 0, 0,   0.000,   0.000, 1,   0.800, 23.616,-23.616, 10.000,  0.005,0,
unit_sim,  62558777.267, 0, 0, 25.00000,25.00000, 13.80000,11.00000,0.00000,11.00000,   0.000,  0.000,  0.000,  0.000,  0,  -342000.0,   0.05000, 0, 
pro_20221028, 2022-11-22T10:23:57,  62558777.267, 0.100,   0,  0,  0,  7,  0, 25.0,11.000,     0.000,     0.000,     0.000,11.00000,    13.80000,0.00000,11.00000,11.00000,   0.000002, 0.05000,0.05000,0.05000,
unit_sel, 62558777.367, 0, 0,  -0.0000000,  0.00000,0.00000,0.00000,0.00000,0.00000,  0.00000,0.00000,   11.00000,0.00000,0.00000,  1, 0.00000,0.00000, 1, 0.00000,  1, 13.50801,11.00000, 1, 11.00000,   0.00,25.00, 1, 25.00, 0, 0,   0.000,   0.000, 1,   0.800, 23.616,-23.616, 10.000,  0.005,0,
unit_sim,  62558777.367, 0, 0, 25.00000,25.00000, 13.80000,11.00000,0.00000,11.00000,   0.000,  0.000,  0.000,  0.000,  0,  -342000.0,   0.05000, 0, 
pro_20221028, 2022-11-22T10:23:57,  62558777.367, 0.100,   0,  0,  0,  7,  0, 25.0,11.000,     0.000,     0.000,     0.000,11.00000,    13.80000,0.00000,11.00000,11.00000,   0.000002, 0.05000,0.05000,0.05000,
unit_sel, 62558777.467, 0, 0,  -0.0000000,  0.00000,0.00000,0.00000,0.00000,0.00000,  