echo:  v2, 4
echo:  v2, 0
unit,               hm,                  cTime,       dt,       chm,sat,sel,mod,  Tb,  Vb,  Ib,   ioc,  voc_soc,    Vsat,dV_dyn,Voc_stat,Voc_ekf,     y_ekf,    soc_s,soc_ekf,soc,
unit_m,  c_time,       chm_s,  Tb_s,Tbl_s,  vsat_s, voc_stat_s, dv_dyn_s, vb_s, ib_s, ib_in_s, ioc_s, sat_s, dq_s, soc_s, reset_s,
unit_s,c_time,res,user_sel,   cc_dif,  ibmh,ibnh,ibmm,ibnm,ibm,   ib_diff, ib_diff_f,    voc_soc,e_w,e_w_f,  ib_sel,Ib_h,Ib_s,mib,Ib, vb_sel,Vb_h,Vb_s,mvb,Vb,  Tb_h,Tb_s,mtb,Tb_f,   fltw, falw, ib_rate, ib_quiet, tb_sel, ccd_thr, ewh_thr, ewl_thr, ibd_thr, ibq_thr,
unit_sel, 56971929.811, 0, 0,  -0.0000000,  0.00000,0.00000,0.00000,0.00000,0.00000,  0.00000,0.00000,   8.82210,0.00000,0.00000,  1, 0.00000,0.00000, 1, 0.00000,  1, 8.82223,8.82210, 0, 8.82223,   0.00,25.00, 1, 25.00, 0, 0,   0.000,   0.000, 1,   0.800, 11.808, -7.380, 10.000,  0.005,
unit_sim,  56971929.811, 0, 25.00000,25.00000, 13.80000,8.82210,0.00000,8.82210,   0.000,  0.000,  0.000,  0,  -347600.3,   0.03444, 0, 
pro_20220917a, 2022-09-20T05:01:57,  56971929.811, 0.100,   0,  0,  0,  5,  25.0, 8.822,     0.000,     0.000,8.82210,    13.80000,0.00000,8.82210,8.82210,   0.000001, 0.03444,0.03444,0.03444,
unit_sel, 56971930.211, 0, 0,  -0.0000000,  0.00000,0.00000,0.00000,0.00000,0.00000,  0.00000,0.00000,   8.82210,0.00000,0.00000,  1, 0.00000,0.00000, 1, 0.00000,  1, 8.82223,8.82210, 0, 8.82223,   0.00,25.00, 1, 25.00, 0, 0,   0.000,   0.000, 1,   0.800, 11.808, -7.380, 10.000,  0.005,
unit_sim,  56971930.211, 0, 25.00000,25.00000, 13.80000,8.82210,0.00000,8.82210,   0.000,  0.000,  0.000,  0,  -347600.3,   0.03444, 0, 
pro_20220917a, 2022-09-20T05:01:57,  56971930.211, 0.100,   0,  0,  0,  5,  25.0, 8.822,     0.000,     0.000,8.82210,    13.80000,0.00000,8.82210,8.82210,   0.000001, 0.03444,0.03444,0.03444,
unit_sel, 56971930.612, 0, 0,  -0.0000000,  0.00000,0.00000,0.00000,0.00000,0.00000,  0.00000,0.00000,   8.82210,0.00000,0.00000,  1, 0.00000,0.00000, 1, 0.00000,  1, 8.82223,8.82210, 0, 8.82223,   0.00,25.00, 1, 25.00, 0, 0,   0.000,   0.000, 1,   0.800, 11.808, -7.380, 10.000,  0.005,
unit_sim,  56971930.612, 0, 25.00000,25.00000, 13.80000,8.82210,0.00000,8.82210,   0.000,  0.000,  0.000,  0,  -347600.3,   0.03444, 0, 
pro_20220917a, 2022-09-20T05:01:57,  56971930.612, 0.100,   0,  0,  0,  5,  25.0, 8.822,     0.000,     0.000,8.82210,    13.80000,0.00000,8.82210,8.82210,   0.000001, 0.03444,0.03444,0.03444,
unit_sel, 56971931.011, 0, 0,  -0.0000000,  0.00000,0.00000,0.00000,0.00000,0.00000,  0.00000,0.00000,   8.82210,0.00000,0.00000,  1, 0.00000,0.00000, 1, 0.00000,  1, 8.82481,8.82210, 0, 8.82481,   0.00,25.00, 1, 25.00, 0, 0,   0.000,   0.000, 1,   0.800, 11.808, -7.380, 10.000,  0.005,
unit_sim,  56971931.011, 0, 25.00000,25.00000, 13.80000,8.82210,0.00000,8.82210,   0.000,  0.000,  0.000,  0,  -347600.3,   0.03444, 0, 
pro_20220917a, 2022-09-20T05:01:57,  56971931.011, 0.100,   0,  0,  0,  5,  25.0, 8.825,     0.000,     0.000,8.82210,    13.80000,0.00000,8.82210,8.82210,   0.000001, 0.03444,0.03444,0.03444,
unit_sel, 56971931.411, 0, 0,  -0.0000000,  0.00000,0.00000,0.00000,0.00000,0.00000,  0.00000,0.00000,   8.82210,0.00000,0.00000,  1, 0.00000,0.00000, 1, 0.00000,  1, 8.81964,8.82210, 0, 8.81964,   0.00,25.00, 1, 25.00, 0, 0,   0.000,   0.000, 1,   0.800, 11.808, -7.380, 10.000,  0.005,
unit_sim,  56971931.411, 0, 25.00000,25.00000, 13.80000,8.82210,0.00000,8.82210,   0.000,  0.000,  0.000,  0,  -347600.3,   0.03444, 0, 
pro_20220917a, 2022-09-20T05:01:59,  56971931.411, 0.100,   0,  0,  0,  5,  25.0, 8.820,     0.000,     0.000,8.82210,    13.80000,0.00000,8.82210,8.82210,   0.000001, 0.03444,0.03444,0.03444,
unit_sel, 56971931.811, 0, 0,  -0.0000000,  0.00000,0.00000,0.00000,0.00000,0.00000,  0.00000,0.00000,   8.82210,0.00000,0.00000,  1, 0.00000,0.00000, 1, 0.00000,  1, 8.82481,8.82210, 0, 8.82481,   0.00,25.00, 1, 25.00, 0, 0,   0.000,   0.000, 1,   0.800, 11.808, -7.380, 10.000,  0.005,
unit_sim,  56971931.811, 0, 25.00000,25.00000, 13.80000,8.82210,0.00000,8.82210,   0.000,  0.000,  0.000,  0,  -347600.3,   0.03444, 0, 
pro_20220917a, 2022-09-20T05:01:59,  56971931.811, 0.100,   0,  0,  0,  5,  25.0, 8.825,     0.000,     0.000,8.82210,    13.80000,0.00000,8.82210,8.82210,   0.000001, 0.03444,0.03444,0.03444,
unit_sel, 56971932.211, 0, 0,  -0.0000000,  0.00000,0.00000,0.00000,0.00000,0.00000,  0.00000,0.00000,   8.82210,0.00000,0.00000,  1, 0.00000,0.00000, 1, 0.00000,  1, 8.81964,8.82210, 0, 8.81964,   0.00,25.00, 1, 25.00, 0, 0,   0.000,   0.000, 1,   0.800, 11.808, -7.380, 10.000,  0.005,
unit_sim,  56971932.211, 0, 25.00000,25.00000, 13.80000,8.82210,0.00000,8.82210,   0.000,  0.000,  0.000,  0,  -347600.3,   0.03444, 0, 
pro_20220917a, 2022-09-20T05:01:59,  56971932.211, 0.100,   0,  0,  0,  5,  25.0, 8.820,     0.000,     0.000,8.82210,    13.80000,0.00000,8.82210,8.82210,   0.000001, 0.03444,0.03444,0.03444,
unit_sel, 56971932.611, 0, 0,  -0.0000000,  0.00000,0.00000,0.00000,0.00000,0.00000,  0.00000,0.00000,   8.82210,0.00000,0.00000,  1, 0.00000,0.00000, 1, 0.00000,  1, 8.82481,8.82210, 0, 8.82481,   0.00,25.00, 1, 25.00, 0, 0,   0.000,   0.000, 1,   0.800, 11.808, -7.380, 10.000,  0.005,
unit_sim,  56971932.611, 0, 25.00000,25.00000, 13.80000,8.82210,0.00000,8.82210,   0.000,  0.000,  0.000,  0,  -347600.3,   0.03444, 0, 
pro_20220917a, 2022-09-20T05:01:59,  56971932.611, 0.100,   0,  0,  0,  5,  25.0, 8.825,     0.000,     0.000,8.82210,    13.80000,0.00000,8.82210,8.82210,   0.000001, 0.03444,0.03444,0.03444,
unit_sel, 56971933.011, 0, 0,  -0.0000000,  0.00000,0.00000,0.00000,0.00000,0.00000,  0.00000,0.00000,   8.82210,0.00000,0.00000,  1, 0.00000,0.00000, 1, 0.00000,  1, 8.82223,8.82210, 0, 8.82223,   0.00,25.00, 1, 25.00, 0, 0,   0.000,   0.000, 1,   0.800, 11.808, -7.380, 10.000,  0.005,
unit_sim,  56971933.011, 0, 25.00000,25.00000, 13.80000,8.82210,0.00000,8.82210,   0.000,  0.000,  0.000,  0,  -347600.3,   0.03444, 0, 
pro_20220917a, 2022-09-20T05:01:59,  56971933.011, 0.100,   0,  0,  0,  5,  25.0, 8.822,     0.000,     0.000,8.82210,    13.80000,0.00000,8.82210,8.82210,   0.000001, 0.03444,0.03444,0.03444,
unit_sel, 56971933.411, 0, 0,  -0.0000000,  0.00000,0.00000,0.00000,0.00000,0.00000,  0.00000,0.00000,   8.82210,0.00000,0.00000,  1, 0.00000,0.00000, 1, 0.00000,  1, 8.82481,8.82210, 0, 8.82481,   0.00,25.00, 1, 25.00, 0, 0,   0.000,   0.000, 1,   0.800, 11.808, -7.380, 10.000,  0.005,
unit_sim,  56971933.411, 0, 25.00000,25.00000, 13.80000,8.82210,0.00000,8.82210,   0.000,  0.000,  0.000,  0,  -347600.3,   0.03444, 0, 
pro_20220917a, 2022-09-20T05:02:01,  56971933.411, 0.100,   0,  0,  0,  5,  25.0, 8.825,     0.000,     0.000,8.82210,    13.80000,0.00000,8.82210,8.82210,   0.000001, 0.03444,0.03444,0.03444,
unit_sel, 56971933.811, 0, 0,  -0.0000000,  0.00000,0.00000,0.00000,0.00000,0.00000,  0.00000,0.00000,   8.82210,0.00000,0.00000,  1, 0.00000,0.00000, 1, 0.00000,  1, 8.82223,8.82210, 0, 8.82223,   0.00,25.00, 1, 25.00, 0, 0,   0.000,   0.000, 1,   0.800, 11.808, -7.380, 10.000,  0.005,
unit_sim,  56971933.811, 0, 25.00000,25.00000, 13.80000,8.82210,0.00000,8.82210,   0.000,  0.000,  0.000,  0,  -347600.3,   0.03444, 0, 
pro_20220917a, 2022-09-20T05:02:01,  56971933.811, 0.100,   0,  0,  0,  5,  25.0, 8.822,     0.000,     0.000,8.82210,    13.80000,0.00000,8.82210,8.82210,   0.000001, 0.03444,0.03444,0.03444,
unit_sel, 56971934.211, 0, 0,  -0.0000000,  0.00000,0.00000,0.00000,0.00000,0.00000,  0.00000,0.00000,   8.82210,0.00000,0.00000,  1, 0.00000,0.00000, 1, 0.00000,  1, 8.82481,8.82210, 0, 8.82481,   0.00,25.00, 1, 25.00, 0, 0,   0.000,   0.000, 1,   0.800, 11.808, -7.380, 10.000,  0.005,
unit_sim,  56971934.211, 0, 25.00000,25.00000, 13.80000,8.82210,0.00000,8.82210,   0.000,  0.000,  0.000,  0,  -347600.3,   0.03444, 0, 
pro_20220917a, 2022-09-20T05:02:01,  56971934.211, 0.100,   0,  0,  0,  5,  25.0, 8.825,     0.000,     0.000,8.82210,    13.80000,0.00000,8.82210,8.82210,   0.000001, 0.03444,0.03444,0.03444,
unit_sel, 56971934.611, 0, 0,  -0.0000000,  0.00000,0.00000,0.00000,0.00000,0.00000,  0.00000,0.00000,   8.82210,0.00000,0.00000,  1, 0.00000,0.00000, 1, 0.00000,  1, 8.82481,8.82210, 0, 8.82481,   0.00,25.00, 1, 25.00, 0, 0,   0.000,   0.000, 1,   0.800, 11.808, -7.380, 10.000,  0.005,
unit_sim,  56971934.611, 0, 25.00000,25.00000, 13.80000,8.82210,0.00000,8.82210,   0.000,  0.000,  0.000,  0,  -347600.3,   0.03444, 0, 
pro_20220917a, 2022-09-20T05:02:01,  56971934.611, 0.100,   0,  0,  0,  5,  25.0, 8.825,     0.000,     0.000,8.82210,    13.80000,0.00000,8.82210,8.82210,   0.000001, 0.03444,0.03444,0.03444,
unit_sel, 56971935.011, 0, 0,  -0.0000000,  0.00000,0.00000,0.00000,0.00000,0.00000,  0.00000,0.00000,   8.82210,0.00000,0.00000,  1, 0.00000,0.00000, 1, 0.00000,  1, 8.82223,8.82210, 0, 8.82223,   0.00,25.00, 1, 25.00, 0, 0,   0.000,   0.000, 1,   0.800, 11.808, -7.380, 10.000,  0.005,
unit_sim,  56971935.011, 0, 25.00000,25.00000, 13.80000,8.82210,0.00000,8.82210,   0.000,  0.000,  0.000,  0,  -347600.3,   0.03444, 0, 
pro_20220917a, 2022-09-20T05:02:01,  56971935.011, 0.100,   0,  0,  0,  5,  25.0, 8.822,     0.000,     0.000,8.82210,    13.80000,0.00000,8.82210,8.82210,   0.000001, 0.03444,0.03444,0.03444,
unit_sel, 56971935.411, 0, 0,  -0.0000000,  0.00000,0.00000,0.00000,0.00000,0.00000,  0.00000,0.00000,   8.82210,0.00000,0.00000,  1, 0.00000,0.00000, 1, 0.00000,  1, 8.82481,8.82210, 0, 8.82481,   0.00,25.00, 1, 25.00, 0, 0,   0.000,   0.000, 1,   0.800, 11.808, -7.380, 10.000,  0.005,
unit_sim,  56971935.411, 0, 25.00000,25.00000, 13.80000,8.82210,0.00000,8.82210,   0.000,  0.000,  0.000,  0,  -347600.3,   0.03444, 0, 
pro_20220917a, 2022-09-20T05:02:03,  56971935.411, 0.100,   0,  0,  0,  5,  25.0, 8.825,     0.000,     0.000,8.82210,    13.80000,0.00000,8.82210,8.82210,   0.000001, 0.03444,0.03444,0.03444,
unit_sel, 56971935.811, 0, 0,  -0.0000000,  0.00000,0.00000,0.00000,0.00000,0.00000,  0.00000,0.00000,   8.82210,0.00000,0.00000,  1, 0.00000,0.00000, 1, 0.00000,  1, 8.82223,8.82210, 0, 8.82223,   0.00,25.00, 1, 25.00, 0, 0,   0.000,   0.000, 1,   0.800, 11.808, -7.380, 10.000,  0.005,
unit_sim,  56971935.811, 0, 25.00000,25.00000, 13.80000,8.82210,0.00000,8.82210,   0.000,  0.000,  0.000,  0,  -347600.3,   0.03444, 0, 
pro_20220917a, 2022-09-20T05:02:03,  56971935.811, 0.100,   0,  0,  0,  5,  25.0, 8.822,     0.000,     0.000,8.82210,    13.80000,0.00000,8.82210,8.82210,   0.000001, 0.03444,0.03444,0.03444,
unit_sel, 56971936.211, 0, 0,  -0.0000000,  0.00000,0.00000,0.00000,0.00000,0.00000,  0.00000,0.00000,   8.82210,0.00000,0.00000,  1, 0.00000,0.00000, 1, 0.00000,  1, 8.82223,8.82210, 0, 8.82223,   0.00,25.00, 1, 25.00, 0, 0,   0.000,   0.000, 1,   0.800, 11.808, -7.380, 10.000,  0.005,
unit_sim,  56971936.211, 0, 25.00000,25.00000, 13.80000,8.82210,0.00000,8.82210,   0.000,  0.000,  0.000,  0,  -347600.3,   0.03444, 0, 
pro_20220917a, 2022-09-20T05:02:03,  56971936.211, 0.100,   0,  0,  0,  5,  25.0, 8.822,     0.000,     0.000,8.82210,    13.80000,0.00000,8.82210,8.82210,   0.000001, 0.03444,0.03444,0.03444,
unit_sel, 56971936.611, 0, 0,  -0.0000000,  0.00000,0.00000,0.00000,0.00000,0.00000,  0.00000,0.00000,   8.82210,0.00000,0.00000,  1, 0.00000,0.00000, 1, 0.00000,  1, 8.82223,8.82210, 0, 8.82223,   0.00,25.00, 1, 25.00, 0, 0,   0.000,   0.000, 1,   0.800, 11.808, -7.380, 10.000,  0.005,
unit_sim,  56971936.611, 0, 25.00000,25.00000, 13.80000,8.82210,0.00000,8.82210,   0.000,  0.000,  0.000,  0,  -347600.3,   0.03444, 0, 
pro_20220917a, 2022-09-20T05:02:03,  56971936.611, 0.100,   0,  0,  0,  5,  25.0, 8.822,     0.000,     0.000,8.82210,    13.80000,0.00000,8.82210,8.82210,   0.000001, 0.03444,0.03444,0.03444,
unit_sel, 56971937.012, 0, 0,  -0.0000000,  0.00000,0.00000,0.00000,0.00000,0.00000,  0.00000,0.00000,   8.82210,0.00000,0.00000,  1, 0.00000,0.00000, 1, 0.00000,  1, 8.82223,8.82210, 0, 8.82223,   0.00,25.00, 1, 25.00, 0, 0,   0.000,   0.000, 1,   0.800, 11.808, -7.380, 10.000,  0.005,
unit_sim,  56971937.012, 0, 25.00000,25.00000, 13.80000,8.82210,0.00000,8.82210,   0.000,  0.000,  0.000,  0,  -347600.3,   0.03444, 0, 
pro_20220917a, 2022-09-20T05:02:03,  56971937.012, 0.100,   0,  0,  0,  5,  25.0, 8.822,     0.000,     0.000,8.82210,    13.80000,0.00000,8.82210,8.82210,   0.000001, 0.03444,0.03444,0.03444,
unit_sel, 56971937.411, 0, 0,  -0.0000000,  0.00000,0.00000,0.00000,0.00000,0.00000,  0.00000,0.00000,   8.82210,0.00000,0.00000,  1, 0.00000,0.00000, 1, 0.00000,  1, 8.82481,8.82210, 0, 8.82481,   0.00,25.00, 1, 25.00, 0, 0,   0.000,   0.000, 1,   0.800, 11.808, -7.380, 10.000,  0.005,
unit_sim,  56971937.411, 0, 25.00000,25.00000, 13.80000,8.82210,0.00000,8.82210,   0.000,  0.000,  0.000,  0,  -347600.3,   0.03444, 0, 
pro_20220917a, 2022-09-20T05:02:05,  56971937.411, 0.100,   0,  0,  0,  5,  25.0, 8.825,     0.000,     0.000,8.82210,    13.80000,0.00000,8.82210,8.82210,   0.000001, 0.03444,0.03444,0.03444,
unit_sel, 56971937.812, 0, 0,  -0.0000000,  0.00000,0.00000,0.00000,0.00000,0.00000,  0.00000,0.00000,   8.82210,0.00000,0.00000,  1, 0.00000,0.00000, 1, 0.00000,  1, 8.82223,8.82210, 0, 8.82223,   0.00,25.00, 1, 25.00, 0, 0,   0.000,   0.000, 1,   0.800, 11.808, -7.380, 10.000,  0.005,
unit_sim,  56971937.812, 0, 25.00000,25.00000, 13.80000,8.82210,0.00000,8.82210,   0.000,  0.000,  0.000,  0,  -347600.3,   0.03444, 0, 
pro_20220917a, 2022-09-20T05:02:05,  56971937.812, 0.100,   0,  0,  0,  5,  25.0, 8.822,     0.000,     0.000,8.82210,    13.80000,0.00000,8.82210,8.82210,   0.000001, 0.03444,0.03444,0.03444,
unit_sel, 56971938.211, 0, 0,  -0.0000000,  0.00000,0.00000,0.00000,0.00000,0.00000,  0.00000,0.00000,   8.82210,0.00000,0.00000,  1, 0.00000,0.00000, 1, 0.00000,  1, 8.82481,8.82210, 0, 8.82481,   0.00,25.00, 1, 25.00, 0, 0,   0.000,   0.000, 1,   0.800, 11.808, -7.380, 10.000,  0.005,
unit_sim,  56971938.211, 0, 25.00000,25.00000, 13.80000,8.82210,0.00000,8.82210,   0.000,  0.000,  0.000,  0,  -347600.3,   0.03444, 0, 
pro_20220917a, 2022-09-20T05:02:05,  56971938.211, 0.100,   0,  0,  0,  5,  25.0, 8.825,     0.000,     0.000,8.82210,    13.80000,0.00000,8.82210,8.82210,   0.000001, 0.03444,0.03444,0.03444,
unit_sel, 56971938.611, 0, 0,  -0.0000000,  0.00000,0.00000,0.00000,0.00000,0.00000,  0.00000,0.00000,   8.82210,0.00000,0.00000,  1, 0.00000,0.00000, 1, 0.00000,  1, 8.82223,8.82210, 0, 8.82223,   0.00,25.00, 1, 25.00, 0, 0,   0.000,   0.000, 1,   0.800, 11.808, -7.380, 10.000,  0.005,
unit_sim,  56971938.611, 0, 25.00000,25.00000, 13.80000,8.82210,0.00000,8.82210,   0.000,  0.000,  0.000,  0,  -347600.3,   0.03444, 0, 
pro_20220917a, 2022-09-20T05:02:05,  56971938.611, 0.100,   0,  0,  0,  5,  25.0, 8.822,     0.000,     0.000,8.82210,    13.80000,0.00000,8.82210,8.82210,   0.000001, 0.03444,0.03444,0.03444,
unit_sel, 56971939.011, 0, 0,  -0.0000000,  0.00000,0.00000,0.00000,0.00000,0.00000,  0.00000,0.00000,   8.82210,0.00000,0.00000,  1, 0.00000,0.00000, 1, 0.00000,  1, 8.81964,8.82210, 0, 8.81964,   0.00,25.00, 1, 25.00, 0, 0,   0.000,   0.000, 1,   0.800, 11.808, -7.380, 10.000,  0.005,
unit_sim,  56971939.011, 0, 25.00000,25.00000, 13.80000,8.82210,0.00000,8.82210,   0.000,  0.000,  0.000,  0,  -347600.3,   0.03444, 0, 
pro_20220917a, 2022-09-20T05:02:05,  56971939.011, 0.100,   0,  0,  0,  5,  25.0, 8.820,     0.000,     0.000,8.82210,    13.80000,0.00000,8.82210,8.82210,   0.000001, 0.03444,0.03444,0.03444,
unit_sel, 56971939.411, 0, 0,  -0.0000000,  0.00000,0.00000,0.00000,0.00000,0.00000,  0.00000,0.00000,   8.82210,0.00000,0.00000,  1, 0.00000,0.00000, 1, 0.00000,  1, 8.82223,8.82210, 0, 8.82223,   0.00,25.00, 1, 25.00, 0, 0,   0.000,   0.000, 1,   0.800, 11.808, -7.380, 10.000,  0.005,
unit_sim,  56971939.411, 0, 25.00000,25.00000, 13.80000,8.82210,0.00000,8.82210,   0.000,  0.000,  0.000,  0,  -347600.3,   0.03444, 0, 
pro_20220917a, 2022-09-20T05:02:07,  56971939.411, 0.100,   0,  0,  0,  5,  25.0, 8.822,     0.000,     0.000,8.82210,    13.80000,0.00000,8.82210,8.82210,   0.000001, 0.03444,0.03444,0.03444,
unit_sel, 56971939.811, 0, 0,  -0.0000000,  0.00000,0.00000,0.00000,0.00000,0.00000,  0.00000,0.00000,   8.82210,0.00000,0.00000,  1, 0.00000,0.00000, 1, 0.00000,  1, 8.82481,8.82210, 0, 8.82481,   0.00,25.00, 1, 25.00, 0, 0,   0.000,   0.000, 1,   0.800, 11.808, -7.380, 10.000,  0.005,
unit_sim,  56971939.811, 0, 25.00000,25.00000, 13.80000,8.82210,0.00000,8.82210,   0.000,  0.000,  0.000,  0,  -347600.3,   0.03444, 0, 
pro_20220917a, 2022-09-20T05:02:07,  56971939.811, 0.100,   0,  0,  0,  5,  25.0, 8.825,     0.000,     0.000,8.82210,    13.80000,0.00000,8.82210,8.82210,   0.000001, 0.03444,0.03444,0.03444,
unit_sel, 56971940.211, 0, 0,  -0.0000000,  0.00000,0.00000,0.00000,0.00000,0.00000,  0.00000,0.00000,   8.82210,0.00000,0.00000,  1, 0.00000,0.00000, 1, 0.00000,  1, 8.82223,8.82210, 0, 8.82223,   0.00,25.00, 1, 25.00, 0, 0,   0.000,   0.000, 1,   0.800, 11.808, -7.380, 10.000,  0.005,
unit_sim,  56971940.211, 0, 25.00000,25.00000, 13.80000,8.82210,0.00000,8.82210,   0.000,  0.000,  0.000,  0,  -347600.3,   0.03444, 0, 
pro_20220917a, 2022-09-20T05:02:07,  56971940.211, 0.100,   0,  0,  0,  5,  25.0, 8.822,     0.000,     0.000,8.82210,    13.80000,0.00000,8.82210,8.82210,   0.000002, 0.03444,0.03444,0.03444,
unit_sel, 56971940.611, 0, 0,  -0.0000000,  0.00000,0.00000,0.00000,0.00000,0.00000,  0.00000,0.00000,   8.82210,0.00000,0.00000,  1, 0.00000,0.00000, 1, 0.00000,  1, 8.82481,8.82210, 0, 8.82481,   0.00,25.00, 1, 25.00, 0, 0,   0.000,   0.000, 1,   0.800, 11.808, -7.380, 10.000,  0.005,
unit_sim,  56971940.611, 0, 25.00000,25.00000, 13.80000,8.82210,0.00000,8.82210,   0.000,  0.000,  0.000,  0,  -347600.3,   0.03444, 0, 
pro_20220917a, 2022-09-20T05:02:07,  56971940.611, 0.100,   0,  0,  0,  5,  25.0, 8.825,     0.000,     0.000,8.82210,    13.80000,0.00000,8.82210,8.82210,   0.000002, 0.03444,0.03444,0.03444,
unit_sel, 56971941.011, 0, 0,  -0.0000000,  0.00000,0.00000,0.00000,0.00000,0.00000,  0.00000,0.00000,   8.82210,0.00000,0.00000,  1, 0.00000,0.00000, 1, 0.00000,  1, 8.82223,8.82210, 0, 8.82223,   0.00,25.00, 1, 25.00, 0, 0,   0.000,   0.000, 1,   0.800, 11.808, -7.380, 10.000,  0.005,
unit_sim,  56971941.011, 0, 25.00000,25.00000, 13.80000,8.82210,0.00000,8.82210,   0.000,  0.000,  0.000,  0,  -347600.3,   0.03444, 0, 
pro_20220917a, 2022-09-20T05:02:07,  56971941.011, 0.100,   0,  0,  0,  5,  25.0, 8.822,     0.000,     0.000,8.82210,    13.80000,0.00000,8.82210,8.82210,   0.000001, 0.03444,0.03444,0.03444,
unit_sel, 56971941.411, 0, 0,  -0.0000000,  0.00000,0.00000,0.00000,0.00000,0.00000,  0.00000,0.00000,   8.82210,0.00000,0.00000,  1, 0.00000,0.00000, 1, 0.00000,  1, 8.82223,8.82210, 0, 8.82223,   0.00,25.00, 1, 25.00, 0, 0,   0.000,   0.000, 1,   0.800, 11.808, -7.380, 10.000,  0.005,
unit_sim,  56971941.411, 0, 25.00000,25.00000, 13.80000,8.82210,0.00000,8.82210,   0.000,  0.000,  0.000,  0,  -347600.3,   0.03444, 0, 
pro_20220917a, 2022-09-20T05:02:09,  56971941.411, 0.100,   0,  0,  0,  5,  25.0, 8.822,     0.000,     0.000,8.82210,    13.80000,0.00000,8.82210,8.82210,   0.000001, 0.03444,0.03444,0.03444,
unit_sel, 56971941.811, 0, 0,  -0.0000000,  0.00000,0.00000,0.00000,0.00000,0.00000,  0.00000,0.00000,   8.82210,0.00000,0.00000,  1, 0.00000,0.00000, 1, 0.00000,  1, 8.82481,8.82210, 0, 8.82481,   0.00,25.00, 1, 25.00, 0, 0,   0.000,   0.000, 1,   0.800, 11.808, -7.380, 10.000,  0.005,
unit_sim,  56971941.811, 0, 25.00000,25.00000, 13.80000,8.82210,0.00000,8.82210,   0.000,  0.000,  0.000,  0,  -347600.3,   0.03444, 0, 
pro_20220917a, 2022-09-20T05:02:09,  56971941.811, 0.100,   0,  0,  0,  5,  25.0, 8.825,     0.000,     0.000,8.82210,    13.80000,0.00000,8.82210,8.82210,   0.000001, 0.03444,0.03444,0.03444,
unit_sel, 56971942.211, 0, 0,  -0.0000000,  0.00000,0.00000,0.00000,0.00000,0.00000,  0.00000,0.00000,   8.82210,0.00000,0.00000,  1, 0.00000,0.00000, 1, 0.00000,  1, 8.81964,8.82210, 0, 8.81964,   0.00,25.00, 1, 25.00, 0, 0,   0.000,   0.000, 1,   0.800, 11.808, -7.380, 10.000,  0.005,
unit_sim,  56971942.211, 0, 25.00000,25.00000, 13.80000,8.82210,0.00000,8.82210,   0.000,  0.000,  0.000,  0,  -347600.3,   0.03444, 0, 
pro_20220917a, 2022-09-20T05:02:09,  56971942.211, 0.100,   0,  0,  0,  5,  25.0, 8.820,     0.000,     0.000,8.82210,    13.80000,0.00000,8.82210,8.82210,   0.000001, 0.03444,0.03444,0.03444,
unit_sel, 56971942.611, 0, 0,  -0.0000000,  0.00000,0.00000,0.00000,0.00000,0.00000,  0.00000,0.00000,   8.82210,0.00000,0.00000,  1, 0.00000,0.00000, 1, 0.00000,  1, 8.82481,8.82210, 0, 8.82481,   0.00,25.00, 1, 25.00, 0, 0,   0.000,   0.000, 1,   0.800, 11.808, -7.380, 10.000,  0.005,
unit_sim,  56971942.611, 0, 25.00000,25.00000, 13.80000,8.82210,0.00000,8.82210,   0.000,  0.000,  0.000,  0,  -347600.3,   0.03444, 0, 
pro_20220917a, 2022-09-20T05:02:09,  56971942.611, 0.100,   0,  0,  0,  5,  25.0, 8.825,     0.000,     0.000,8.82210,    13.80000,0.00000,8.82210,8.82210,   0.000001, 0.03444,0.03444,0.03444,
unit_sel, 56971943.011, 0, 0,  -0.0000000,  0.00000,0.00000,0.00000,0.00000,0.00000,  0.00000,0.00000,   8.82210,0.00000,0.00000,  1, 0.00000,0.00000, 1, 0.00000,  1, 8.82223,8.82210, 0, 8.82223,   0.00,25.00, 1, 25.00, 0, 0,   0.000,   0.000, 1,   0.800, 11.808, -7.380, 10.000,  0.005,
unit_sim,  56971943.011, 0, 25.00000,25.00000, 13.80000,8.82210,0.00000,8.82210,   0.000,  0.000,  0.000,  0,  -347600.3,   0.03444, 0, 
pro_20220917a, 2022-09-20T05:02:09,  56971943.011, 0.100,   0,  0,  0,  5,  25.0, 8.822,     0.000,     0.000,8.82210,    13.80000,0.00000,8.82210,8.82210,   0.000001, 0.03444,0.03444,0.03444,
unit_sel, 56971943.411, 0, 0,  -0.0000000,  0.00000,0.00000,0.00000,0.00000,0.00000,  0.00000,0.00000,   8.82210,0.00000,0.00000,  1, 0.00000,0.00000, 1, 0.00000,  1, 8.82481,8.82210, 0, 8.82481,   0.00,25.00, 1, 25.00, 0, 0,   0.000,   0.000, 1,   0.800, 11.808, -7.380, 10.000,  0.005,
unit_sim,  56971943.411, 0, 25.00000,25.00000, 13.80000,8.82210,0.00000,8.82210,   0.000,  0.000,  0.000,  0,  -347600.3,   0.03444, 0, 
pro_20220917a, 2022-09-20T05:02:11,  56971943.411, 0.100,   0,  0,  0,  5,  25.0, 8.825,     0.000,     0.000,8.82210,    13.80000,0.00000,8.82210,8.82210,   0.000001, 0.03444,0.03444,0.03444,
unit_sel, 56971943.811, 0, 0,  -0.0000000,  0.00000,0.00000,0.00000,0.00000,0.00000,  0.00000,0.00000,   8.82210,0.00000,0.00000,  1, 0.00000,0.00000, 1, 0.00000,  1, 8.82223,8.82210, 0, 8.82223,   0.00,25.00, 1, 25.00, 0, 0,   0.000,   0.000, 1,   0.800, 11.808, -7.380, 10.000,  0.005,
unit_sim,  56971943.811, 0, 25.00000,25.00000, 13.80000,8.82210,0.00000,8.82210,   0.000,  0.000,  0.000,  0,  -347600.3,   0.03444, 0, 
pro_20220917a, 2022-09-20T05:02:11,  56971943.811, 0.100,   0,  0,  0,  5,  25.0, 8.822,     0.000,     0.000,8.82210,    13.80000,0.00000,8.82210,8.82210,   0.000002, 0.03444,0.03444,0.03444,
unit_sel, 56971944.211, 0, 0,  -0.0000000,  0.00000,0.00000,0.00000,0.00000,0.00000,  0.00000,0.00000,   8.82210,0.00000,0.00000,  1, 0.00000,0.00000, 1, 0.00000,  1, 8.82481,8.82210, 0, 8.82481,   0.00,25.00, 1, 25.00, 0, 0,   0.000,   0.000, 1,   0.800, 11.808, -7.380, 10.000,  0.005,
unit_sim,  56971944.211, 0, 25.00000,25.00000, 13.80000,8.82210,0.00000,8.82210,   0.000,  0.000,  0.000,  0,  -347600.3,   0.03444, 0, 
pro_20220917a, 2022-09-20T05:02:11,  56971944.211, 0.100,   0,  0,  0,  5,  25.0, 8.825,     0.000,     0.000,8.82210,    13.80000,0.00000,8.82210,8.82210,   0.000002, 0.03444,0.03444,0.03444,
unit_sel, 56971944.611, 0, 0,  -0.0000000,  0.00000,0.00000,0.00000,0.00000,0.00000,  0.00000,0.00000,   8.82210,0.00000,0.00000,  1, 0.00000,0.00000, 1, 0.00000,  1, 8.82223,8.82210, 0, 8.82223,   0.00,25.00, 1, 25.00, 0, 0,   0.000,   0.000, 1,   0.800, 11.808, -7.380, 10.000,  0.005,
unit_sim,  56971944.611, 0, 25.00000,25.00000, 13.80000,8.82210,0.00000,8.82210,   0.000,  0.000,  0.000,  0,  -347600.3,   0.03444, 0, 
pro_20220917a, 2022-09-20T05:02:11,  56971944.611, 0.100,   0,  0,  0,  5,  25.0, 8.822,     0.000,     0.000,8.82210,    13.80000,0.00000,8.82210,8.82210,   0.000002, 0.03444,0.03444,0.03444,
unit_sel, 56971945.011, 0, 0,  -0.0000000,  0.00000,0.00000,0.00000,0.00000,0.00000,  0.00000,0.00000,   8.82210,0.00000,0.00000,  1, 0.00000,0.00000, 1, 0.00000,  1, 8.82223,8.82210, 0, 8.82223,   0.00,25.00, 1, 25.00, 0, 0,   0.000,   0.000, 1,   0.800, 11.808, -7.380, 10.000,  0.005,
unit_sim,  56971945.011, 0, 25.00000,25.00000, 13.80000,8.82210,0.00000,8.82210,   0.000,  0.000,  0.000,  0,  -347600.3,   0.03444, 0, 
pro_20220917a, 2022-09-20T05:02:11,  56971945.011, 0.100,   0,  0,  0,  5,  25.0, 8.822,     0.000,     0.000,8.82210,    13.80000,0.00000,8.82210,8.82210,   0.000002, 0.03444,0.03444,0.03444,
unit_sel, 56971945.412, 0, 0,  -0.0000000,  0.00000,0.00000,0.00000,0.00000,0.00000,  0.00000,0.00000,   8.82210,0.00000,0.00000,  1, 0.00000,0.00000, 1, 0.00000,  1, 8.82223,8.82210, 0, 8.82223,   0.00,25.00, 1, 25.00, 0, 0,   0.000,   0.000, 1,   0.800, 11.808, -7.380, 10.000,  0.005,
unit_sim,  56971945.412, 0, 25.00000,25.00000, 13.80000,8.82210,0.00000,8.82210,   0.000,  0.000,  0.000,  0,  -347600.3,   0.03444, 0, 
pro_20220917a, 2022-09-20T05:02:13,  56971945.412, 0.100,   0,  0,  0,  5,  25.0, 8.822,     0.000,     0.000,8.82210,    13.80000,0.00000,8.82210,8.82210,   0.000002, 0.03444,0.03444,0.03444,
unit_sel, 56971945.812, 0, 0,  -0.0000000,  0.00000,0.00000,0.00000,0.00000,0.00000,  0.00000,0.00000,   8.82210,0.00000,0.00000,  1, 0.00000,0.00000, 1, 0.00000,  1, 8.82481,8.82210, 0, 8.82481,   0.00,25.00, 1, 25.00, 0, 0,   0.000,   0.000, 1,   0.800, 11.808, -7.380, 10.000,  0.005,
unit_sim,  56971945.812, 0, 25.00000,25.00000, 13.80000,8.82210,0.00000,8.82210,   0.000,  0.000,  0.000,  0,  -347600.3,   0.03444, 0, 
pro_20220917a, 2022-09-20T05:02:13,  56971945.812, 0.100,   0,  0,  0,  5,  25.0, 8.825,     0.000,     0.000,8.82210,    13.80000,0.00000,8.82210,8.82210,   0.000001, 0.03444,0.03444,0.03444,
unit_sel, 56971946.211, 0, 0,  -0.0000000,  0.00000,0.00000,0.00000,0.00000,0.00000,  0.00000,0.00000,   8.82210,0.00000,0.00000,  1, 0.00000,0.00000, 1, 0.00000,  1, 8.82481,8.82210, 0, 8.82481,   0.00,25.00, 1, 25.00, 0, 0,   0.000,   0.000, 1,   0.800, 11.808, -7.380, 10.000,  0.005,
unit_sim,  56971946.211, 0, 25.00000,25.00000, 13.80000,8.82210,0.00000,8.82210,   0.000,  0.000,  0.000,  0,  -347600.3,   0.03444, 0, 
pro_20220917a, 2022-09-20T05:02:13,  56971946.211, 0.100,   0,  0,  0,  5,  25.0, 8.825,     0.000,     0.000,8.82210,    13.80000,0.00000,8.82210,8.82210,   0.000001, 0.03444,0.03444,0.03444,
unit_sel, 56971946.611, 0, 0,  -0.0000000,  0.00000,0.00000,0.00000,0.00000,0.00000,  0.00000,0.00000,   8.82210,0.00000,0.00000,  1, 0.00000,0.00000, 1, 0.00000,  1, 8.82223,8.82210, 0, 8.82223,   0.00,25.00, 1, 25.00, 0, 0,   0.000,   0.000, 1,   0.800, 11.808, -7.380, 10.000,  0.005,
unit_sim,  56971946.611, 0, 25.00000,25.00000, 13.80000,8.82210,0.00000,8.82210,   0.000,  0.000,  0.000,  0,  -347600.3,   0.03444, 0, 
pro_20220917a, 2022-09-20T05:02:13,  56971946.611, 0.100,   0,  0,  0,  5,  25.0, 8.822,     0.000,     0.000,8.82210,    13.80000,0.00000,8.82210,8.82210,   0.000001, 0.03444,0.03444,0.03444,
unit_sel, 56971947.011, 0, 0,  -0.0000000,  0.00000,0.00000,0.00000,0.00000,0.00000,  0.00000,0.00000,   8.82210,0.00000,0.00000,  1, 0.00000,0.00000, 1, 0.00000,  1, 8.82223,8.82210, 0, 8.82223,   0.00,25.00, 1, 25.00, 0, 0,   0.000,   0.000, 1,   0.800, 11.808, -7.380, 10.000,  0.005,
unit_sim,  56971947.011, 0, 25.00000,25.00000, 13.80000,8.82210,0.00000,8.82210,   0.000,  0.000,  0.000,  0,  -347600.3,   0.03444, 0, 
pro_20220917a, 2022-09-20T05:02:13,  56971947.011, 0.100,   0,  0,  0,  5,  25.0, 8.822,     0.000,     0.000,8.82210,    13.80000,0.00000,8.82210,8.82210,   0.000001, 0.03444,0.03444,0.03444,
unit_sel, 56971947.411, 0, 0,  -0.0000000,  0.00000,0.00000,0.00000,0.00000,0.00000,  0.00000,0.00000,   8.82210,0.00000,0.00000,  1, 0.00000,0.00000, 1, 0.00000,  1, 8.82223,8.82210, 0, 8.82223,   0.00,25.00, 1, 25.00, 0, 0,   0.000,   0.000, 1,   0.800, 11.808, -7.380, 10.000,  0.005,
unit_sim,  56971947.411, 0, 25.00000,25.00000, 13.80000,8.82210,0.00000,8.82210,   0.000,  0.000,  0.000,  0,  -347600.3,   0.03444, 0, 
pro_20220917a, 2022-09-20T05:02:15,  56971947.411, 0.100,   0,  0,  0,  5,  25.0, 8.822,     0.000,     0.000,8.82210,    13.80000,0.00000,8.82210,8.82210,   0.000002, 0.03444,0.03444,0.03444,
unit_sel, 56971947.811, 0, 0,  -0.0000000,  0.00000,0.00000,0.00000,0.00000,0.00000,  0.00000,0.00000,   8.82210,0.00000,0.00000,  1, 0.00000,0.00000, 1, 0.00000,  1, 8.82481,8.82210, 0, 8.82481,   0.00,25.00, 1, 25.00, 0, 0,   0.000,   0.000, 1,   0.800, 11.808, -7.380, 10.000,  0.005,
unit_sim,  56971947.811, 0, 25.00000,25.00000, 13.80000,8.82210,0.00000,8.82210,   0.000,  0.000,  0.000,  0,  -347600.3,   0.03444, 0, 
pro_20220917a, 2022-09-20T05:02:15,  56971947.811, 0.100,   0,  0,  0,  5,  25.0, 8.825,     0.000,     0.000,8.82210,    13.80000,0.00000,8.82210,8.82210,   0.000002, 0.03444,0.03444,0.03444,
unit_sel, 56971948.211, 0, 0,  -0.0000000,  0.00000,0.00000,0.00000,0.00000,0.00000,  0.00000,0.00000,   8.82210,0.00000,0.00000,  1, 0.00000,0.00000, 1, 0.00000,  1, 8.82223,8.82210, 0, 8.82223,   0.00,25.00, 1, 25.00, 0, 0,   0.000,   0.000, 1,   0.800, 11.808, -7.380, 10.000,  0.005,
unit_sim,  56971948.211, 0, 25.00000,25.00000, 13.80000,8.82210,0.00000,8.82210,   0.000,  0.000,  0.000,  0,  -347600.3,   0.03444, 0, 
pro_20220917a, 2022-09-20T05:02:15,  56971948.211, 0.100,   0,  0,  0,  5,  25.0, 8.822,     0.000,     0.000,8.82210,    13.80000,0.00000,8.82210,8.82210,   0.000002, 0.03444,0.03444,0.03444,
unit_sel, 56971948.611, 0, 0,  -0.0000000,  0.00000,0.00000,0.00000,0.00000,0.00000,  0.00000,0.00000,   8.82210,0.00000,0.00000,  1, 0.00000,0.00000, 1, 0.00000,  1, 8.82481,8.82210, 0, 8.82481,   0.00,25.00, 1, 25.00, 0, 0,   0.000,   0.000, 1,   0.800, 11.808, -7.380, 10.000,  0.005,
unit_sim,  56971948.611, 0, 25.00000,25.00000, 13.80000,8.82210,0.00000,8.82210,   0.000,  0.000,  0.000,  0,  -347600.3,   0.03444, 0, 
pro_20220917a, 2022-09-20T05:02:15,  56971948.611, 0.100,   0,  0,  0,  5,  25.0, 8.825,     0.000,     0.000,8.82210,    13.80000,0.00000,8.82210,8.82210,   0.000001, 0.03444,0.03444,0.03444,
unit_sel, 56971949.011, 0, 0,  -0.0000000,  0.00000,0.00000,0.00000,0.00000,0.00000,  0.00000,0.00000,   8.82210,0.00000,0.00000,  1, 0.00000,0.00000, 1, 0.00000,  1, 8.82223,8.82210, 0, 8.82223,   0.00,25.00, 1, 25.00, 0, 0,   0.000,   0.000, 1,   0.800, 11.808, -7.380, 10.000,  0.005,
unit_sim,  56971949.011, 0, 25.00000,25.00000, 13.80000,8.82210,0.00000,8.82210,   0.000,  0.000,  0.000,  0,  -347600.3,   0.03444, 0, 
pro_20220917a, 2022-09-20T05:02:15,  56971949.011, 0.100,   0,  0,  0,  5,  25.0, 8.822,     0.000,     0.000,8.82210,    13.80000,0.00000,8.82210,8.82210,   0.000001, 0.03444,0.03444,0.03444,
unit_sel, 56971949.411, 0, 0,  -0.0000000,  0.00000,0.00000,0.00000,0.00000,0.00000,  0.00000,0.00000,   8.82210,0.00000,0.00000,  1, 0.00000,0.00000, 1, 0.00000,  1, 8.82223,8.82210, 0, 8.82223,   0.00,25.00, 1, 25.00, 0, 0,   0.000,   0.000, 1,   0.800, 11.808, -7.380, 10.000,  0.005,
unit_sim,  56971949.411, 0, 25.00000,25.00000, 13.80000,8.82210,0.00000,8.82210,   0.000,  0.000,  0.000,  0,  -347600.3,   0.03444, 0, 
pro_20220917a, 2022-09-20T05:02:17,  56971949.411, 0.100,   0,  0,  0,  5,  25.0, 8.822,     0.000,     0.000,8.82210,    13.80000,0.00000,8.82210,8.82210,   0.000001, 0.03444,0.03444,0.03444,
unit_sel, 56971949.811, 0, 0,  -0.0000000,  0.00000,0.00000,0.00000,0.00000,0.00000,  0.00000,0.00000,   8.82210,0.00000,0.00000,  1, 0.00000,0.00000, 1, 0.00000,  1, 8.82739,8.82210, 0, 8.82739,   0.00,25.00, 1, 25.00, 0, 0,   0.000,   0.000, 1,   0.800, 11.808, -7.380, 10.000,  0.005,
unit_sim,  56971949.811, 0, 25.00000,25.00000, 13.80000,8.82210,0.00000,8.82210,   0.000,  0.000,  0.000,  0,  -347600.3,   0.03444, 0, 
pro_20220917a, 2022-09-20T05:02:17,  56971949.811, 0.100,   0,  0,  0,  5,  25.0, 8.827,     0.000,     0.000,8.82210,    13.80000,0.00000,8.82210,8.82210,   0.000001, 0.03444,0.03444,0.03444,
unit_sel, 56971950.211, 0, 0,  -0.0000000,  0.00000,0.00000,0.00000,0.00000,0.00000,  0.00000,0.00000,   8.82210,0.00000,0.00000,  1, 0.00000,0.00000, 1, 0.00000,  1, 8.82481,8.82210, 0, 8.82481,   0.00,25.00, 1, 25.00, 0, 0,   0.000,   0.000, 1,   0.800, 11.808, -7.380, 10.000,  0.005,
unit_sim,  56971950.211, 0, 25.00000,25.00000, 13.80000,8.82210,0.00000,8.82210,   0.000,  0.000,  0.000,  0,  -347600.3,   0.03444, 0, 
pro_20220917a, 2022-09-20T05:02:17,  56971950.211, 0.100,   0,  0,  0,  5,  25.0, 8.825,     0.000,     0.000,8.82210,    13.80000,0.00000,8.82210,8.82210,   0.000002, 0.03444,0.03444,0.03444,
unit_sel, 56971950.611, 0, 0,  -0.0000000,  0.00000,0.00000,0.00000,0.00000,0.00000,  0.00000,0.00000,   8.82210,0.00000,0.00000,  1, 0.00000,0.00000, 1, 0.00000,  1, 8.82481,8.82210, 0, 8.82481,   0.00,25.00, 1, 25.00, 0, 0,   0.000,   0.000, 1,   0.800, 11.808, -7.380, 10.000,  0.005,
unit_sim,  56971950.611, 0, 25.00000,25.00000, 13.80000,8.82210,0.00000,8.82210,   0.000,  0.000,  0.000,  0,  -347600.3,   0.03444, 0, 
pro_20220917a, 2022-09-20T05:02:17,  56971950.611, 0.100,   0,  0,  0,  5,  25.0, 8.825,     0.000,     0.000,8.82210,    13.80000,0.00000,8.82210,8.82210,   0.000002, 0.03444,0.03444,0.03444,
unit_sel, 56971951.011, 0, 0,  -0.0000000,  0.00000,0.00000,0.00000,0.00000,0.00000,  0.00000,0.00000,   8.82210,0.00000,0.00000,  1, 0.00000,0.00000, 1, 0.00000,  1, 8.82481,8.82210, 0, 8.82481,   0.00,25.00, 1, 25.00, 0, 0,   0.000,   0.000, 1,   0.800, 11.808, -7.380, 10.000,  0.005,
unit_sim,  56971951.011, 0, 25.00000,25.00000, 13.80000,8.82210,0.00000,8.82210,   0.000,  0.000,  0.000,  0,  -347600.3,   0.03444, 0, 
pro_20220917a, 2022-09-20T05:02:17,  56971951.011, 0.100,   0,  0,  0,  5,  25.0, 8.825,     0.000,     0.000,8.82210,    13.80000,0.00000,8.82210,8.82210,   0.000002, 0.03444,0.03444,0.03444,
unit_sel, 56971951.411, 0, 0,  -0.0000000,  0.00000,0.00000,0.00000,0.00000,0.00000,  0.00000,0.00000,   8.82210,0.00000,0.00000,  1, 0.00000,0.00000, 1, 0.00000,  1, 8.82481,8.82210, 0, 8.82481,   0.00,25.00, 1, 25.00, 0, 0,   0.000,   0.000, 1,   0.800, 11.808, -7.380, 10.000,  0.005,
unit_sim,  56971951.411, 0, 25.00000,25.00000, 13.80000,8.82210,0.00000,8.82210,   0.000,  0.000,  0.000,  0,  -347600.3,   0.03444, 0, 
pro_20220917a, 2022-09-20T05:02:19,  56971951.411, 0.100,   0,  0,  0,  5,  25.0, 8.825,     0.000,     0.000,8.82210,    13.80000,0.00000,8.82210,8.82210,   0.000001, 0.03444,0.03444,0.03444,
unit_sel, 56971951.811, 0, 0,  -0.0000000,  0.00000,0.00000,0.00000,0.00000,0.00000,  0.00000,0.00000,   8.82210,0.00000,0.00000,  1, 0.00000,0.00000, 1, 0.00000,  1, 8.82223,8.82210, 0, 8.82223,   0.00,25.00, 1, 25.00, 0, 0,   0.000,   0.000, 1,   0.800, 11.808, -7.380, 10.000,  0.005,
unit_sim,  56971951.811, 0, 25.00000,25.00000, 13.80000,8.82210,0.00000,8.82210,   0.000,  0.000,  0.000,  0,  -347600.3,   0.03444, 0, 
pro_20220917a, 2022-09-20T05:02:19,  56971951.811, 0.100,   0,  0,  0,  5,  25.0, 8.822,     0.000,     0.000,8.82210,    13.80000,0.00000,8.82210,8.82210,   0.000001, 0.03444,0.03444,0.03444,
unit_sel, 56971952.211, 0, 0,  -0.0000000,  0.00000,0.00000,0.00000,0.00000,0.00000,  0.00000,0.00000,   8.82210,0.00000,0.00000,  1, 0.00000,0.00000, 1, 0.00000,  1, 8.82481,8.82210, 0, 8.82481,   0.00,25.00, 1, 25.00, 0, 0,   0.000,   0.000, 1,   0.800, 11.808, -7.380, 10.000,  0.005,
unit_sim,  56971952.211, 0, 25.00000,25.00000, 13.80000,8.82210,0.00000,8.82210,   0.000,  0.000,  0.000,  0,  -347600.3,   0.03444, 0, 
pro_20220917a, 2022-09-20T05:02:19,  56971952.211, 0.100,   0,  0,  0,  5,  25.0, 8.825,     0.000,     0.000,8.82210,    13.80000,0.00000,8.82210,8.82210,   0.000001, 0.03444,0.03444,0.03444,
unit_sel, 56971952.611, 0, 0,  -0.0000000,  0.00000,0.00000,0.00000,0.00000,0.00000,  0.00000,0.00000,   8.82210,0.00000,0.00000,  1, 0.00000,0.00000, 1, 0.00000,  1, 8.82223,8.82210, 0, 8.82223,   0.00,25.00, 1, 25.00, 0, 0,   0.000,   0.000, 1,   0.800, 11.808, -7.380, 10.000,  0.005,
unit_sim,  56971952.611, 0, 25.00000,25.00000, 13.80000,8.82210,0.00000,8.82210,   0.000,  0.000,  0.000,  0,  -347600.3,   0.03444, 0, 
pro_20220917a, 2022-09-20T05:02:19,  56971952.611, 0.100,   0,  0,  0,  5,  25.0, 8.822,     0.000,     0.000,8.82210,    13.80000,0.00000,8.82210,8.82210,   0.000002, 0.03444,0.03444,0.03444,
unit_sel, 56971953.011, 0, 0,  -0.0000000,  0.00000,0.00000,0.00000,0.00000,0.00000,  0.00000,0.00000,   8.82210,0.00000,0.00000,  1, 0.00000,0.00000, 1, 0.00000,  1, 8.82481,8.82210, 0, 8.82481,   0.00,25.00, 1, 25.00, 0, 0,   0.000,   0.000, 1,   0.800, 11.808, -7.380, 10.000,  0.005,
unit_sim,  56971953.011, 0, 25.00000,25.00000, 13.80000,8.82210,0.00000,8.82210,   0.000,  0.000,  0.000,  0,  -347600.3,   0.03444, 0, 
pro_20220917a, 2022-09-20T05:02:19,  56971953.011, 0.100,   0,  0,  0,  5,  25.0, 8.825,     0.000,     0.000,8.82210,    13.80000,0.00000,8.82210,8.82210,   0.000002, 0.03444,0.03444,0.03444,
unit_sel, 56971953.412, 0, 0,  -0.0000000,  0.00000,0.00000,0.00000,0.00000,0.00000,  0.00000,0.00000,   8.82210,0.00000,0.00000,  1, 0.00000,0.00000, 1, 0.00000,  1, 8.81964,8.82210, 0, 8.81964,   0.00,25.00, 1, 25.00, 0, 0,   0.000,   0.000, 1,   0.800, 11.808, -7.380, 10.000,  0.005,
unit_sim,  56971953.412, 0, 25.00000,25.00000, 13.80000,8.82210,0.00000,8.82210,   0.000,  0.000,  0.000,  0,  -347600.3,   0.03444, 0, 
pro_20220917a, 2022-09-20T05:02:21,  56971953.412, 0.100,   0,  0,  0,  5,  25.0, 8.820,     0.000,     0.000,8.82210,    13.80000,0.00000,8.82210,8.82210,   0.000001, 0.03444,0.03444,0.03444,
unit_sel, 56971953.811, 0, 0,  -0.0000000,  0.00000,0.00000,0.00000,0.00000,0.00000,  0.00000,0.00000,   8.82210,0.00000,0.00000,  1, 0.00000,0.00000, 1, 0.00000,  1, 8.82481,8.82210, 0, 8.82481,   0.00,25.00, 1, 25.00, 0, 0,   0.000,   0.000, 1,   0.800, 11.808, -7.380, 10.000,  0.005,
unit_sim,  56971953.811, 0, 25.00000,25.00000, 13.80000,8.82210,0.00000,8.82210,   0.000,  0.000,  0.000,  0,  -347600.3,   0.03444, 0, 
pro_20220917a, 2022-09-20T05:02:21,  56971953.811, 0.100,   0,  0,  0,  5,  25.0, 8.825,     0.000,     0.000,8.82210,    13.80000,0.00000,8.82210,8.82210,   0.000001, 0.03444,0.03444,0.03444,
unit_sel, 56971954.211, 0, 0,  -0.0000000,  0.00000,0.00000,0.00000,0.00000,0.00000,  0.00000,0.00000,   8.82210,0.00000,0.00000,  1, 0.00000,0.00000, 1, 0.00000,  1, 8.82481,8.82210, 0, 8.82481,   0.00,25.00, 1, 25.00, 0, 0,   0.000,   0.000, 1,   0.800, 11.808, -7.380, 10.000,  0.005,
unit_sim,  56971954.211, 0, 25.00000,25.00000, 13.80000,8.82210,0.00000,8.82210,   0.000,  0.000,  0.000,  0,  -347600.3,   0.03444, 0, 
pro_20220917a, 2022-09-20T05:02:21,  56971954.211, 0.100,   0,  0,  0,  5,  25.0, 8.825,     0.000,     0.000,8.82210,    13.80000,0.00000,8.82210,8.82210,   0.000001, 0.03444,0.03444,0.03444,
unit_sel, 56971954.611, 0, 0,  -0.0000000,  0.00000,0.00000,0.00000,0.00000,0.00000,  0.00000,0.00000,   8.82210,0.00000,0.00000,  1, 0.00000,0.00000, 1, 0.00000,  1, 8.82739,8.82210, 0, 8.82739,   0.00,25.00, 1, 25.00, 0, 0,   0.000,   0.000, 1,   0.800, 11.808, -7.380, 10.000,  0.005,
unit_sim,  56971954.611, 0, 25.00000,25.00000, 13.80000,8.82210,0.00000,8.82210,   0.000,  0.000,  0.000,  0,  -347600.3,   0.03444, 0, 
pro_20220917a, 2022-09-20T05:02:21,  56971954.611, 0.100,   0,  0,  0,  5,  25.0, 8.827,     0.000,     0.000,8.82210,    13.80000,0.00000,8.82210,8.82210,   0.000001, 0.03444,0.03444,0.03444,
unit_sel, 56971955.011, 0, 0,  -0.0000000,  0.00000,0.00000,0.00000,0.00000,0.00000,  0.00000,0.00000,   8.82210,0.00000,0.00000,  1, 0.00000,0.00000, 1, 0.00000,  1, 8.82739,8.82210, 0, 8.82739,   0.00,25.00, 1, 25.00, 0, 0,   0.000,   0.000, 1,   0.800, 11.808, -7.380, 10.000,  0.005,
unit_sim,  56971955.011, 0, 25.00000,25.00000, 13.80000,8.82210,0.00000,8.82210,   0.000,  0.000,  0.000,  0,  -347600.3,   0.03444, 0, 
pro_20220917a, 2022-09-20T05:02:21,  56971955.011, 0.100,   0,  0,  0,  5,  25.0, 8.827,     0.000,     0.000,8.82210,    13.80000,0.00000,8.82210,8.82210,   0.000002, 0.03444,0.03444,0.03444,
unit_sel, 56971955.411, 0, 0,  -0.0000000,  0.00000,0.00000,0.00000,0.00000,0.00000,  0.00000,0.00000,   8.82210,0.00000,0.00000,  1, 0.00000,0.00000, 1, 0.00000,  1, 8.81964,8.82210, 0, 8.81964,   0.00,25.00, 1, 25.00, 0, 0,   0.000,   0.000, 1,   0.800, 11.808, -7.380, 10.000,  0.005,
unit_sim,  56971955.411, 0, 25.00000,25.00000, 13.80000,8.82210,0.00000,8.82210,   0.000,  0.000,  0.000,  0,  -347600.3,   0.03444, 0, 
pro_20220917a, 2022-09-20T05:02:23,  56971955.411, 0.100,   0,  0,  0,  5,  25.0, 8.820,     0.000,     0.000,8.82210,    13.80000,0.00000,8.82210,8.82210,   0.000002, 0.03444,0.03444,0.03444,
unit_sel, 56971955.811, 0, 0,  -0.0000000,  0.00000,0.00000,0.00000,0.00000,0.00000,  0.00000,0.00000,   8.82210,0.00000,0.00000,  1, 0.00000,0.00000, 1, 0.00000,  1, 8.82223,8.82210, 0, 8.82223,   0.00,25.00, 1, 25.00, 0, 0,   0.000,   0.000, 1,   0.800, 11.808, -7.380, 10.000,  0.005,
unit_sim,  56971955.811, 0, 25.00000,25.00000, 13.80000,8.82210,0.00000,8.82210,   0.000,  0.000,  0.000,  0,  -347600.3,   0.03444, 0, 
pro_20220917a, 2022-09-20T05:02:23,  56971955.811, 0.100,   0,  0,  0,  5,  25.0, 8.822,     0.000,     0.000,8.82210,    13.80000,0.00000,8.82210,8.82210,   0.000001, 0.03444,0.03444,0.03444,
unit_sel, 56971956.211, 0, 0,  -0.0000000,  0.00000,0.00000,0.00000,0.00000,0.00000,  0.00000,0.00000,   8.82210,0.00000,0.00000,  1, 0.00000,0.00000, 1, 0.00000,  1, 8.82223,8.82210, 0, 8.82223,   0.00,25.00, 1, 25.00, 0, 0,   0.000,   0.000, 1,   0.800, 11.808, -7.380, 10.000,  0.005,
unit_sim,  56971956.211, 0, 25.00000,25.00000, 13.80000,8.82210,0.00000,8.82210,   0.000,  0.000,  0.000,  0,  -347600.3,   0.03444, 0, 
pro_20220917a, 2022-09-20T05:02:23,  56971956.211, 0.100,   0,  0,  0,  5,  25.0, 8.822,     0.000,     0.000,8.82210,    13.80000,0.00000,8.82210,8.82210,   0.000001, 0.03444,0.03444,0.03444,
unit_sel, 56971956.611, 0, 0,  -0.0000000,  0.00000,0.00000,0.00000,0.00000,0.00000,  0.00000,0.00000,   8.82210,0.00000,0.00000,  1, 0.00000,0.00000, 1, 0.00000,  1, 8.82481,8.82210, 0, 8.82481,   0.00,25.00, 1, 25.00, 0, 0,   0.000,   0.000, 1,   0.800, 11.808, -7.380, 10.000,  0.005,
unit_sim,  56971956.611, 0, 25.00000,25.00000, 13.80000,8.82210,0.00000,8.82210,   0.000,  0.000,  0.000,  0,  -347600.3,   0.03444, 0, 
pro_20220917a, 2022-09-20T05:02:23,  56971956.611, 0.100,   0,  0,  0,  5,  25.0, 8.825,     0.000,     0.000,8.82210,    13.80000,0.00000,8.82210,8.82210,   0.000001, 0.03444,0.03444,0.03444,
unit_sel, 56971957.011, 0, 0,  -0.0000000,  0.00000,0.00000,0.00000,0.00000,0.00000,  0.00000,0.00000,   8.82210,0.00000,0.00000,  1, 0.00000,0.00000, 1, 0.00000,  1, 8.82481,8.82210, 0, 8.82481,   0.00,25.00, 1, 25.00, 0, 0,   0.000,   0.000, 1,   0.800, 11.808, -7.380, 10.000,  0.005,
unit_sim,  56971957.011, 0, 25.00000,25.00000, 13.80000,8.82210,0.00000,8.82210,   0.000,  0.000,  0.000,  0,  -347600.3,   0.03444, 0, 
pro_20220917a, 2022-09-20T05:02:23,  56971957.011, 0.100,   0,  0,  0,  5,  25.0, 8.825,     0.000,     0.000,8.82210,    13.80000,0.00000,8.82210,8.82210,   0.000002, 0.03444,0.03444,0.03444,
unit_sel, 56971957.411, 0, 0,  -0.0000000,  0.00000,0.00000,0.00000,0.00000,0.00000,  0.00000,0.00000,   8.82210,0.00000,0.00000,  1, 0.00000,0.00000, 1, 0.00000,  1, 8.82223,8.82210, 0, 8.82223,   0.00,25.00, 1, 25.00, 0, 0,   0.000,   0.000, 1,   0.800, 11.808, -7.380, 10.000,  0.005,
unit_sim,  56971957.411, 0, 25.00000,25.00000, 13.80000,8.82210,0.00000,8.82210,   0.000,  0.000,  0.000,  0,  -347600.3,   0.03444, 0, 
pro_20220917a, 2022-09-20T05:02:25,  56971957.411, 0.100,   0,  0,  0,  5,  25.0, 8.822,     0.000,     0.000,8.82210,    13.80000,0.00000,8.82210,8.82210,   0.000002, 0.03444,0.03444,0.03444,
unit_sel, 56971957.811, 0, 0,  -0.0000000,  0.00000,0.00000,0.00000,0.00000,0.00000,  0.00000,0.00000,   8.82210,0.00000,0.00000,  1, 0.00000,0.00000, 1, 0.00000,  1, 8.82481,8.82210, 0, 8.82481,   0.00,25.00, 1, 25.00, 0, 0,   0.000,   0.000, 1,   0.800, 11.808, -7.380, 10.000,  0.005,
unit_sim,  56971957.811, 0, 25.00000,25.00000, 13.80000,8.82210,0.00000,8.82210,   0.000,  0.000,  0.000,  0,  -347600.3,   0.03444, 0, 
pro_20220917a, 2022-09-20T05:02:25,  56971957.811, 0.100,   0,  0,  0,  5,  25.0, 8.825,     0.000,     0.000,8.82210,    13.80000,0.00000,8.82210,8.82210,   0.000002, 0.03444,0.03444,0.03444,
unit_sel, 56971958.211, 0, 0,  -0.0000000,  0.00000,0.00000,0.00000,0.00000,0.00000,  0.00000,0.00000,   8.82210,0.00000,0.00000,  1, 0.00000,0.00000, 1, 0.00000,  1, 8.82481,8.82210, 0, 8.82481,   0.00,25.00, 1, 25.00, 0, 0,   0.000,   0.000, 1,   0.800, 11.808, -7.380, 10.000,  0.005,
unit_sim,  56971958.211, 0, 25.00000,25.00000, 13.80000,8.82210,0.00000,8.82210,   0.000,  0.000,  0.000,  0,  -347600.3,   0.03444, 0, 
pro_20220917a, 2022-09-20T05:02:25,  56971958.211, 0.100,   0,  0,  0,  5,  25.0, 8.825,     0.000,     0.000,8.82210,    13.80000,0.00000,8.82210,8.82210,   0.000001, 0.03444,0.03444,0.03444,
unit_sel, 56971958.611, 0, 0,  -0.0000000,  0.00000,0.00000,0.00000,0.00000,0.00000,  0.00000,0.00000,   8.82210,0.00000,0.00000,  1, 0.00000,0.00000, 1, 0.00000,  1, 8.82223,8.82210, 0, 8.82223,   0.00,25.00, 1, 25.00, 0, 0,   0.000,   0.000, 1,   0.800, 11.808, -7.380, 10.000,  0.005,
unit_sim,  56971958.611, 0, 25.00000,25.00000, 13.80000,8.82210,0.00000,8.82210,   0.000,  0.000,  0.000,  0,  -347600.3,   0.03444, 0, 
pro_20220917a, 2022-09-20T05:02:25,  56971958.611, 0.100,   0,  0,  0,  5,  25.0, 8.822,     0.000,     0.000,8.82210,    13.80000,0.00000,8.82210,8.82210,   0.000001, 0.03444,0.03444,0.03444,
unit_sel, 56971959.011, 0, 0,  -0.0000000,  0.00000,0.00000,0.00000,0.00000,0.00000,  0.00000,0.00000,   8.82210,0.00000,0.00000,  1, 0.00000,0.00000, 1, 0.00000,  1, 8.82481,8.82210, 0, 8.82481,   0.00,25.00, 1, 25.00, 0, 0,   0.000,   0.000, 1,   0.800, 11.808, -7.380, 10.000,  0.005,
unit_sim,  56971959.011, 0, 25.00000,25.00000, 13.80000,8.82210,0.00000,8.82210,   0.000,  0.000,  0.000,  0,  -347600.3,   0.03444, 0, 
pro_20220917a, 2022-09-20T05:02:25,  56971959.011, 0.100,   0,  0,  0,  5,  25.0, 8.825,     0.000,     0.000,8.82210,    13.80000,0.00000,8.82210,8.82210,   0.000001, 0.03444,0.03444,0.03444,
unit_sel, 56971959.411, 0, 0,  -0.0000000,  0.00000,0.00000,0.00000,0.00000,0.00000,  0.00000,0.00000,   8.82210,0.00000,0.00000,  1, 0.00000,0.00000, 1, 0.00000,  1, 8.82223,8.82210, 0, 8.82223,   0.00,25.00, 1, 25.00, 0, 0,   0.000,   0.000, 1,   0.800, 11.808, -7.380, 10.000,  0.005,
unit_sim,  56971959.411, 0, 25.00000,25.00000, 13.80000,8.82210,0.00000,8.82210,   0.000,  0.000,  0.000,  0,  -347600.3,   0.03444, 0, 
pro_20220917a, 2022-09-20T05:02:27,  56971959.411, 0.100,   0,  0,  0,  5,  25.0, 8.822,     0.000,     0.000,8.82210,    13.80000,0.00000,8.82210,8.82210,   0.000002, 0.03444,0.03444,0.03444,
unit_sel, 56971959.811, 0, 0,  -0.0000000,  0.00000,0.00000,0.00000,0.00000,0.00000,  0.00000,0.00000,   8.82210,0.00000,0.00000,  1, 0.00000,0.00000, 1, 0.00000,  1, 8.82223,8.82210, 0, 8.82223,   0.00,25.00, 1, 25.00, 0, 0,   0.000,   0.000, 1,   0.800, 11.808, -7.380, 10.000,  0.005,
unit_sim,  56971959.811, 0, 25.00000,25.00000, 13.80000,8.82210,0.00000,8.82210,   0.000,  0.000,  0.000,  0,  -347600.3,   0.03444, 0, 
pro_20220917a, 2022-09-20T05:02:27,  56971959.811, 0.100,   0,  0,  0,  5,  25.0, 8.822,     0.000,     0.000,8.82210,    13.80000,0.00000,8.82210,8.82210,   0.000002, 0.03444,0.03444,0.03444,
unit_sel, 56971960.211, 0, 0,  -0.0000000,  0.00000,0.00000,0.00000,0.00000,0.00000,  0.00000,0.00000,   8.82210,0.00000,0.00000,  1, 0.00000,0.00000, 1, 0.00000,  1, 8.82481,8.82210, 0, 8.82481,   0.00,25.00, 1, 25.00, 0, 0,   0.000,   0.000, 1,   0.800, 11.808, -7.380, 10.000,  0.005,
unit_sim,  56971960.211, 0, 25.00000,25.00000, 13.80000,8.82210,0.00000,8.82210,   0.000,  0.000,  0.000,  0,  -347600.3,   0.03444, 0, 
pro_20220917a, 2022-09-20T05:02:27,  56971960.211, 0.100,   0,  0,  0,  5,  25.0, 8.825,     0.000,     0.000,8.82210,    13.80000,0.00000,8.82210,8.82210,   0.000001, 0.03444,0.03444,0.03444,
unit_sel, 56971960.612, 0, 0,  -0.0000000,  0.00000,0.00000,0.00000,0.00000,0.00000,  0.00000,0.00000,   8.82210,0.00000,0.00000,  1, 0.00000,0.00000, 1, 0.00000,  1, 8.82223,8.82210, 0, 8.82223,   0.00,25.00, 1, 25.00, 0, 0,   0.000,   0.000, 1,   0.800, 11.808, -7.380, 10.000,  0.005,
unit_sim,  56971960.612, 0, 25.00000,25.00000, 13.80000,8.82210,0.00000,8.82210,   0.000,  0.000,  0.000,  0,  -347600.3,   0.03444, 0, 
pro_20220917a, 2022-09-20T05:02:27,  56971960.612, 0.100,   0,  0,  0,  5,  25.0, 8.822,     0.000,     0.000,8.82210,    13.80000,0.00000,8.82210,8.82210,   0.000001, 0.03444,0.03444,0.03444,
unit_sel, 56971961.011, 0, 0,  -0.0000000,  0.00000,0.00000,0.00000,0.00000,0.00000,  0.00000,0.00000,   8.82210,0.00000,0.00000,  1, 0.00000,0.00000, 1, 0.00000,  1, 8.82223,8.82210, 0, 8.82223,   0.00,25.00, 1, 25.00, 0, 0,   0.000,   0.000, 1,   0.800, 11.808, -7.380, 10.000,  0.005,
unit_sim,  56971961.011, 0, 25.00000,25.00000, 13.80000,8.82210,0.00000,8.82210,   0.000,  0.000,  0.000,  0,  -347600.3,   0.03444, 0, 
pro_20220917a, 2022-09-20T05:02:27,  56971961.011, 0.100,   0,  0,  0,  5,  25.0, 8.822,     0.000,     0.000,8.82210,    13.80000,0.00000,8.82210,8.82210,   0.000001, 0.03444,0.03444,0.03444,
unit_sel, 56971961.411, 0, 0,  -0.0000000,  0.00000,0.00000,0.00000,0.00000,0.00000,  0.00000,0.00000,   8.82210,0.00000,0.00000,  1, 0.00000,0.00000, 1, 0.00000,  1, 8.82223,8.82210, 0, 8.82223,   0.00,25.00, 1, 25.00, 0, 0,   0.000,   0.000, 1,   0.800, 11.808, -7.380, 10.000,  0.005,
unit_sim,  56971961.411, 0, 25.00000,25.00000, 13.80000,8.82210,0.00000,8.82210,   0.000,  0.000,  0.000,  0,  -347600.3,   0.03444, 0, 
pro_20220917a, 2022-09-20T05:02:29,  56971961.411, 0.100,   0,  0,  0,  5,  25.0, 8.822,     0.000,     0.000,8.82210,    13.80000,0.00000,8.82210,8.82210,   0.000002, 0.03444,0.03444,0.03444,
unit_sel, 56971961.811, 0, 0,  -0.0000000,  0.00000,0.00000,0.00000,0.00000,0.00000,  0.00000,0.00000,   8.82210,0.00000,0.00000,  1, 0.00000,0.00000, 1, 0.00000,  1, 8.82223,8.82210, 0, 8.82223,   0.00,25.00, 1, 25.00, 0, 0,   0.000,   0.000, 1,   0.800, 11.808, -7.380, 10.000,  0.005,
unit_sim,  56971961.811, 0, 25.00000,25.00000, 13.80000,8.82210,0.00000,8.82210,   0.000,  0.000,  0.000,  0,  -347600.3,   0.03444, 0, 
pro_20220917a, 2022-09-20T05:02:29,  56971961.811, 0.100,   0,  0,  0,  5,  25.0, 8.822,     0.000,     0.000,8.82210,    13.80000,0.00000,8.82210,8.82210,   0.000002, 0.03444,0.03444,0.03444,
unit_sel, 56971962.211, 0, 0,  -0.0000000,  0.00000,0.00000,0.00000,0.00000,0.00000,  0.00000,0.00000,   8.82210,0.00000,0.00000,  1, 0.00000,0.00000, 1, 0.00000,  1, 8.82481,8.82210, 0, 8.82481,   0.00,25.00, 1, 25.00, 0, 0,   0.000,   0.000, 1,   0.800, 11.808, -7.380, 10.000,  0.005,
unit_sim,  56971962.211, 0, 25.00000,25.00000, 13.80000,8.82210,0.00000,8.82210,   0.000,  0.000,  0.000,  0,  -347600.3,   0.03444, 0, 
pro_20220917a, 2022-09-20T05:02:29,  56971962.211, 0.100,   0,  0,  0,  5,  25.0, 8.825,     0.000,     0.000,8.82210,    13.80000,0.00000,8.82210,8.82210,   0.000002, 0.03444,0.03444,0.03444,
unit_sel, 56971962.611, 0, 0,  -0.0000000,  0.00000,0.00000,0.00000,0.00000,0.00000,  0.00000,0.00000,   8.82210,0.00000,0.00000,  1, 0.00000,0.00000, 1, 0.00000,  1, 8.82223,8.82210, 0, 8.82223,   0.00,25.00, 1, 25.00, 0, 0,   0.000,   0.000, 1,   0.800, 11.808, -7.380, 10.000,  0.005,
unit_sim,  56971962.611, 0, 25.00000,25.00000, 13.80000,8.82210,0.00000,8.82210,   0.000,  0.000,  0.000,  0,  -347600.3,   0.03444, 0, 
pro_20220917a, 2022-09-20T05:02:29,  56971962.611, 0.100,   0,  0,  0,  5,  25.0, 8.822,     0.000,     0.000,8.82210,    13.80000,0.00000,8.82210,8.82210,   0.000001, 0.03444,0.03444,0.03444,
unit_sel, 56971963.011, 0, 0,  -0.0000000,  0.00000,0.00000,0.00000,0.00000,0.00000,  0.00000,0.00000,   8.82210,0.00000,0.00000,  1, 0.00000,0.00000, 1, 0.00000,  1, 8.82223,8.82210, 0, 8.82223,   0.00,25.00, 1, 25.00, 0, 0,   0.000,   0.000, 1,   0.800, 11.808, -7.380, 10.000,  0.005,
unit_sim,  56971963.011, 0, 25.00000,25.00000, 13.80000,8.82210,0.00000,8.82210,   0.000,  0.000,  0.000,  0,  -347600.3,   0.03444, 0, 
pro_20220917a, 2022-09-20T05:02:29,  56971963.011, 0.100,   0,  0,  0,  5,  25.0, 8.822,     0.000,     0.000,8.82210,    13.80000,0.00000,8.82210,8.82210,   0.000001, 0.03444,0.03444,0.03444,
unit_sel, 56971963.411, 0, 0,  -0.0000000,  0.00000,0.00000,0.00000,0.00000,0.00000,  0.00000,0.00000,   8.82210,0.00000,0.00000,  1, 0.00000,0.00000, 1, 0.00000,  1, 8.82223,8.82210, 0, 8.82223,   0.00,25.00, 1, 25.00, 0, 0,   0.000,   0.000, 1,   0.800, 11.808, -7.380, 10.000,  0.005,
unit_sim,  56971963.411, 0, 25.00000,25.00000, 13.80000,8.82210,0.00000,8.82210,   0.000,  0.000,  0.000,  0,  -347600.3,   0.03444, 0, 
pro_20220917a, 2022-09-20T05:02:31,  56971963.411, 0.100,   0,  0,  0,  5,  25.0, 8.822,     0.000,     0.000,8.82210,    13.80000,0.00000,8.82210,8.82210,   0.000001, 0.03444,0.03444,0.03444,
unit_sel, 56971963.811, 0, 0,  -0.0000000,  0.00000,0.00000,0.00000,0.00000,0.00000,  0.00000,0.00000,   8.82210,0.00000,0.00000,  1, 0.00000,0.00000, 1, 0.00000,  1, 8.82223,8.82210, 0, 8.82223,   0.00,25.00, 1, 25.00, 0, 0,   0.000,   0.000, 1,   0.800, 11.808, -7.380, 10.000,  0.005,
unit_sim,  56971963.811, 0, 25.00000,25.00000, 13.80000,8.82210,0.00000,8.82210,   0.000,  0.000,  0.000,  0,  -347600.3,   0.03444, 0, 
pro_20220917a, 2022-09-20T05:02:31,  56971963.811, 0.100,   0,  0,  0,  5,  25.0, 8.822,     0.000,     0.000,8.82210,    13.80000,0.00000,8.82210,8.82210,   0.000002, 0.03444,0.03444,0.03444,
unit_sel, 56971964.211, 0, 0,  -0.0000000,  0.00000,0.00000,0.00000,0.00000,0.00000,  0.00000,0.00000,   8.82210,0.00000,0.00000,  1, 0.00000,0.00000, 1, 0.00000,  1, 8.82481,8.82210, 0, 8.82481,   0.00,25.00, 1, 25.00, 0, 0,   0.000,   0.000, 1,   0.800, 11.808, -7.380, 10.000,  0.005,
unit_sim,  56971964.211, 0, 25.00000,25.00000, 13.80000,8.82210,0.00000,8.82210,   0.000,  0.000,  0.000,  0,  -347600.3,   0.03444, 0, 
pro_20220917a, 2022-09-20T05:02:31,  56971964.211, 0.100,   0,  0,  0,  5,  25.0, 8.825,     0.000,     0.000,8.82210,    13.80000,0.00000,8.82210,8.82210,   0.000002, 0.03444,0.03444,0.03444,
unit_sel, 56971964.611, 0, 0,  -0.0000000,  0.00000,0.00000,0.00000,0.00000,0.00000,  0.00000,0.00000,   8.82210,0.00000,0.00000,  1, 0.00000,0.00000, 1, 0.00000,  1, 8.82481,8.82210, 0, 8.82481,   0.00,25.00, 1, 25.00, 0, 0,   0.000,   0.000, 1,   0.800, 11.808, -7.380, 10.000,  0.005,
unit_sim,  56971964.611, 0, 25.00000,25.00000, 13.80000,8.82210,0.00000,8.82210,   0.000,  0.000,  0.000,  0,  -347600.3,   0.03444, 0, 
pro_20220917a, 2022-09-20T05:02:31,  56971964.611, 0.100,   0,  0,  0,  5,  25.0, 8.825,     0.000,     0.000,8.82210,    13.80000,0.00000,8.82210,8.82210,   0.000002, 0.03444,0.03444,0.03444,
unit_sel, 56971965.011, 0, 0,  -0.0000000,  0.00000,0.00000,0.00000,0.00000,0.00000,  0.00000,0.00000,   8.82210,0.00000,0.00000,  1, 0.00000,0.00000, 1, 0.00000,  1, 8.82223,8.82210, 0, 8.82223,   0.00,25.00, 1, 25.00, 0, 0,   0.000,   0.000, 1,   0.800, 11.808, -7.380, 10.000,  0.005,
unit_sim,  56971965.011, 0, 25.00000,25.00000, 13.80000,8.82210,0.00000,8.82210,   0.000,  0.000,  0.000,  0,  -347600.3,   0.03444, 0, 
pro_20220917a, 2022-09-20T05:02:31,  56971965.011, 0.100,   0,  0,  0,  5,  25.0, 8.822,     0.000,     0.000,8.82210,    13.80000,0.00000,8.82210,8.82210,   0.000001, 0.03444,0.03444,0.03444,
unit_sel, 56971965.411, 0, 0,  -0.0000000,  0.00000,0.00000,0.00000,0.00000,0.00000,  0.00000,0.00000,   8.82210,0.00000,0.00000,  1, 0.00000,0.00000, 1, 0.00000,  1, 8.82223,8.82210, 0, 8.82223,   0.00,25.00, 1, 25.00, 0, 0,   0.000,   0.000, 1,   0.800, 11.808, -7.380, 10.000,  0.005,
unit_sim,  56971965.411, 0, 25.00000,25.00000, 13.80000,8.82210,0.00000,8.82210,   0.000,  0.000,  0.000,  0,  -347600.3,   0.03444, 0, 
pro_20220917a, 2022-09-20T05:02:33,  56971965.411, 0.100,   0,  0,  0,  5,  25.0, 8.822,     0.000,     0.000,8.82210,    13.80000,0.00000,8.82210,8.82210,   0.000001, 0.03444,0.03444,0.03444,
unit_sel, 56971965.812, 0, 0,  -0.0000000,  0.00000,0.00000,0.00000,0.00000,0.00000,  0.00000,0.00000,   8.82210,0.00000,0.00000,  1, 0.00000,0.00000, 1, 0.00000,  1, 8.82223,8.82210, 0, 8.82223,   0.00,25.00, 1, 25.00, 0, 0,   0.000,   0.000, 1,   0.800, 11.808, -7.380, 10.000,  0.005,
unit_sim,  56971965.812, 0, 25.00000,25.00000, 13.80000,8.82210,0.00000,8.82210,   0.000,  0.000,  0.000,  0,  -347600.3,   0.03444, 0, 
pro_20220917a, 2022-09-20T05:02:33,  56971965.812, 0.100,   0,  0,  0,  5,  25.0, 8.822,     0.000,     0.000,8.82210,    13.80000,0.00000,8.82210,8.82210,   0.000001, 0.03444,0.03444,0.03444,
echo:  SV.9, 4
echo:  W10, 4
echo:  SV.8, 4
echo:  W10, 4
echo:  SV.7, 4
echo:  W10, 4
echo:  SV.6, 4
echo:  W10, 4
echo:  SV1, 4
unit_sel, 56971966.211, 0, 0,  -0.0000000,  0.00000,0.00000,0.00000,0.00000,0.00000,  0.00000,0.00000,   8.82210,0.00000,0.00000,  1, 0.00000,0.00000, 1, 0.00000,  1, 8.82481,8.82210, 0, 8.82481,   0.00,25.00, 1, 25.00, 0, 0,   0.000,   0.000, 1,   0.800, 11.808, -7.380, 10.000,  0.005,
unit_sim,  56971966.211, 0, 25.00000,25.00000, 13.80000,8.82210,0.00000,8.82210,   0.000,  0.000,  0.000,  0,  -347600.3,   0.03444, 0, 
pro_20220917a, 2022-09-20T05:02:33,  56971966.211, 0.100,   0,  0,  0,  5,  25.0, 8.825,     0.000,     0.000,8.82210,    13.80000,0.00000,8.82210,8.82210,   0.000002, 0.03444,0.03444,0.03444,
echo:  SV.9, 0
rp.vb_scale   0.600 to   0.900
echo:  W10, 0
echo:  W, 0
..Wait.
echo:  W, 0
..Wait.
unit_sel, 56971966.611, 0, 0,   0.0010323,  0.00000,0.00000,0.00000,0.00000,0.00000,  0.00000,0.00000,   8.82210,-3.51511,-0.48955,  1, 0.00000,0.00000, 1, 0.00000,  1, 12.33721,8.82210, 0, 12.33721,   0.00,25.00, 1, 25.00, 0, 0,   0.000,   0.000, 1,   0.800, 11.808, -7.380, 10.000,  0.005,
unit_sim,  56971966.611, 0, 25.00000,25.00000, 13.80000,8.82210,0.00000,8.82210,   0.000,  0.000,  0.000,  0,  -347600.3,   0.03444, 0, 
pro_20220917a, 2022-09-20T05:02:33,  56971966.611, 0.100,   0,  0,  0,  5,  25.0,12.337,     0.000,     0.000,8.82210,    13.80000,0.00000,12.33721,8.96662,   3.370594, 0.03444,0.03581,0.03444,
echo:  W, 0
..Wait.
echo:  W, 0
..Wait.
echo:  W, 0
..Wait.
echo:  W, 0
..Wait.
unit_sel, 56971967.011, 0, 0,   0.0023438,  0.00000,0.00000,0.00000,0.00000,0.00000,  0.00000,0.00000,   8.82210,-3.51511,-1.03827,  1, 0.00000,0.00000, 1, 0.00000,  1, 12.33721,8.82210, 0, 12.33721,   0.00,25.00, 1, 25.00, 0, 0,   0.000,   0.000, 1,   0.800, 11.808, -7.380, 10.000,  0.005,
unit_sim,  56971967.011, 0, 25.00000,25.00000, 13.80000,8.82210,0.00000,8.82210,   0.000,  0.000,  0.000,  0,  -347600.3,   0.03444, 0, 
pro_20220917a, 2022-09-20T05:02:33,  56971967.011, 0.100,   0,  0,  0,  5,  25.0,12.337,     0.000,     0.000,8.82210,    13.80000,0.00000,12.33721,9.15023,   3.186983, 0.03444,0.03710,0.03444,
echo:  W, 0
..Wait.
echo:  W, 0
..Wait.
echo:  W, 0
..Wait.
echo:  W, 0
..Wait.
unit_sel, 56971967.411, 0, 0,   0.0035831,  0.00000,0.00000,0.00000,0.00000,0.00000,  0.00000,0.00000,   8.82210,-3.51124,-1.48713,  1, 0.00000,0.00000, 1, 0.00000,  1, 12.33721,8.82210, 0, 12.33721,   0.00,25.00, 1, 25.00, 0, 0,   0.000,   0.000, 1,   0.800, 11.808, -7.380, 10.000,  0.005,
unit_sim,  56971967.411, 0, 25.00000,25.00000, 13.80000,8.82210,0.00000,8.82210,   0.000,  0.000,  0.000,  0,  -347600.3,   0.03444, 0, 
pro_20220917a, 2022-09-20T05:02:35,  56971967.411, 0.100,   0,  0,  0,  5,  25.0,12.337,     0.000,     0.000,8.82210,    13.80000,0.00000,12.33721,9.32373,   3.013478, 0.03444,0.03833,0.03444,
echo:  SV.8, 0
rp.vb_scale   0.900 to   0.800
echo:  W10, 0
echo:  W, 0
..Wait.
echo:  W, 0
..Wait.
unit_sel, 56971967.811, 0, 0,   0.0044117,  0.00000,0.00000,0.00000,0.00000,0.00000,  0.00000,0.00000,   8.82210,-2.34776,-1.69185,  1, 0.00000,0.00000, 1, 0.00000,  1, 11.16641,8.82210, 0, 11.16641,   0.00,25.00, 1, 25.00, 0, 0,   0.000,   0.000, 1,   0.800, 11.808, -7.380, 10.000,  0.005,
unit_sim,  56971967.811, 0, 25.00000,25.00000, 13.80000,8.82210,0.00000,8.82210,   0.000,  0.000,  0.000,  0,  -347600.3,   0.03444, 0, 
pro_20220917a, 2022-09-20T05:02:35,  56971967.811, 0.100,   0,  0,  0,  5,  25.0,11.166,     0.000,     0.000,8.82210,    13.80000,0.00000,11.16641,9.43974,   1.726673, 0.03444,0.03903,0.03444,
echo:  W, 0
..Wait.
echo:  W, 0
..Wait.
echo:  W, 0
..Wait.
echo:  W, 0
..Wait.
unit_sel, 56971968.211, 0, 0,   0.0050834,  0.00000,0.00000,0.00000,0.00000,0.00000,  0.00000,0.00000,   8.82210,-2.34087,-1.81014,  1, 0.00000,0.00000, 1, 0.00000,  1, 11.16297,8.82210, 0, 11.16297,   0.00,25.00, 1, 25.00, 0, 0,   0.000,   0.000, 1,   0.800, 11.808, -7.380, 10.000,  0.005,
unit_sim,  56971968.211, 0, 25.00000,25.00000, 13.80000,8.82210,0.00000,8.82210,   0.000,  0.000,  0.000,  0,  -347600.3,   0.03444, 0, 
pro_20220917a, 2022-09-20T05:02:35,  56971968.211, 0.100,   0,  0,  0,  5,  25.0,11.163,     0.000,     0.000,8.82210,    13.80000,0.00000,11.16297,9.53377,   1.629195, 0.03444,0.03969,0.03444,
echo:  W, 0
..Wait.
echo:  W, 0
..Wait.
echo:  W, 0
..Wait.
echo:  W, 0
..Wait.
unit_sel, 56971968.611, 0, 0,   0.0057181,  0.00000,0.00000,0.00000,0.00000,0.00000,  0.00000,0.00000,   8.82210,-2.34431,-1.90684,  1, 0.00000,0.00000, 1, 0.00000,  1, 11.16297,8.82210, 0, 11.16297,   0.00,25.00, 1, 25.00, 0, 0,   0.000,   0.000, 1,   0.800, 11.808, -7.380, 10.000,  0.005,
unit_sim,  56971968.611, 0, 25.00000,25.00000, 13.80000,8.82210,0.00000,8.82210,   0.000,  0.000,  0.000,  0,  -347600.3,   0.03444, 0, 
pro_20220917a, 2022-09-20T05:02:35,  56971968.611, 0.100,   0,  0,  0,  5,  25.0,11.163,     0.000,     0.000,8.82210,    13.80000,0.00000,11.16297,9.62263,   1.540339, 0.03444,0.04031,0.03444,
echo:  SV.7, 0
rp.vb_scale   0.800 to   0.700
echo:  W10, 0
echo:  W, 0
..Wait.
echo:  W, 0
..Wait.
unit_sel, 56971969.011, 0, 0,   0.0059688,  0.00000,0.00000,0.00000,0.00000,0.00000,  0.00000,0.00000,   8.82210,-1.17351,-1.82235,  1, 0.00000,0.00000, 1, 0.00000,  1, 9.99561,8.82210, 0, 9.99561,   0.00,25.00, 1, 25.00, 0, 0,   0.000,   0.000, 1,   0.800, 11.808, -7.380, 10.000,  0.005,
unit_sim,  56971969.011, 0, 25.00000,25.00000, 13.80000,8.82210,0.00000,8.82210,   0.000,  0.000,  0.000,  0,  -347600.3,   0.03444, 0, 
pro_20220917a, 2022-09-20T05:02:35,  56971969.011, 0.100,   0,  0,  0,  5,  25.0, 9.996,     0.000,     0.000,8.82210,    13.80000,0.00000,9.99561,9.65774,   0.337871, 0.03444,0.04045,0.03444,
echo:  W, 0
..Wait.
echo:  W, 0
..Wait.
echo:  W, 0
..Wait.
echo:  W, 0
..Wait.
unit_sel, 56971969.411, 0, 0,   0.0060960,  0.00000,0.00000,0.00000,0.00000,0.00000,  0.00000,0.00000,   8.82210,-1.17050,-1.70456,  1, 0.00000,0.00000, 1, 0.00000,  1, 9.99260,8.82210, 0, 9.99260,   0.00,25.00, 1, 25.00, 0, 0,   0.000,   0.000, 1,   0.800, 11.808, -7.380, 10.000,  0.005,
unit_sim,  56971969.411, 0, 25.00000,25.00000, 13.80000,8.82210,0.00000,8.82210,   0.000,  0.000,  0.000,  0,  -347600.3,   0.03444, 0, 
pro_20220917a, 2022-09-20T05:02:37,  56971969.411, 0.100,   0,  0,  0,  5,  25.0, 9.993,     0.000,     0.000,8.82210,    13.80000,0.00000,9.99260,9.67554,   0.317055, 0.03444,0.04057,0.03444,
echo:  W, 0
..Wait.
echo:  W, 0
..Wait.
echo:  W, 0
..Wait.
echo:  W, 0
..Wait.
unit_sel, 56971969.811, 0, 0,   0.0062160,  0.00000,0.00000,0.00000,0.00000,0.00000,  0.00000,0.00000,   8.82210,-1.17652,-1.60829,  1, 0.00000,0.00000, 1, 0.00000,  1, 9.98958,8.82210, 0, 9.98958,   0.00,25.00, 1, 25.00, 0, 0,   0.000,   0.000, 1,   0.800, 11.808, -7.380, 10.000,  0.005,
unit_sim,  56971969.811, 0, 25.00000,25.00000, 13.80000,8.82210,0.00000,8.82210,   0.000,  0.000,  0.000,  0,  -347600.3,   0.03444, 0, 
pro_20220917a, 2022-09-20T05:02:37,  56971969.811, 0.100,   0,  0,  0,  5,  25.0, 9.990,     0.000,     0.000,8.82210,    13.80000,0.00000,9.98958,9.69234,   0.297239, 0.03444,0.04069,0.03444,
echo:  SV.6, 0
rp.vb_scale   0.700 to   0.600
echo:  W10, 0
echo:  W, 0
..Wait.
echo:  W, 0
..Wait.
unit_sel, 56971970.211, 0, 0,   0.0059961,  0.00000,0.00000,0.00000,0.00000,0.00000,  0.00000,0.00000,   8.82210,0.00000,-1.36572,  1, 0.00000,0.00000, 1, 0.00000,  1, 8.82481,8.82210, 0, 8.82481,   0.00,25.00, 1, 25.00, 0, 0,   0.000,   0.000, 1,   0.800, 11.808, -7.380, 10.000,  0.005,
unit_sim,  56971970.211, 0, 25.00000,25.00000, 13.80000,8.82210,0.00000,8.82210,   0.000,  0.000,  0.000,  0,  -347600.3,   0.03444, 0, 
pro_20220917a, 2022-09-20T05:02:37,  56971970.211, 0.100,   0,  0,  0,  5,  25.0, 8.825,     0.000,     0.000,8.82210,    13.80000,0.00000,8.82210,9.66155,  -0.839453, 0.03444,0.04036,0.03444,
echo:  W, 0
..Wait.
echo:  W, 0
..Wait.
echo:  W, 0
..Wait.
echo:  W, 0
..Wait.
unit_sel, 56971970.611, 0, 0,   0.0056727,  0.00000,0.00000,0.00000,0.00000,0.00000,  0.00000,0.00000,   8.82210,0.00000,-1.11811,  1, 0.00000,0.00000, 1, 0.00000,  1, 8.82223,8.82210, 0, 8.82223,   0.00,25.00, 1, 25.00, 0, 0,   0.000,   0.000, 1,   0.800, 11.808, -7.380, 10.000,  0.005,
unit_sim,  56971970.611, 0, 25.00000,25.00000, 13.80000,8.82210,0.00000,8.82210,   0.000,  0.000,  0.000,  0,  -347600.3,   0.03444, 0, 
pro_20220917a, 2022-09-20T05:02:37,  56971970.611, 0.100,   0,  0,  0,  5,  25.0, 8.822,     0.000,     0.000,8.82210,    13.80000,0.00000,8.82210,9.61627,  -0.794173, 0.03444,0.04004,0.03444,
echo:  W, 0
..Wait.
echo:  W, 0
..Wait.
echo:  W, 0
..Wait.
echo:  W, 0
..Wait.
unit_sel, 56971971.011, 0, 0,   0.0053603,  0.00000,0.00000,0.00000,0.00000,0.00000,  0.00000,0.00000,   8.82210,0.00000,-0.91539,  1, 0.00000,0.00000, 1, 0.00000,  1, 8.82739,8.82210, 0, 8.82739,   0.00,25.00, 1, 25.00, 0, 0,   0.000,   0.000, 1,   0.800, 11.808, -7.380, 10.000,  0.005,
unit_sim,  56971971.011, 0, 25.00000,25.00000, 13.80000,8.82210,0.00000,8.82210,   0.000,  0.000,  0.000,  0,  -347600.3,   0.03444, 0, 
pro_20220917a, 2022-09-20T05:02:37,  56971971.011, 0.100,   0,  0,  0,  5,  25.0, 8.827,     0.000,     0.000,8.82210,    13.80000,0.00000,8.82210,9.57254,  -0.750437, 0.03444,0.03973,0.03444,
echo:  SV1, 0
rp.vb_scale   0.600 to   1.000
unit_sel, 56971971.411, 0, 0,   0.0064403,  0.00000,0.00000,0.00000,0.00000,0.00000,  0.00000,0.00000,   8.82210,-4.69022,-1.40229,  1, 0.00000,0.00000, 1, 0.00000,  1, 13.50801,8.82210, 0, 13.50801,   0.00,25.00, 1, 25.00, 0, 0,   0.000,   0.000, 1,   0.800, 11.808, -7.380, 10.000,  0.005,
unit_sim,  56971971.411, 0, 25.00000,25.00000, 13.80000,8.82210,0.00000,8.82210,   0.000,  0.000,  0.000,  0,  -347600.3,   0.03444, 0, 
pro_20220917a, 2022-09-20T05:02:39,  56971971.411, 0.100,   0,  0,  0,  5,  25.0,13.508,     0.000,     0.000,8.82210,    13.80000,0.00000,13.50801,9.72374,   3.784270, 0.03444,0.04124,0.03444,
unit_sel, 56971971.811, 0, 0,   0.0077806,  0.00000,0.00000,0.00000,0.00000,0.00000,  0.00000,0.00000,   8.82210,-4.68161,-1.99722,  1, 0.00000,0.00000, 1, 0.00000,  1, 13.51232,8.82210, 0, 13.51232,   0.00,25.00, 1, 25.00, 0, 0,   0.000,   0.000, 1,   0.800, 11.808, -7.380, 10.000,  0.005,
unit_sim,  56971971.811, 0, 25.00000,25.00000, 13.80000,8.82210,0.00000,8.82210,   0.000,  0.000,  0.000,  0,  -347600.3,   0.03444, 0, 
pro_20220917a, 2022-09-20T05:02:39,  56971971.811, 0.100,   0,  0,  0,  5,  25.0,13.512,     0.000,     0.000,8.82210,    13.80000,0.00000,13.51232,9.91138,   3.600939, 0.03444,0.04253,0.03444,
unit_sel, 56971972.211, 0, 0,   0.0089354,  0.00000,0.00000,0.00000,0.00000,0.00000,  0.00000,0.00000,   8.82210,-4.68591,-2.48468,  1, 0.00000,0.00000, 1, 0.00000,  1, 13.51232,8.82210, 0, 13.51232,   0.00,25.00, 1, 25.00, 0, 0,   0.000,   0.000, 1,   0.800, 11.808, -7.380, 10.000,  0.005,
unit_sim,  56971972.211, 0, 25.00000,25.00000, 13.80000,8.82210,0.00000,8.82210,   0.000,  0.000,  0.000,  0,  -347600.3,   0.03444, 0, 
pro_20220917a, 2022-09-20T05:02:39,  56971972.211, 0.100,   0,  0,  0,  5,  25.0,13.512,     0.000,     0.000,8.82210,    13.80000,0.00000,13.51232,10.07305,   3.439270, 0.03444,0.04364,0.03444,
unit_sel, 56971972.611, 0, 0,   0.0099439,  0.00000,0.00000,0.00000,0.00000,0.00000,  0.00000,0.00000,   8.82210,-4.68591,-2.88355,  1, 0.00000,0.00000, 1, 0.00000,  1, 13.50801,8.82210, 0, 13.50801,   0.00,25.00, 1, 25.00, 0, 0,   0.000,   0.000, 1,   0.800, 11.808, -7.380, 10.000,  0.005,
unit_sim,  56971972.611, 0, 25.00000,25.00000, 13.80000,8.82210,0.00000,8.82210,   0.000,  0.000,  0.000,  0,  -347600.3,   0.03444, 0, 
pro_20220917a, 2022-09-20T05:02:39,  56971972.611, 0.100,   0,  0,  0,  5,  25.0,13.508,     0.000,     0.000,8.82210,    13.80000,0.00000,13.50801,10.21425,   3.293764, 0.03444,0.04462,0.03444,
unit_sel, 56971973.011, 0, 0,   0.0108347,  0.00000,0.00000,0.00000,0.00000,0.00000,  0.00000,0.00000,   8.82210,-4.68591,-3.21032,  1, 0.00000,0.00000, 1, 0.00000,  1, 13.49510,8.82210, 0, 13.49510,   0.00,25.00, 1, 25.00, 0, 0,   0.000,   0.000, 1,   0.800, 11.808, -7.380, 10.000,  0.005,
unit_sim,  56971973.011, 0, 25.00000,25.00000, 13.80000,8.82210,0.00000,8.82210,   0.000,  0.000,  0.000,  0,  -347600.3,   0.03444, 0, 
pro_20220917a, 2022-09-20T05:02:39,  56971973.011, 0.100,   0,  0,  0,  5,  25.0,13.495,     0.000,     0.000,8.82210,    13.80000,0.00000,13.49510,10.33896,   3.156134, 0.03444,0.04548,0.03444,
unit_sel, 56971973.412, 0, 0,   0.0116256,  0.00000,0.00000,0.00000,0.00000,0.00000,  0.00000,0.00000,   8.82210,-4.67730,-3.47649,  1, 0.00000,0.00000, 1, 0.00000,  1, 13.50371,8.82210, 0, 13.50371,   0.00,25.00, 1, 25.00, 0, 0,   0.000,   0.000, 1,   0.800, 11.808, -7.380, 10.000,  0.005,
unit_sim,  56971973.412, 0, 25.00000,25.00000, 13.80000,8.82210,0.00000,8.82210,   0.000,  0.000,  0.000,  0,  -347600.3,   0.03444, 0, 
pro_20220917a, 2022-09-20T05:02:41,  56971973.412, 0.100,   0,  0,  0,  5,  25.0,13.504,     0.000,     0.000,8.82210,    13.80000,0.00000,13.50371,10.44968,   3.054027, 0.03444,0.04625,0.03444,
unit_sel, 56971973.811, 0, 0,   0.0123347,  0.00000,0.00000,0.00000,0.00000,0.00000,  0.00000,0.00000,   8.82210,-4.68161,-3.69538,  1, 0.00000,0.00000, 1, 0.00000,  1, 13.51232,8.82210, 0, 13.51232,   0.00,25.00, 1, 25.00, 0, 0,   0.000,   0.000, 1,   0.800, 11.808, -7.380, 10.000,  0.005,
unit_sim,  56971973.811, 0, 25.00000,25.00000, 13.80000,8.82210,0.00000,8.82210,   0.000,  0.000,  0.000,  0,  -347600.3,   0.03444, 0, 
pro_20220917a, 2022-09-20T05:02:41,  56971973.811, 0.100,   0,  0,  0,  5,  25.0,13.512,     0.000,     0.000,8.82210,    13.80000,0.00000,13.51232,10.54895,   2.963366, 0.03444,0.04694,0.03444,
unit_sel, 56971974.211, 0, 0,   0.0129726,  0.00000,0.00000,0.00000,0.00000,0.00000,  0.00000,0.00000,   8.82210,-4.68591,-3.87514,  1, 0.00000,0.00000, 1, 0.00000,  1, 13.50371,8.82210, 0, 13.50371,   0.00,25.00, 1, 25.00, 0, 0,   0.000,   0.000, 1,   0.800, 11.808, -7.380, 10.000,  0.005,
unit_sim,  56971974.211, 0, 25.00000,25.00000, 13.80000,8.82210,0.00000,8.82210,   0.000,  0.000,  0.000,  0,  -347600.3,   0.03444, 0, 
pro_20220917a, 2022-09-20T05:02:41,  56971974.211, 0.100,   0,  0,  0,  5,  25.0,13.504,     0.000,     0.000,8.82210,    13.80000,0.00000,13.50371,10.63827,   2.865439, 0.03444,0.04757,0.03444,
unit_sel, 56971974.611, 0, 0,   0.0135473,  0.00000,0.00000,0.00000,0.00000,0.00000,  0.00000,0.00000,   8.82210,-4.68591,-4.02196,  1, 0.00000,0.00000, 1, 0.00000,  1, 13.50801,8.82210, 0, 13.50801,   0.00,25.00, 1, 25.00, 0, 0,   0.000,   0.000, 1,   0.800, 11.808, -7.380, 10.000,  0.005,
unit_sim,  56971974.611, 0, 25.00000,25.00000, 13.80000,8.82210,0.00000,8.82210,   0.000,  0.000,  0.000,  0,  -347600.3,   0.03444, 0, 
pro_20220917a, 2022-09-20T05:02:41,  56971974.611, 0.100,   0,  0,  0,  5,  25.0,13.508,     0.000,     0.000,8.82210,    13.80000,0.00000,13.50801,10.71872,   2.789298, 0.03444,0.04813,0.03444,
unit_sel, 56971975.011, 0, 0,   0.0140665,  0.00000,0.00000,0.00000,0.00000,0.00000,  0.00000,0.00000,   8.82210,-4.68591,-4.14234,  1, 0.00000,0.00000, 1, 0.00000,  1, 13.50371,8.82210, 0, 13.50371,   0.00,25.00, 1, 25.00, 0, 0,   0.000,   0.000, 1,   0.800, 11.808, -7.380, 10.000,  0.005,
unit_sim,  56971975.011, 0, 25.00000,25.00000, 13.80000,8.82210,0.00000,8.82210,   0.000,  0.000,  0.000,  0,  -347600.3,   0.03444, 0, 
pro_20220917a, 2022-09-20T05:02:41,  56971975.011, 0.100,   0,  0,  0,  5,  25.0,13.504,     0.000,     0.000,8.82210,    13.80000,0.00000,13.50371,10.79142,   2.712294, 0.03444,0.04863,0.03444,
unit_sel, 56971975.411, 0, 0,   0.0145359,  0.00000,0.00000,0.00000,0.00000,0.00000,  0.00000,0.00000,   8.82210,-4.68161,-4.24050,  1, 0.00000,0.00000, 1, 0.00000,  1, 13.50801,8.82210, 0, 13.50801,   0.00,25.00, 1, 25.00, 0, 0,   0.000,   0.000, 1,   0.800, 11.808, -7.380, 10.000,  0.005,
unit_sim,  56971975.411, 0, 25.00000,25.00000, 13.80000,8.82210,0.00000,8.82210,   0.000,  0.000,  0.000,  0,  -347600.3,   0.03444, 0, 
pro_20220917a, 2022-09-20T05:02:43,  56971975.411, 0.100,   0,  0,  0,  5,  25.0,13.508,     0.000,     0.000,8.82210,    13.80000,0.00000,13.50801,10.85713,   2.650887, 0.03444,0.04909,0.03444,
unit_sel, 56971975.811, 0, 0,   0.0149608,  0.00000,0.00000,0.00000,0.00000,0.00000,  0.00000,0.00000,   8.82210,-4.67300,-4.32081,  1, 0.00000,0.00000, 1, 0.00000,  1, 13.50371,8.82210, 0, 13.50371,   0.00,25.00, 1, 25.00, 0, 0,   0.000,   0.000, 1,   0.800, 11.808, -7.380, 10.000,  0.005,
unit_sim,  56971975.811, 0, 25.00000,25.00000, 13.80000,8.82210,0.00000,8.82210,   0.000,  0.000,  0.000,  0,  -347600.3,   0.03444, 0, 
pro_20220917a, 2022-09-20T05:02:43,  56971975.811, 0.100,   0,  0,  0,  5,  25.0,13.504,     0.000,     0.000,8.82210,    13.80000,0.00000,13.50371,10.91662,   2.587090, 0.03444,0.04950,0.03444,
unit_sel, 56971976.212, 0, 0,   0.0153452,  0.00000,0.00000,0.00000,0.00000,0.00000,  0.00000,0.00000,   8.82210,-4.67730,-4.38602,  1, 0.00000,0.00000, 1, 0.00000,  1, 13.49940,8.82210, 0, 13.49940,   0.00,25.00, 1, 25.00, 0, 0,   0.000,   0.000, 1,   0.800, 11.808, -7.380, 10.000,  0.005,
unit_sim,  56971976.212, 0, 25.00000,25.00000, 13.80000,8.82210,0.00000,8.82210,   0.000,  0.000,  0.000,  0,  -347600.3,   0.03444, 0, 
pro_20220917a, 2022-09-20T05:02:43,  56971976.212, 0.100,   0,  0,  0,  5,  25.0,13.499,     0.000,     0.000,8.82210,    13.80000,0.00000,13.49940,10.97043,   2.528970, 0.03444,0.04988,0.03444,
