  6 13.83    0.1   Tb,C  VOC,V  Ib,A 
 79 ---   79   EKF,Ah  chg,hrs  CC, Ah
Pf; for fails.  prints=10

  6 13.83    0.1   Tb,C  VOC,V  Ib,A 
 79 ---  SAT   EKF,Ah  chg,hrs  CC, Ah
Pf; for fails.  prints=10

  6 13.84    0.1   Tb,C  VOC,V  Ib,A 
 79 ---   79   EKF,Ah  chg,hrs  CC, Ah
Pf; for fails.  prints=10

Hd;echo: Hd, 4
echo: Hd, 0
unit_h, 2022-12-10T21:55:12, 1670709312,   6.875,  13.197,  -0.137,  0.9564,  0.9307,  13.199,  13.200, 0,
unit_h, 2022-12-10T22:25:12, 1670711112,   7.937,  13.279,  -0.137,  0.9923,  0.9909,  13.281,  13.282, 0,
unit_h, 2022-12-10T22:55:12, 1670712912,   7.743,  13.258,  -0.137,  0.9929,  0.9905,  13.259,  13.260, 0,
unit_h, 2022-12-10T23:25:12, 1670714712,   6.993,  13.236,  -0.203,  0.9999,  0.9904,  13.238,  13.239, 0,
unit_h, 2022-12-10T23:55:12, 1670716512,   6.182,  13.245,  -0.137,  0.9999,  0.9903,  13.247,  13.248, 0,
unit_h, 2022-12-11T00:25:12, 1670718312,   5.557,  13.249,  -0.137,  0.9999,  0.9902,  13.251,  13.252, 0,
unit_h, 2022-12-11T00:55:13, 1670720113,   5.057,  13.861,  34.462,  1.0000,  0.9966,  13.648,  13.848, 0,
unit_h, 2022-12-11T01:25:13, 1670721913,   4.993,  13.662,  -0.137,  0.9993,  0.9953,  13.664,  13.665, 0,
unit_h, 2022-12-11T01:55:13, 1670723713,   4.807,  13.547,  -0.137,  0.9999,  0.9946,  13.548,  13.548, 0,
unit_h, 2022-12-11T02:25:13, 1670725513,   4.557,  13.482,  -0.137,  0.9998,  0.9935,  13.483,  13.484, 0,
unit_h, 2022-12-11T02:55:13, 1670727313,   6.250,  13.120,  -3.080,  0.9660,  0.9557,  13.158,  13.176, 0,
unit_h, 2022-12-11T03:25:13, 1670729113,   7.562,  13.215,  -0.137,  0.9523,  0.9601,  13.217,  13.217, 0,
unit_h, 2022-12-11T03:55:13, 1670730913,   7.368,  13.223,  -0.137,  0.9529,  0.9803,  13.225,  13.226, 0,
unit_h, 2022-12-11T04:25:13, 1670732713,   6.618,  13.227,  -0.137,  0.9593,  0.9901,  13.229,  13.230, 0,
unit_h, 2022-12-11T04:55:13, 1670734513,   5.868,  13.232,  -0.137,  0.9651,  0.9901,  13.233,  13.234, 0,
unit_h, 2022-12-11T05:25:13, 1670736313,   5.182,  13.232,  -0.137,  0.9714,  0.9901,  13.233,  13.234, 0,
unit_h, 2022-12-11T05:55:13, 1670738113,   4.557,  13.232,  -0.137,  0.9767,  0.9901,  13.233,  13.234, 0,
unit_h, 2022-12-11T06:25:14, 1670739914,   5.625,  13.120,  -3.080,  0.9504,  0.9313,  13.158,  13.176, 0,
unit_h, 2022-12-11T06:55:14, 1670741714,   7.125,  13.206,  -0.137,  0.9323,  0.9456,  13.207,  13.208, 0,
unit_h, 2022-12-11T07:25:14, 1670743514,   6.743,  13.223,  -0.137,  0.9345,  0.9766,  13.225,  13.226, 0,
unit_h, 2022-12-11T07:55:14, 1670745314,   5.682,  13.219,  -0.137,  0.9436,  0.9900,  13.221,  13.222, 0,
unit_h, 2022-12-11T08:25:14, 1670747114,   4.682,  13.236,  -0.137,  0.9522,  0.9901,  13.238,  13.238, 0,
unit_h, 2022-12-11T08:55:14, 1670748914,   4.937,  13.116,  -3.148,  0.9381,  0.9489,  13.154,  13.173, 0,
unit_h, 2022-12-11T09:25:14, 1670750714,   6.812,  13.215,  -0.203,  0.9116,  0.9400,  13.217,  13.218, 0,
unit_h, 2022-12-11T09:55:14, 1670752514,   6.743,  13.219,  -0.203,  0.9108,  0.9776,  13.222,  13.223, 0,
unit_h, 2022-12-11T10:25:14, 1670754314,   5.618,  13.241,  -0.203,  0.9196,  0.9901,  13.243,  13.244, 0,
unit_h, 2022-12-11T10:55:14, 1670756114,   4.557,  13.223,  -0.203,  0.9285,  0.9902,  13.226,  13.227, 0,
unit_h, 2022-12-11T11:25:14, 1670757914,   5.125,  13.116,  -3.148,  0.9077,  0.9403,  13.154,  13.174, 0,
unit_h, 2022-12-11T11:55:15, 1670759715,   6.875,  13.223,  -0.203,  0.8855,  0.9458,  13.226,  13.227, 0,
unit_h, 2022-12-11T12:25:15, 1670761515,   6.557,  13.227,  -0.203,  0.8871,  0.9832,  13.230,  13.232, 0,
unit_h, 2022-12-11T12:55:15, 1670763315,   5.307,  13.236,  -0.203,  0.8968,  0.9901,  13.238,  13.239, 0,
unit_h, 2022-12-11T13:25:15, 1670765115,   4.812,  13.297,  -0.002,  0.9805,  0.9911,  13.297,  13.297, 0,
unit_h, 2022-12-11T13:55:15, 1670766915,   4.493,  13.297,   0.263,  0.9832,  0.9908,  13.293,  13.292, 0,
unit_h, 2022-12-11T14:25:15, 1670768715,   5.250,  13.176,  -1.810,  0.9658,  0.9749,  13.198,  13.208, 0,
unit_h, 2022-12-11T14:55:15, 1670770515,   7.000,  13.339,   1.535,  0.9546,  0.9911,  13.320,  13.312, 0,
unit_h, 2022-12-11T15:25:15, 1670772315,   6.932,  13.404,   1.737,  0.9645,  0.9921,  13.383,  13.374, 0,
unit_h, 2022-12-11T15:55:15, 1670774115,   6.118,  14.438,   0.465,  1.0000,  1.0000,  14.431,  14.631, 0,
unit_h, 2022-12-11T16:25:15, 1670775915,   6.057,  14.472,   0.263,  1.0000,  1.0000,  14.469,  14.669, 0,
unit_h, 2022-12-11T16:55:15, 1670777715,   6.057,  14.438,   0.263,  1.0000,  1.0000,  14.434,  14.634, 0,
unit_h, 2022-12-11T17:25:15, 1670779515,   5.993,  14.463,   0.197,  1.0000,  1.0000,  14.461,  14.661, 0,
unit_h, 2022-12-11T17:55:16, 1670781316,   5.807,  14.442,   0.263,  1.0000,  1.0000,  14.439,  14.639, 0,
unit_h, 2022-12-11T18:25:16, 1670783116,   5.682,  14.455,   0.263,  1.0000,  1.0000,  14.452,  14.652, 0,
unit_h, 2022-12-11T18:55:16, 1670784916,   5.618,  14.446,   0.263,  1.0000,  1.0000,  14.443,  14.643, 0,
unit_h, 2022-12-11T19:25:16, 1670786716,   5.557,  14.459,   0.263,  1.0000,  1.0000,  14.456,  14.656, 0,
unit_h, 2022-12-11T19:55:16, 1670788516,   5.243,  14.084,  -0.137,  0.9999,  0.9992,  14.086,  14.286, 0,
unit_h, 2022-12-11T20:25:16, 1670790316,   4.557,  13.861,  -0.137,  0.9999,  0.9978,  13.863,  14.062, 0,
unit_h, 2022-12-11T20:55:16, 1670792116,   5.187,  13.124,  -3.080,  0.9797,  0.9617,  13.162,  13.180, 0,
unit_h, 2022-12-11T21:25:16, 1670793916,   6.937,  13.210,  -0.137,  0.9556,  0.9034,  13.212,  13.213, 0,
unit_h, 2022-12-11T21:55:16, 1670795716,   6.868,  13.215,  -0.137,  0.9554,  0.9653,  13.217,  13.217, 0,
unit_h, 2022-12-11T22:25:16, 1670797516,   5.932,  13.227,  -0.137,  0.9636,  0.9902,  13.229,  13.230, 0,
unit_h, 2022-12-11T22:55:16, 1670799316,   4.932,  13.206,  -0.137,  0.9724,  0.9902,  13.207,  13.208, 0,
unit_h, 2022-12-11T23:25:17, 1670801117,   4.562,  13.124,  -3.148,  0.9674,  0.9563,  13.163,  13.182, 0,
unit_h, 2022-12-11T23:55:17, 1670802917,   6.750,  13.197,  -0.137,  0.9349,  0.8748,  13.199,  13.200, 0,
unit_h, 2022-12-12T00:25:17, 1670804717,   7.057,  13.232,  -0.137,  0.9313,  0.9387,  13.233,  13.234, 0,
unit_h, 2022-12-12T00:55:17, 1670806517,   6.118,  13.215,  -0.137,  0.9388,  0.9904,  13.217,  13.217, 0,
unit_h, 2022-12-12T01:25:17, 1670808317,   5.118,  13.241,  -0.137,  0.9476,  0.9904,  13.242,  13.243, 0,
unit_h, 2022-12-12T01:55:17, 1670810117,   4.307,  13.116,  -3.148,  0.9499,  0.9843,  13.155,  13.173, 0,
unit_h, 2022-12-12T02:25:17, 1670811917,   6.437,  13.193,  -0.137,  0.9149,  0.8785,  13.197,  13.197, 0,
unit_h, 2022-12-12T02:55:17, 1670813717,   7.000,  13.210,  -0.137,  0.9089,  0.9309,  13.212,  13.213, 0,
unit_h, 2022-12-12T03:25:17, 1670815517,   6.057,  13.249,  -0.137,  0.9164,  0.9904,  13.251,  13.252, 0,
unit_h, 2022-12-12T03:55:17, 1670817317,   4.807,  13.215,  -0.137,  0.9266,  0.9905,  13.217,  13.217, 0,
unit_h, 2022-12-12T04:25:17, 1670819117,   4.562,  13.124,  -3.148,  0.9179,  0.9462,  13.163,  13.182, 0,
unit_h, 2022-12-12T04:55:18, 1670820918,   6.625,  13.210,  -0.137,  0.8890,  0.8871,  13.213,  13.213, 0,
unit_h, 2022-12-12T05:25:18, 1670822718,   6.618,  13.223,  -0.137,  0.8872,  0.9629,  13.225,  13.226, 0,
unit_h, 2022-12-12T05:55:18, 1670824518,   5.432,  13.223,  -0.137,  0.8969,  0.9904,  13.225,  13.226, 0,
unit_h, 2022-12-12T06:25:18, 1670826318,   4.243,  13.142,  -3.282,  0.9051,  0.9901,  13.179,  13.199, 0,
unit_h, 2022-12-12T06:55:18, 1670828118,   5.687,  13.120,  -3.3.217,  13.237, 0,
unit_h, 2022-12-13T01:55:21, 1670896521,   6.312,  13.219,  -0.203,  0.8763,  0.9483,  13.228,  13.229, 0,
unit_h, 2022-12-13T02:25:21, 1670898321,   7.187,  13.267,  -0.203,  0.8673,  0.9905,  13.269,  13.270, 0,
unit_h, 2022-12-13T02:55:21, 1670900121,   6.243,  13.262,  -0.203,  0.8737,  0.9909,  13.265,  13.266, 0,
unit_h, 2022-12-13T03:25:21, 1670901921,   4.932,  13.262,  -0.203,  0.8838,  0.9909,  13.265,  13.266, 0,
unit_h, 2022-12-13T03:55:22, 1670903722,   4.312,  13.146,  -3.215,  0.8787,  0.9748,  13.185,  13.206, 0,
unit_h, 2022-12-13T04:25:22, 1670905522,   6.437,  13.219,  -0.203,  0.8471,  0.9146,  13.222,  13.223, 0,
unit_h, 2022-12-13T04:55:22, 1670907322,   6.743,  13.241,  -0.203,  0.8434,  0.9881,  13.243,  13.244, 0,
unit_h, 2022-12-13T05:25:22, 1670909122,   5.432,  13.236,  -0.203,  0.8528,  0.9906,  13.239,  13.240, 0,
unit_h, 2022-12-13T05:55:22, 1670910922,   4.057,  13.142,  -3.282,  0.8589,  0.9893,  13.182,  13.203, 0,
unit_h, 2022-12-13T06:25:22, 1670912722,   5.562,  13.107,  -3.148,  0.8290,  0.8932,  13.146,  13.167, 0,
unit_h, 2022-12-13T06:55:22, 1670914522,   6.750,  13.215,  -0.203,  0.8160,  0.9219,  13.217,  13.218, 0,
unit_h, 2022-12-13T07:25:22, 1670916322,   5.807,  13.210,  -0.203,  0.8220,  0.9902,  13.213,  13.214, 0,
unit_h, 2022-12-13T07:55:22, 1670918122,   4.368,  13.232,  -0.203,  0.8321,  0.9901,  13.234,  13.236, 0,
unit_h, 2022-12-13T08:25:22, 1670919922,   4.875,  13.102,  -3.148,  0.8106,  0.9053,  13.142,  13.162, 0,
unit_h, 2022-12-13T08:55:22, 1670921722,   6.750,  13.184,  -0.203,  0.7889,  0.8831,  13.188,  13.188, 0,
unit_h, 2022-12-13T09:25:22, 1670923522,   6.182,  13.202,  -0.203,  0.7915,  0.9577,  13.204,  13.206, 0,
unit_h, 2022-12-13T09:55:23, 1670925323,   4.743,  13.219,  -0.270,  0.8011,  0.9900,  13.222,  13.223, 0,
unit_h, 2022-12-13T10:25:23, 1670927123,   4.375,  13.086,  -3.148,  0.7906,  0.9319,  13.124,  13.146, 0,
unit_h, 2022-12-13T10:55:23, 1670928923,   6.437,  13.193,  -0.270,  0.7631,  0.8537,  13.196,  13.197, 0,
unit_h, 2022-12-13T11:25:23, 1670930723,   6.432,  13.197,  -0.203,  0.7616,  0.9254,  13.200,  13.202, 0,
unit_h, 2022-12-13T11:55:23, 1670932523,   4.993,  13.210,  -0.203,  0.7703,  0.9878,  13.213,  13.214, 16,
unit_h, 2022-12-13T12:25:23, 1670934323,   4.125,  13.077,  -3.215,  0.7672,  0.9497,  13.116,  13.137, 0,
unit_h, 2022-12-13T12:55:23, 1670936123,   6.250,  13.163,  -0.203,  0.7369,  0.8295,  13.167,  13.168, 0,
unit_h, 2022-12-13T13:25:23, 1670937923,   6.812,  13.899,  33.525,  0.7835,  0.9858,  13.486,  13.271, 16,
unit_h, 2022-12-13T13:55:23, 1670939723,   7.182,  13.365,   2.070,  0.8196,  0.9914,  13.340,  13.327, 0,
unit_h, 2022-12-13T14:25:23, 1670941523,   6.557,  13.391,   3.075,  0.8391,  0.9917,  13.354,  13.334, 0,
unit_h, 2022-12-13T14:55:23, 1670943323,   6.182,  13.525,   6.957,  0.8689,  0.9924,  13.441,  13.391, 0,
unit_h, 2022-12-13T15:25:23, 1670945123,   6.182,  13.585,   8.295,  0.9131,  0.9930,  13.483,  13.422, 0,
unit_h, 2022-12-13T15:55:24, 1670946924,  15.000,  13.693,   8.697,  0.8810,  0.9934,  13.586,  13.519, 1,
hist,  date,                time,    Tb, Vb, Ib, soc, soc_ekf, Voc_dyn, Voc_stat, falw,
unit_f, 2022-12-13T16:18:38, 1670948318,   5.750,  13.887,   0.063,   0.007,   5.750,  13.887,   0.063,  1.0000,  0.9982,  13.880,  14.080,   0.359, 0, 0,
unit_f, 2022-12-13T16:18:48, 1670948328,   5.750,  13.891,   0.063,   0.007,   5.750,  13.891,   0.063,  1.0000,  0.9981,  13.864,  14.064,   0.372, 0, 0,
unit_f, 2022-12-13T16:18:58, 1670948338,   5.750,  13.883,   0.063,   0.185,   5.750,  13.883,   0.063,  1.0000,  0.9982,  13.883,  14.082,   0.372, 0, 0,
unit_f, 2022-12-13T16:19:08, 1670948348,   5.750,  13.852,   0.063,   0.185,   5.750,  13.852,   0.063,  1.0000,  0.9981,  13.844,  14.044,   0.388, 0, 0,
unit_f, 2022-12-13T16:19:19, 1670948359,   5.750,  13.869,   0.063,   0.185,   5.750,  13.869,   0.063,  1.0000,  0.9980,  13.850,  14.050,   0.396, 1024, 0,
unit_f, 2022-12-13T16:19:29, 1670948369,   5.750,  13.852,   0.063,   0.007,   5.750,  13.852,   0.063,  1.0000,  0.9980,  13.850,  14.050,   0.404, 0, 0,
unit_f, 2022-12-13T16:19:39, 1670948379,   5.750,  13.857,   0.063,   0.007,   5.750,  13.857,   0.063,  1.0000,  0.9979,  13.842,  14.043,   0.413, 1024, 0,
fltb,  date,                time,    Tb_h, vb_h, ibah, ibnh, Tb, vb, ib, soc, soc_ekf, voc, Voc_stat, e_w_f, fltw, falw,
  6 13.82    0.1   Tb,C  VOC,V  Ib,A 
 79 ---  SAT   EKF,Ah  chg,hrs  CC, Ah
Pf; for fails.  prints=10

echo: Pr, 0
echo: Q, 0
ib_amp_fail = 0,
ib_noa_fail = 0,
vb_fail = 0,
Tb  =   5.750,
Vb  =  13.827,
Voc =  13.822,
voc_filt  =  13.872,
Vsat =  13.723,
Ib  =   0.064,
soc_m =   1.0000,
soc_ekf=   0.9976,
soc =   1.0000,
modeling = 0,
  6 13.83    0.1   Tb,C  VOC,V  Ib,A 
 79 ---   79   EKF,Ah  chg,hrs  CC, Ah
Pf; for fails.  prints=10

  6 13.84    0.1   Tb,C  VOC,V  Ib,A 
 79 ---  SAT   EKF,Ah  chg,hrs  CC, Ah
Pf; for fails.  prints=10

  6 13.83    0.1   Tb,C  VOC,V  Ib,A 
 79 ---   79   EKF,Ah  chg,hrs  CC, Ah
Pf; for fails.  prints=10

