echo:  v2, 4
echo:  v2, 0
unit,               hm,                  cTime,       dt,       chm,sat,sel,mod,  Tb,  Vb,  Ib,   ioc,  voc_soc,    Vsat,dV_dyn,Voc_stat,Voc_ekf,     y_ekf,    soc_s,soc_ekf,soc,
unit_m,  c_time,       chm_s,  Tb_s,Tbl_s,  vsat_s, voc_stat_s, dv_dyn_s, vb_s, ib_s, ib_in_s, ioc_s, sat_s, dq_s, soc_s, reset_s,
unit_s,c_time,res,user_sel,   cc_dif,  ibmh,ibnh,ibmm,ibnm,ibm,   ib_diff, ib_diff_f,    voc_soc,e_w,e_w_f,  ib_sel,Ib_h,Ib_s,mib,Ib, vb_sel,Vb_h,Vb_s,mvb,Vb,  Tb_h,Tb_s,mtb,Tb_f,   fltw, falw, ib_rate, ib_quiet, tb_sel, ccd_thr, ewh_thr, ewl_thr, ibd_thr, ibq_thr,
unit_sel, 58216499.861, 0, 0,   0.0000399,  0.00000,0.00000,0.00000,0.00000,0.00000,  0.00000,0.00000,   13.08000,-0.17700,-0.17805,  1, 0.00000,0.00000, 1, 0.00000,  1, 13.49940,13.08000, 1, 13.08000,   0.00,25.00, 1, 25.00, 0, 0,   0.000,   0.000, 1,   0.200,  0.394, -0.394, 10.000,  0.005,
unit_sim,  58216499.861, 0, 25.00000,25.00000, 13.80000,13.08000,0.00000,13.08000,   0.000,  0.000,  0.000,  0,  -180000.0,   0.50000, 0, 
pro_20220926, 2022-10-04T04:14:33,  58216499.861, 0.100,   0,  0,  0,  7,  25.0,13.080,     0.000,   -19.281,13.08000,    13.80000,0.00000,13.25695,13.08002,   0.176931, 0.50000,0.50004,0.50000,
unit_sel, 58216500.261, 0, 0,   0.0000407,  0.00000,0.00000,0.00000,0.00000,0.00000,  0.00000,0.00000,   13.08000,-0.17679,-0.17784,  1, 0.00000,0.00000, 1, 0.00000,  1, 13.50371,13.08000, 1, 13.08000,   0.00,25.00, 1, 25.00, 0, 0,   0.000,   0.000, 1,   0.200,  0.394, -0.394, 10.000,  0.005,
unit_sim,  58216500.261, 0, 25.00000,25.00000, 13.80000,13.08000,0.00000,13.08000,   0.000,  0.000,  0.000,  0,  -180000.0,   0.50000, 0, 
pro_20220926, 2022-10-04T04:14:33,  58216500.261, 0.100,   0,  0,  0,  7,  25.0,13.080,     0.000,   -19.261,13.08000,    13.80000,0.00000,13.25673,13.08002,   0.176716, 0.50000,0.50004,0.50000,
unit_sel, 58216500.661, 0, 0,   0.0000414,  0.00000,0.00000,0.00000,0.00000,0.00000,  0.00000,0.00000,   13.08000,-0.17657,-0.17762,  1, 0.00000,0.00000, 1, 0.00000,  1, 13.49510,13.08000, 1, 13.08000,   0.00,25.00, 1, 25.00, 0, 0,   0.000,   0.000, 1,   0.200,  0.394, -0.394, 10.000,  0.005,
unit_sim,  58216500.661, 0, 25.00000,25.00000, 13.80000,13.08000,0.00000,13.08000,   0.000,  0.000,  0.000,  0,  -180000.0,   0.50000, 0, 
pro_20220926, 2022-10-04T04:14:33,  58216500.661, 0.100,   0,  0,  0,  7,  25.0,13.080,     0.000,   -19.240,13.08000,    13.80000,0.00000,13.25652,13.08002,   0.176502, 0.50000,0.50004,0.50000,
unit_sel, 58216501.061, 0, 0,   0.0000421,  0.00000,0.00000,0.00000,0.00000,0.00000,  0.00000,0.00000,   13.08000,-0.17636,-0.17741,  1, 0.00000,0.00000, 1, 0.00000,  1, 13.49510,13.08000, 1, 13.08000,   0.00,25.00, 1, 25.00, 0, 0,   0.000,   0.000, 1,   0.200,  0.394, -0.394, 10.000,  0.005,
unit_sim,  58216501.061, 0, 25.00000,25.00000, 13.80000,13.08000,0.00000,13.08000,   0.000,  0.000,  0.000,  0,  -180000.0,   0.50000, 0, 
pro_20220926, 2022-10-04T04:14:33,  58216501.061, 0.100,   0,  0,  0,  7,  25.0,13.080,     0.000,   -19.220,13.08000,    13.80000,0.00000,13.25630,13.08002,   0.176287, 0.50000,0.50004,0.50000,
unit_sel, 58216501.462, 0, 0,   0.0000428,  0.00000,0.00000,0.00000,0.00000,0.00000,  0.00000,0.00000,   13.08000,-0.17615,-0.17719,  1, 0.00000,0.00000, 1, 0.00000,  1, 13.49510,13.08000, 1, 13.08000,   0.00,25.00, 1, 25.00, 0, 0,   0.000,   0.000, 1,   0.200,  0.394, -0.394, 10.000,  0.005,
unit_sim,  58216501.462, 0, 25.00000,25.00000, 13.80000,13.08000,0.00000,13.08000,   0.000,  0.000,  0.000,  0,  -180000.0,   0.50000, 0, 
pro_20220926, 2022-10-04T04:14:35,  58216501.462, 0.100,   0,  0,  0,  7,  25.0,13.080,     0.000,   -19.200,13.08000,    13.80000,0.00000,13.25609,13.08002,   0.176074, 0.50000,0.50004,0.50000,
unit_sel, 58216501.861, 0, 0,   0.0000436,  0.00000,0.00000,0.00000,0.00000,0.00000,  0.00000,0.00000,   13.08000,-0.17593,-0.17698,  1, 0.00000,0.00000, 1, 0.00000,  1, 13.50371,13.08000, 1, 13.08000,   0.00,25.00, 1, 25.00, 0, 0,   0.000,   0.000, 1,   0.200,  0.394, -0.394, 10.000,  0.005,
unit_sim,  58216501.861, 0, 25.00000,25.00000, 13.80000,13.08000,0.00000,13.08000,   0.000,  0.000,  0.000,  0,  -180000.0,   0.50000, 0, 
pro_20220926, 2022-10-04T04:14:35,  58216501.861, 0.100,   0,  0,  0,  7,  25.0,13.080,     0.000,   -19.179,13.08000,    13.80000,0.00000,13.25588,13.08002,   0.175861, 0.50000,0.50004,0.50000,
unit_sel, 58216502.261, 0, 0,   0.0000443,  0.00000,0.00000,0.00000,0.00000,0.00000,  0.00000,0.00000,   13.08000,-0.17572,-0.17676,  1, 0.00000,0.00000, 1, 0.00000,  1, 13.50371,13.08000, 1, 13.08000,   0.00,25.00, 1, 25.00, 0, 0,   0.000,   0.000, 1,   0.200,  0.394, -0.394, 10.000,  0.005,
unit_sim,  58216502.261, 0, 25.00000,25.00000, 13.80000,13.08000,0.00000,13.08000,   0.000,  0.000,  0.000,  0,  -180000.0,   0.50000, 0, 
pro_20220926, 2022-10-04T04:14:35,  58216502.261, 0.100,   0,  0,  0,  7,  25.0,13.080,     0.000,   -19.159,13.08000,    13.80000,0.00000,13.25566,13.08002,   0.175647, 0.50000,0.50004,0.50000,
unit_sel, 58216502.662, 0, 0,   0.0000451,  0.00000,0.00000,0.00000,0.00000,0.00000,  0.00000,0.00000,   13.08000,-0.17551,-0.17655,  1, 0.00000,0.00000, 1, 0.00000,  1, 13.50371,13.08000, 1, 13.08000,   0.00,25.00, 1, 25.00, 0, 0,   0.000,   0.000, 1,   0.200,  0.394, -0.394, 10.000,  0.005,
unit_sim,  58216502.662, 0, 25.00000,25.00000, 13.80000,13.08000,0.00000,13.08000,   0.000,  0.000,  0.000,  0,  -180000.0,   0.50000, 0, 
pro_20220926, 2022-10-04T04:14:35,  58216502.662, 0.100,   0,  0,  0,  7,  25.0,13.080,     0.000,   -19.139,13.08000,    13.80000,0.00000,13.25545,13.08002,   0.175434, 0.50000,0.50004,0.50000,
unit_sel, 58216503.061, 0, 0,   0.0000459,  0.00000,0.00000,0.00000,0.00000,0.00000,  0.00000,0.00000,   13.08000,-0.17529,-0.17633,  1, 0.00000,0.00000, 1, 0.00000,  1, 13.49940,13.08000, 1, 13.08000,   0.00,25.00, 1, 25.00, 0, 0,   0.000,   0.000, 1,   0.200,  0.394, -0.394, 10.000,  0.005,
unit_sim,  58216503.061, 0, 25.00000,25.00000, 13.80000,13.08000,0.00000,13.08000,   0.000,  0.000,  0.000,  0,  -180000.0,   0.50000, 0, 
pro_20220926, 2022-10-04T04:14:35,  58216503.061, 0.100,   0,  0,  0,  7,  25.0,13.080,     0.000,   -19.119,13.08000,    13.80000,0.00000,13.25524,13.08002,   0.175221, 0.50000,0.50004,0.50000,
unit_sel, 58216503.461, 0, 0,   0.0000466,  0.00000,0.00000,0.00000,0.00000,0.00000,  0.00000,0.00000,   13.08000,-0.17508,-0.17612,  1, 0.00000,0.00000, 1, 0.00000,  1, 13.49940,13.08000, 1, 13.08000,   0.00,25.00, 1, 25.00, 0, 0,   0.000,   0.000, 1,   0.200,  0.394, -0.394, 10.000,  0.005,
unit_sim,  58216503.461, 0, 25.00000,25.00000, 13.80000,13.08000,0.00000,13.08000,   0.000,  0.000,  0.000,  0,  -180000.0,   0.50000, 0, 
pro_20220926, 2022-10-04T04:14:37,  58216503.461, 0.100,   0,  0,  0,  7,  25.0,13.080,     0.000,   -19.098,13.08000,    13.80000,0.00000,13.25503,13.08002,   0.175008, 0.50000,0.50004,0.50000,
unit_sel, 58216503.861, 0, 0,   0.0000474,  0.00000,0.00000,0.00000,0.00000,0.00000,  0.00000,0.00000,   13.08000,-0.17487,-0.17591,  1, 0.00000,0.00000, 1, 0.00000,  1, 13.49510,13.08000, 1, 13.08000,   0.00,25.00, 1, 25.00, 0, 0,   0.000,   0.000, 1,   0.200,  0.394, -0.394, 10.000,  0.005,
unit_sim,  58216503.861, 0, 25.00000,25.00000, 13.80000,13.08000,0.00000,13.08000,   0.000,  0.000,  0.000,  0,  -180000.0,   0.50000, 0, 
pro_20220926, 2022-10-04T04:14:37,  58216503.861, 0.100,   0,  0,  0,  7,  25.0,13.080,     0.000,   -19.078,13.08000,    13.80000,0.00000,13.25482,13.08002,   0.174796, 0.50000,0.50004,0.50000,
unit_sel, 58216504.261, 0, 0,   0.0000482,  0.00000,0.00000,0.00000,0.00000,0.00000,  0.00000,0.00000,   13.08000,-0.17466,-0.17570,  1, 0.00000,0.00000, 1, 0.00000,  1, 13.49940,13.08000, 1, 13.08000,   0.00,25.00, 1, 25.00, 0, 0,   0.000,   0.000, 1,   0.200,  0.394, -0.394, 10.000,  0.005,
unit_sim,  58216504.261, 0, 25.00000,25.00000, 13.80000,13.08000,0.00000,13.08000,   0.000,  0.000,  0.000,  0,  -180000.0,   0.50000, 0, 
pro_20220926, 2022-10-04T04:14:37,  58216504.261, 0.100,   0,  0,  0,  7,  25.0,13.080,     0.000,   -19.058,13.08000,    13.80000,0.00000,13.25460,13.08002,   0.174584, 0.50000,0.50004,0.50000,
unit_sel, 58216504.661, 0, 0,   0.0000490,  0.00000,0.00000,0.00000,0.00000,0.00000,  0.00000,0.00000,   13.08000,-0.17445,-0.17548,  1, 0.00000,0.00000, 1, 0.00000,  1, 13.49940,13.08000, 1, 13.08000,   0.00,25.00, 1, 25.00, 0, 0,   0.000,   0.000, 1,   0.200,  0.394, -0.394, 10.000,  0.005,
unit_sim,  58216504.661, 0, 25.00000,25.00000, 13.80000,13.08000,0.00000,13.08000,   0.000,  0.000,  0.000,  0,  -180000.0,   0.50000, 0, 
pro_20220926, 2022-10-04T04:14:37,  58216504.661, 0.100,   0,  0,  0,  7,  25.0,13.080,     0.000,   -19.038,13.08000,    13.80000,0.00000,13.25439,13.08002,   0.174372, 0.50000,0.50004,0.50000,
unit_sel, 58216505.061, 0, 0,   0.0000498,  0.00000,0.00000,0.00000,0.00000,0.00000,  0.00000,0.00000,   13.08000,-0.17423,-0.17527,  1, 0.00000,0.00000, 1, 0.00000,  1, 13.50371,13.08000, 1, 13.08000,   0.00,25.00, 1, 25.00, 0, 0,   0.000,   0.000, 1,   0.200,  0.394, -0.394, 10.000,  0.005,
unit_sim,  58216505.061, 0, 25.00000,25.00000, 13.80000,13.08000,0.00000,13.08000,   0.000,  0.000,  0.000,  0,  -180000.0,   0.50000, 0, 
pro_20220926, 2022-10-04T04:14:37,  58216505.061, 0.100,   0,  0,  0,  7,  25.0,13.080,     0.000,   -19.018,13.08000,    13.80000,0.00000,13.25418,13.08002,   0.174159, 0.50000,0.50005,0.50000,
unit_sel, 58216505.461, 0, 0,   0.0000506,  0.00000,0.00000,0.00000,0.00000,0.00000,  0.00000,0.00000,   13.08000,-0.17402,-0.17506,  1, 0.00000,0.00000, 1, 0.00000,  1, 13.49510,13.08000, 1, 13.08000,   0.00,25.00, 1, 25.00, 0, 0,   0.000,   0.000, 1,   0.200,  0.394, -0.394, 10.000,  0.005,
unit_sim,  58216505.461, 0, 25.00000,25.00000, 13.80000,13.08000,0.00000,13.08000,   0.000,  0.000,  0.000,  0,  -180000.0,   0.50000, 0, 
pro_20220926, 2022-10-04T04:14:39,  58216505.461, 0.100,   0,  0,  0,  7,  25.0,13.080,     0.000,   -18.998,13.08000,    13.80000,0.00000,13.25397,13.08002,   0.173948, 0.50000,0.50005,0.50000,
unit_sel, 58216505.861, 0, 0,   0.0000514,  0.00000,0.00000,0.00000,0.00000,0.00000,  0.00000,0.00000,   13.08000,-0.17381,-0.17485,  1, 0.00000,0.00000, 1, 0.00000,  1, 13.49940,13.08000, 1, 13.08000,   0.00,25.00, 1, 25.00, 0, 0,   0.000,   0.000, 1,   0.200,  0.394, -0.394, 10.000,  0.005,
unit_sim,  58216505.861, 0, 25.00000,25.00000, 13.80000,13.08000,0.00000,13.08000,   0.000,  0.000,  0.000,  0,  -180000.0,   0.50000, 0, 
pro_20220926, 2022-10-04T04:14:39,  58216505.861, 0.100,   0,  0,  0,  7,  25.0,13.080,     0.000,   -18.978,13.08000,    13.80000,0.00000,13.25376,13.08002,   0.173737, 0.50000,0.50005,0.50000,
unit_sel, 58216506.261, 0, 0,   0.0000522,  0.00000,0.00000,0.00000,0.00000,0.00000,  0.00000,0.00000,   13.08000,-0.17360,-0.17463,  1, 0.00000,0.00000, 1, 0.00000,  1, 13.49510,13.08000, 1, 13.08000,   0.00,25.00, 1, 25.00, 0, 0,   0.000,   0.000, 1,   0.200,  0.394, -0.394, 10.000,  0.005,
unit_sim,  58216506.261, 0, 25.00000,25.00000, 13.80000,13.08000,0.00000,13.08000,   0.000,  0.000,  0.000,  0,  -180000.0,   0.50000, 0, 
pro_20220926, 2022-10-04T04:14:39,  58216506.261, 0.100,   0,  0,  0,  7,  25.0,13.080,     0.000,   -18.957,13.08000,    13.80000,0.00000,13.25355,13.08002,   0.173527, 0.50000,0.50005,0.50000,
unit_sel, 58216506.661, 0, 0,   0.0000530,  0.00000,0.00000,0.00000,0.00000,0.00000,  0.00000,0.00000,   13.08000,-0.17339,-0.17442,  1, 0.00000,0.00000, 1, 0.00000,  1, 13.50371,13.08000, 1, 13.08000,   0.00,25.00, 1, 25.00, 0, 0,   0.000,   0.000, 1,   0.200,  0.394, -0.394, 10.000,  0.005,
unit_sim,  58216506.661, 0, 25.00000,25.00000, 13.80000,13.08000,0.00000,13.08000,   0.000,  0.000,  0.000,  0,  -180000.0,   0.50000, 0, 
pro_20220926, 2022-10-04T04:14:39,  58216506.661, 0.100,   0,  0,  0,  7,  25.0,13.080,     0.000,   -18.937,13.08000,    13.80000,0.00000,13.25334,13.08002,   0.173316, 0.50000,0.50005,0.50000,
unit_sel, 58216507.061, 0, 0,   0.0000538,  0.00000,0.00000,0.00000,0.00000,0.00000,  0.00000,0.00000,   13.08000,-0.17318,-0.17421,  1, 0.00000,0.00000, 1, 0.00000,  1, 13.49940,13.08000, 1, 13.08000,   0.00,25.00, 1, 25.00, 0, 0,   0.000,   0.000, 1,   0.200,  0.394, -0.394, 10.000,  0.005,
unit_sim,  58216507.061, 0, 25.00000,25.00000, 13.80000,13.08000,0.00000,13.08000,   0.000,  0.000,  0.000,  0,  -180000.0,   0.50000, 0, 
pro_20220926, 2022-10-04T04:14:39,  58216507.061, 0.100,   0,  0,  0,  7,  25.0,13.080,     0.000,   -18.917,13.08000,    13.80000,0.00000,13.25313,13.08002,   0.173104, 0.50000,0.50005,0.50000,
unit_sel, 58216507.461, 0, 0,   0.0000547,  0.00000,0.00000,0.00000,0.00000,0.00000,  0.00000,0.00000,   13.08000,-0.17297,-0.17400,  1, 0.00000,0.00000, 1, 0.00000,  1, 13.50371,13.08000, 1, 13.08000,   0.00,25.00, 1, 25.00, 0, 0,   0.000,   0.000, 1,   0.200,  0.394, -0.394, 10.000,  0.005,
unit_sim,  58216507.461, 0, 25.00000,25.00000, 13.80000,13.08000,0.00000,13.08000,   0.000,  0.000,  0.000,  0,  -180000.0,   0.50000, 0, 
pro_20220926, 2022-10-04T04:14:41,  58216507.461, 0.100,   0,  0,  0,  7,  25.0,13.080,     0.000,   -18.897,13.08000,    13.80000,0.00000,13.25292,13.08002,   0.172894, 0.50000,0.50005,0.50000,
unit_sel, 58216507.861, 0, 0,   0.0000555,  0.00000,0.00000,0.00000,0.00000,0.00000,  0.00000,0.00000,   13.08000,-0.17276,-0.17379,  1, 0.00000,0.00000, 1, 0.00000,  1, 13.50371,13.08000, 1, 13.08000,   0.00,25.00, 1, 25.00, 0, 0,   0.000,   0.000, 1,   0.200,  0.394, -0.394, 10.000,  0.005,
unit_sim,  58216507.861, 0, 25.00000,25.00000, 13.80000,13.08000,0.00000,13.08000,   0.000,  0.000,  0.000,  0,  -180000.0,   0.50000, 0, 
pro_20220926, 2022-10-04T04:14:41,  58216507.861, 0.100,   0,  0,  0,  7,  25.0,13.080,     0.000,   -18.877,13.08000,    13.80000,0.00000,13.25271,13.08002,   0.172684, 0.50000,0.50005,0.50000,
unit_sel, 58216508.261, 0, 0,   0.0000563,  0.00000,0.00000,0.00000,0.00000,0.00000,  0.00000,0.00000,   13.08000,-0.17255,-0.17358,  1, 0.00000,0.00000, 1, 0.00000,  1, 13.49940,13.08000, 1, 13.08000,   0.00,25.00, 1, 25.00, 0, 0,   0.000,   0.000, 1,   0.200,  0.394, -0.394, 10.000,  0.005,
unit_sim,  58216508.261, 0, 25.00000,25.00000, 13.80000,13.08000,0.00000,13.08000,   0.000,  0.000,  0.000,  0,  -180000.0,   0.50000, 0, 
pro_20220926, 2022-10-04T04:14:41,  58216508.261, 0.100,   0,  0,  0,  7,  25.0,13.080,     0.000,   -18.857,13.08000,    13.80000,0.00000,13.25250,13.08002,   0.172474, 0.50000,0.50005,0.50000,
unit_sel, 58216508.661, 0, 0,   0.0000572,  0.00000,0.00000,0.00000,0.00000,0.00000,  0.00000,0.00000,   13.08000,-0.17234,-0.17337,  1, 0.00000,0.00000, 1, 0.00000,  1, 13.49079,13.08000, 1, 13.08000,   0.00,25.00, 1, 25.00, 0, 0,   0.000,   0.000, 1,   0.200,  0.394, -0.394, 10.000,  0.005,
unit_sim,  58216508.661, 0, 25.00000,25.00000, 13.80000,13.08000,0.00000,13.08000,   0.000,  0.000,  0.000,  0,  -180000.0,   0.50000, 0, 
pro_20220926, 2022-10-04T04:14:41,  58216508.661, 0.100,   0,  0,  0,  7,  25.0,13.080,     0.000,   -18.837,13.08000,    13.80000,0.00000,13.25229,13.08002,   0.172264, 0.50000,0.50005,0.50000,
echo:  Ca1, 4
echo:  Ca1, 0
soc=  1.000, modeling = 7, delta_q=  0.000, soc_model=  1.0000,   delta_q_model=  0.000, soc_ekf=  0.5001, delta_q_ekf=-179980.804,
soft reset...
unit_sel, 58216508.964, 1, 0,  -0.4999467,  0.00000,0.00000,0.00000,0.00000,0.00000,  0.00000,0.00000,   13.08000,-0.17213,-0.17213,  1, 0.00000,0.00000, 1, 0.00000,  1, 13.51663,14.50000, 1, 14.50000,   0.00,25.00, 1, 25.00, 0, 16,   0.000,   0.000, 1,   0.200,393.600,-393.600, 10.000,  0.005,
unit_sim,  58216508.964, 0, 25.00000,25.00000, 13.80000,14.50000,0.00000,14.50000,   0.000,  0.000,  0.000,  1,        0.0,   1.00000, 1, 
unit,               hm,                  cTime,       dt,       chm,sat,sel,mod,  Tb,  Vb,  Ib,   ioc,  voc_soc,    Vsat,dV_dyn,Voc_stat,Voc_ekf,     y_ekf,    soc_s,soc_ekf,soc,
unit_m,  c_time,       chm_s,  Tb_s,Tbl_s,  vsat_s, voc_stat_s, dv_dyn_s, vb_s, ib_s, ib_in_s, ioc_s, sat_s, dq_s, soc_s, reset_s,
unit_s,c_time,res,user_sel,   cc_dif,  ibmh,ibnh,ibmm,ibnm,ibm,   ib_diff, ib_diff_f,    voc_soc,e_w,e_w_f,  ib_sel,Ib_h,Ib_s,mib,Ib, vb_sel,Vb_h,Vb_s,mvb,Vb,  Tb_h,Tb_s,mtb,Tb_f,   fltw, falw, ib_rate, ib_quiet, tb_sel, ccd_thr, ewh_thr, ewl_thr, ibd_thr, ibq_thr,
pro_20220926, 2022-10-04T04:14:41,  58216508.964, 0.002,   0,  0,  0,  7,  25.0,14.500,     0.000,     0.000,13.08000,    13.80000,0.00000,14.50000,14.49984,   0.000158, 1.00000,1.00000,1.00000,
echo:  W3, 0
echo:  W, 0
..Wait.
echo:  W, 0
..Wait.
echo:  W, 0
..Wait.
unit_sel, 58216509.363, 0, 0,  -0.0000010,  0.00000,0.00000,0.00000,0.00000,0.00000,  0.00000,0.00000,   14.50000,-0.00000,-0.20054,  1, 0.00000,0.00000, 1, 0.00000,  1, 13.51663,14.30000, 1, 14.30000,   0.00,25.00, 1, 25.00, 0, 0,   0.000,   0.000, 1,   0.200,393.600,-393.600, 10.000,  0.005,
unit_sim,  58216509.363, 0, 25.00000,25.00000, 13.80000,14.50000,0.00000,14.30000,   0.000,  0.000,-16.216,  1,        0.0,   1.00000, 0, 
pro_20220926, 2022-10-04T04:14:43,  58216509.363, 0.100,   0,  1,  0,  7,  25.0,14.300,     0.000,   -16.216,14.50000,    13.80000,0.00000,14.50000,14.49984,   0.000159, 1.00000,1.00000,1.00000,
unit_sel, 58216509.763, 0, 0,  -0.0000010,  0.00000,0.00000,0.00000,0.00000,0.00000,  0.00000,0.00000,   14.50000,-0.00000,-0.16418,  1, 0.00000,0.00000, 1, 0.00000,  1, 13.52093,14.30000, 1, 14.30000,   0.00,25.00, 1, 25.00, 0, 0,   0.000,   0.000, 1,   0.200,393.600,-393.600, 10.000,  0.005,
unit_sim,  58216509.763, 0, 25.00000,25.00000, 13.80000,14.50000,0.00000,14.30000,   0.000,  0.000,-16.216,  1,        0.0,   1.00000, 0, 
pro_20220926, 2022-10-04T04:14:43,  58216509.763, 0.100,   0,  1,  0,  7,  25.0,14.300,     0.000,   -16.216,14.50000,    13.80000,0.00000,14.50000,14.49984,   0.000159, 1.00000,1.00000,1.00000,
unit_sel, 58216510.163, 0, 0,  -0.0000010,  0.00000,0.00000,0.00000,0.00000,0.00000,  0.00000,0.00000,   14.50000,-0.00000,-0.13442,  1, 0.00000,0.00000, 1, 0.00000,  1, 13.51663,14.30000, 1, 14.30000,   0.00,25.00, 1, 25.00, 0, 0,   0.000,   0.000, 1,   0.200,393.600,-393.600, 10.000,  0.005,
unit_sim,  58216510.163, 0, 25.00000,25.00000, 13.80000,14.50000,0.00000,14.30000,   0.000,  0.000,-16.216,  1,        0.0,   1.00000, 0, 
pro_20220926, 2022-10-04T04:14:43,  58216510.163, 0.100,   0,  1,  0,  7,  25.0,14.300,     0.000,   -16.216,14.50000,    13.80000,0.00000,14.50000,14.49984,   0.000159, 1.00000,1.00000,1.00000,
unit_sel, 58216510.563, 0, 0,  -0.0000010,  0.00000,0.00000,0.00000,0.00000,0.00000,  0.00000,0.00000,   14.50000,-0.00000,-0.11005,  1, 0.00000,0.00000, 1, 0.00000,  1, 13.51663,14.30000, 1, 14.30000,   0.00,25.00, 1, 25.00, 0, 0,   0.000,   0.000, 1,   0.200,393.600,-393.600, 10.000,  0.005,
unit_sim,  58216510.563, 0, 25.00000,25.00000, 13.80000,14.50000,0.00000,14.30000,   0.000,  0.000,-16.216,  1,        0.0,   1.00000, 0, 
pro_20220926, 2022-10-04T04:14:43,  58216510.563, 0.100,   0,  1,  0,  7,  25.0,14.300,     0.000,   -16.216,14.50000,    13.80000,0.00000,14.50000,14.49984,   0.000159, 1.00000,1.00000,1.00000,
unit_sel, 58216510.963, 0, 0,  -0.0000010,  0.00000,0.00000,0.00000,0.00000,0.00000,  0.00000,0.00000,   14.50000,-0.00000,-0.09009,  1, 0.00000,0.00000, 1, 0.00000,  1, 13.52093,14.30000, 1, 14.30000,   0.00,25.00, 1, 25.00, 0, 0,   0.000,   0.000, 1,   0.200,393.600,-393.600, 10.000,  0.005,
unit_sim,  58216510.963, 0, 25.00000,25.00000, 13.80000,14.50000,0.00000,14.30000,   0.000,  0.000,-16.216,  1,        0.0,   1.00000, 0, 
pro_20220926, 2022-10-04T04:14:43,  58216510.963, 0.100,   0,  1,  0,  7,  25.0,14.300,     0.000,   -16.216,14.50000,    13.80000,0.00000,14.50000,14.49984,   0.000159, 1.00000,1.00000,1.00000,
unit_sel, 58216511.364, 0, 0,  -0.0000010,  0.00000,0.00000,0.00000,0.00000,0.00000,  0.00000,0.00000,   14.50000,-0.00000,-0.07376,  1, 0.00000,0.00000, 1, 0.00000,  1, 13.49940,14.30000, 1, 14.30000,   0.00,25.00, 1, 25.00, 0, 0,   0.000,   0.000, 1,   0.200,393.600,-393.600, 10.000,  0.005,
unit_sim,  58216511.364, 0, 25.00000,25.00000, 13.80000,14.50000,0.00000,14.30000,   0.000,  0.000,-16.216,  1,        0.0,   1.00000, 0, 
pro_20220926, 2022-10-04T04:14:45,  58216511.364, 0.100,   0,  1,  0,  7,  25.0,14.300,     0.000,   -16.216,14.50000,    13.80000,0.00000,14.50000,14.49984,   0.000159, 1.00000,1.00000,1.00000,
unit_sel, 58216511.763, 0, 0,  -0.0000010,  0.00000,0.00000,0.00000,0.00000,0.00000,  0.00000,0.00000,   14.50000,-0.00000,-0.06039,  1, 0.00000,0.00000, 1, 0.00000,  1, 13.49940,14.30000, 1, 14.30000,   0.00,25.00, 1, 25.00, 0, 0,   0.000,   0.000, 1,   0.200,393.600,-393.600, 10.000,  0.005,
unit_sim,  58216511.763, 0, 25.00000,25.00000, 13.80000,14.50000,0.00000,14.30000,   0.000,  0.000,-16.216,  1,        0.0,   1.00000, 0, 
pro_20220926, 2022-10-04T04:14:45,  58216511.763, 0.100,   0,  1,  0,  7,  25.0,14.300,     0.000,   -16.216,14.50000,    13.80000,0.00000,14.50000,14.49984,   0.000159, 1.00000,1.00000,1.00000,
unit_sel, 58216512.163, 0, 0,  -0.0000010,  0.00000,0.00000,0.00000,0.00000,0.00000,  0.00000,0.00000,   14.50000,-0.00000,-0.04944,  1, 0.00000,0.00000, 1, 0.00000,  1, 13.50371,14.30000, 1, 14.30000,   0.00,25.00, 1, 25.00, 0, 0,   0.000,   0.000, 1,   0.200,393.600,-393.600, 10.000,  0.005,
unit_sim,  58216512.163, 0, 25.00000,25.00000, 13.80000,14.50000,0.00000,14.30000,   0.000,  0.000,-16.216,  1,        0.0,   1.00000, 0, 
pro_20220926, 2022-10-04T04:14:45,  58216512.163, 0.100,   0,  1,  0,  7,  25.0,14.300,     0.000,   -16.216,14.50000,    13.80000,0.00000,14.50000,14.49984,   0.000159, 1.00000,1.00000,1.00000,
unit_sel, 58216512.563, 0, 0,  -0.0000010,  0.00000,0.00000,0.00000,0.00000,0.00000,  0.00000,0.00000,   14.50000,-0.00000,-0.04048,  1, 0.00000,0.00000, 1, 0.00000,  1, 13.51232,14.30000, 1, 14.30000,   0.00,25.00, 1, 25.00, 0, 0,   0.000,   0.000, 1,   0.200,393.600,-393.600, 10.000,  0.005,
unit_sim,  58216512.563, 0, 25.00000,25.00000, 13.80000,14.50000,0.00000,14.30000,   0.000,  0.000,-16.216,  1,        0.0,   1.00000, 0, 
pro_20220926, 2022-10-04T04:14:45,  58216512.563, 0.100,   0,  1,  0,  7,  25.0,14.300,     0.000,   -16.216,14.50000,    13.80000,0.00000,14.50000,14.49984,   0.000159, 1.00000,1.00000,1.00000,
unit_sel, 58216512.963, 0, 0,  -0.0000010,  0.00000,0.00000,0.00000,0.00000,0.00000,  0.00000,0.00000,   14.50000,-0.00000,-0.03314,  1, 0.00000,0.00000, 1, 0.00000,  1, 13.52093,14.30000, 1, 14.30000,   0.00,25.00, 1, 25.00, 0, 0,   0.000,   0.000, 1,   0.200,393.600,-393.600, 10.000,  0.005,
unit_sim,  58216512.963, 0, 25.00000,25.00000, 13.80000,14.50000,0.00000,14.30000,   0.000,  0.000,-16.216,  1,        0.0,   1.00000, 0, 
pro_20220926, 2022-10-04T04:14:45,  58216512.963, 0.100,   0,  1,  0,  7,  25.0,14.300,     0.000,   -16.216,14.50000,    13.80000,0.00000,14.50000,14.49984,   0.000159, 1.00000,1.00000,1.00000,
unit_sel, 58216513.363, 0, 0,  -0.0000010,  0.00000,0.00000,0.00000,0.00000,0.00000,  0.00000,0.00000,   14.50000,-0.00000,-0.02713,  1, 0.00000,0.00000, 1, 0.00000,  1, 13.52093,14.30000, 1, 14.30000,   0.00,25.00, 1, 25.00, 0, 0,   0.000,   0.000, 1,   0.200,393.600,-393.600, 10.000,  0.005,
unit_sim,  58216513.363, 0, 25.00000,25.00000, 13.80000,14.50000,0.00000,14.30000,   0.000,  0.000,-16.216,  1,        0.0,   1.00000, 0, 
pro_20220926, 2022-10-04T04:14:47,  58216513.363, 0.100,   0,  1,  0,  7,  25.0,14.300,     0.000,   -16.216,14.50000,    13.80000,0.00000,14.50000,14.49984,   0.000159, 1.00000,1.00000,1.00000,
unit_sel, 58216513.763, 0, 0,  -0.0000010,  0.00000,0.00000,0.00000,0.00000,0.00000,  0.00000,0.00000,   14.50000,-0.00000,-0.02221,  1, 0.00000,0.00000, 1, 0.00000,  1, 13.51663,14.30000, 1, 14.30000,   0.00,25.00, 1, 25.00, 0, 0,   0.000,   0.000, 1,   0.200,393.600,-393.600, 10.000,  0.005,
unit_sim,  58216513.763, 0, 25.00000,25.00000, 13.80000,14.50000,0.00000,14.30000,   0.000,  0.000,-16.216,  1,        0.0,   1.00000, 0, 
pro_20220926, 2022-10-04T04:14:47,  58216513.763, 0.100,   0,  1,  0,  7,  25.0,14.300,     0.000,   -16.216,14.50000,    13.80000,0.00000,14.50000,14.49985,   0.000149, 1.00000,1.00000,1.00000,
unit_sel, 58216514.163, 0, 0,  -0.0000010,  0.00000,0.00000,0.00000,0.00000,0.00000,  0.00000,0.00000,   14.50000,-0.00000,-0.01818,  1, 0.00000,0.00000, 1, 0.00000,  1, 13.51663,14.30000, 1, 14.30000,   0.00,25.00, 1, 25.00, 0, 0,   0.000,   0.000, 1,   0.200,393.600,-393.600, 10.000,  0.005,
unit_sim,  58216514.163, 0, 25.00000,25.00000, 13.80000,14.50000,0.00000,14.30000,   0.000,  0.000,-16.216,  1,        0.0,   1.00000, 0, 
pro_20220926, 2022-10-04T04:14:47,  58216514.163, 0.100,   0,  1,  0,  7,  25.0,14.300,     0.000,   -16.216,14.50000,    13.80000,0.00000,14.50000,14.49985,   0.000149, 1.00000,1.00000,1.00000,
unit_sel, 58216514.563, 0, 0,  -0.0000009,  0.00000,0.00000,0.00000,0.00000,0.00000,  0.00000,0.00000,   14.50000,-0.00000,-0.01489,  1, 0.00000,0.00000, 1, 0.00000,  1, 13.51663,14.30000, 1, 14.30000,   0.00,25.00, 1, 25.00, 0, 0,   0.000,   0.000, 1,   0.200,393.600,-393.600, 10.000,  0.005,
unit_sim,  58216514.563, 0, 25.00000,25.00000, 13.80000,14.50000,0.00000,14.30000,   0.000,  0.000,-16.216,  1,        0.0,   1.00000, 0, 
pro_20220926, 2022-10-04T04:14:47,  58216514.563, 0.100,   0,  1,  0,  7,  25.0,14.300,     0.000,   -16.216,14.50000,    13.80000,0.00000,14.50000,14.49985,   0.000149, 1.00000,1.00000,1.00000,
unit_sel, 58216514.963, 0, 0,  -0.0000009,  0.00000,0.00000,0.00000,0.00000,0.00000,  0.00000,0.00000,   14.50000,-0.00000,-0.01219,  1, 0.00000,0.00000, 1, 0.00000,  1, 13.51663,14.30000, 1, 14.30000,   0.00,25.00, 1, 25.00, 0, 0,   0.000,   0.000, 1,   0.200,393.600,-393.600, 10.000,  0.005,
unit_sim,  58216514.963, 0, 25.00000,25.00000, 13.80000,14.50000,0.00000,14.30000,   0.000,  0.000,-16.216,  1,        0.0,   1.00000, 0, 
pro_20220926, 2022-10-04T04:14:47,  58216514.963, 0.100,   0,  1,  0,  7,  25.0,14.300,     0.000,   -16.216,14.50000,    13.80000,0.00000,14.50000,14.49986,   0.000139, 1.00000,1.00000,1.00000,
unit_sel, 58216515.363, 0, 0,  -0.0000009,  0.00000,0.00000,0.00000,0.00000,0.00000,  0.00000,0.00000,   14.50000,-0.00000,-0.00998,  1, 0.00000,0.00000, 1, 0.00000,  1, 13.49940,14.30000, 1, 14.30000,   0.00,25.00, 1, 25.00, 0, 0,   0.000,   0.000, 1,   0.200,393.600,-393.600, 10.000,  0.005,
unit_sim,  58216515.363, 0, 25.00000,25.00000, 13.80000,14.50000,0.00000,14.30000,   0.000,  0.000,-16.216,  1,        0.0,   1.00000, 0, 
pro_20220926, 2022-10-04T04:14:49,  58216515.363, 0.100,   0,  1,  0,  7,  25.0,14.300,     0.000,   -16.216,14.50000,    13.80000,0.00000,14.50000,14.49986,   0.000139, 1.00000,1.00000,1.00000,
unit_sel, 58216515.763, 0, 0,  -0.0000009,  0.00000,0.00000,0.00000,0.00000,0.00000,  0.00000,0.00000,   14.50000,-0.00000,-0.00817,  1, 0.00000,0.00000, 1, 0.00000,  1, 13.49940,14.30000, 1, 14.30000,   0.00,25.00, 1, 25.00, 0, 0,   0.000,   0.000, 1,   0.200,393.600,-393.600, 10.000,  0.005,
unit_sim,  58216515.763, 0, 25.00000,25.00000, 13.80000,14.50000,0.00000,14.30000,   0.000,  0.000,-16.216,  1,        0.0,   1.00000, 0, 
pro_20220926, 2022-10-04T04:14:49,  58216515.763, 0.100,   0,  1,  0,  7,  25.0,14.300,     0.000,   -16.216,14.50000,    13.80000,0.00000,14.50000,14.49986,   0.000139, 1.00000,1.00000,1.00000,
unit_sel, 58216516.163, 0, 0,  -0.0000009,  0.00000,0.00000,0.00000,0.00000,0.00000,  0.00000,0.00000,   14.50000,-0.00000,-0.00669,  1, 0.00000,0.00000, 1, 0.00000,  1, 13.51663,14.30000, 1, 14.30000,   0.00,25.00, 1, 25.00, 0, 0,   0.000,   0.000, 1,   0.200,393.600,-393.600, 10.000,  0.005,
unit_sim,  58216516.163, 0, 25.00000,25.00000, 13.80000,14.50000,0.00000,14.30000,   0.000,  0.000,-16.216,  1,        0.0,   1.00000, 0, 
pro_20220926, 2022-10-04T04:14:49,  58216516.163, 0.100,   0,  1,  0,  7,  25.0,14.300,     0.000,   -16.216,14.50000,    13.80000,0.00000,14.50000,14.49987,   0.000130, 1.00000,1.00000,1.00000,
unit_sel, 58216516.563, 0, 0,  -0.0000008,  0.00000,0.00000,0.00000,0.00000,0.00000,  0.00000,0.00000,   14.50000,-0.00000,-0.00548,  1, 0.00000,0.00000, 1, 0.00000,  1, 13.51663,14.30000, 1, 14.30000,   0.00,25.00, 1, 25.00, 0, 0,   0.000,   0.000, 1,   0.200,393.600,-393.600, 10.000,  0.005,
unit_sim,  58216516.563, 0, 25.00000,25.00000, 13.80000,14.50000,0.00000,14.30000,   0.000,  0.000,-16.216,  1,        0.0,   1.00000, 0, 
pro_20220926, 2022-10-04T04:14:49,  58216516.563, 0.100,   0,  1,  0,  7,  25.0,14.300,     0.000,   -16.216,14.50000,    13.80000,0.00000,14.50000,14.49987,   0.000130, 1.00000,1.00000,1.00000,
unit_sel, 58216516.963, 0, 0,  -0.0000008,  0.00000,0.00000,0.00000,0.00000,0.00000,  0.00000,0.00000,   14.50000,-0.00000,-0.00448,  1, 0.00000,0.00000, 1, 0.00000,  1, 13.50801,14.30000, 1, 14.30000,   0.00,25.00, 1, 25.00, 0, 0,   0.000,   0.000, 1,   0.200,393.600,-393.600, 10.000,  0.005,
unit_sim,  58216516.963, 0, 25.00000,25.00000, 13.80000,14.50000,0.00000,14.30000,   0.000,  0.000,-16.216,  1,        0.0,   1.00000, 0, 
pro_20220926, 2022-10-04T04:14:49,  58216516.963, 0.100,   0,  1,  0,  7,  25.0,14.300,     0.000,   -16.216,14.50000,    13.80000,0.00000,14.50000,14.49987,   0.000130, 1.00000,1.00000,1.00000,
unit_sel, 58216517.363, 0, 0,  -0.0000008,  0.00000,0.00000,0.00000,0.00000,0.00000,  0.00000,0.00000,   14.50000,-0.00000,-0.00367,  1, 0.00000,0.00000, 1, 0.00000,  1, 13.51663,14.30000, 1, 14.30000,   0.00,25.00, 1, 25.00, 0, 0,   0.000,   0.000, 1,   0.200,393.600,-393.600, 10.000,  0.005,
unit_sim,  58216517.363, 0, 25.00000,25.00000, 13.80000,14.50000,0.00000,14.30000,   0.000,  0.000,-16.216,  1,        0.0,   1.00000, 0, 
pro_20220926, 2022-10-04T04:14:51,  58216517.363, 0.100,   0,  1,  0,  7,  25.0,14.300,     0.000,   -16.216,14.50000,    13.80000,0.00000,14.50000,14.49988,   0.000121, 1.00000,1.00000,1.00000,
unit_sel, 58216517.763, 0, 0,  -0.0000008,  0.00000,0.00000,0.00000,0.00000,0.00000,  0.00000,0.00000,   14.50000,-0.00000,-0.00300,  1, 0.00000,0.00000, 1, 0.00000,  1, 13.52524,14.30000, 1, 14.30000,   0.00,25.00, 1, 25.00, 0, 0,   0.000,   0.000, 1,   0.200,393.600,-393.600, 10.000,  0.005,
unit_sim,  58216517.763, 0, 25.00000,25.00000, 13.80000,14.50000,0.00000,14.30000,   0.000,  0.000,-16.216,  1,        0.0,   1.00000, 0, 
pro_20220926, 2022-10-04T04:14:51,  58216517.763, 0.100,   0,  1,  0,  7,  25.0,14.300,     0.000,   -16.216,14.50000,    13.80000,0.00000,14.50000,14.49988,   0.000121, 1.00000,1.00000,1.00000,
unit_sel, 58216518.163, 0, 0,  -0.0000007,  0.00000,0.00000,0.00000,0.00000,0.00000,  0.00000,0.00000,   14.50000,-0.00000,-0.00246,  1, 0.00000,0.00000, 1, 0.00000,  1, 13.51663,14.30000, 1, 14.30000,   0.00,25.00, 1, 25.00, 0, 0,   0.000,   0.000, 1,   0.200,393.600,-393.600, 10.000,  0.005,
unit_sim,  58216518.163, 0, 25.00000,25.00000, 13.80000,14.50000,0.00000,14.30000,   0.000,  0.000,-16.216,  1,        0.0,   1.00000, 0, 
pro_20220926, 2022-10-04T04:14:51,  58216518.163, 0.100,   0,  1,  0,  7,  25.0,14.300,     0.000,   -16.216,14.50000,    13.80000,0.00000,14.50000,14.49988,   0.000121, 1.00000,1.00000,1.00000,
unit_sel, 58216518.563, 0, 0,  -0.0000007,  0.00000,0.00000,0.00000,0.00000,0.00000,  0.00000,0.00000,   14.50000,-0.00000,-0.00201,  1, 0.00000,0.00000, 1, 0.00000,  1, 13.51232,14.30000, 1, 14.30000,   0.00,25.00, 1, 25.00, 0, 0,   0.000,   0.000, 1,   0.200,393.600,-393.600, 10.000,  0.005,
unit_sim,  58216518.563, 0, 25.00000,25.00000, 13.80000,14.50000,0.00000,14.30000,   0.000,  0.000,-16.216,  1,        0.0,   1.00000, 0, 
pro_20220926, 2022-10-04T04:14:51,  58216518.563, 0.100,   0,  1,  0,  7,  25.0,14.300,     0.000,   -16.216,14.50000,    13.80000,0.00000,14.50000,14.49989,   0.000112, 1.00000,1.00000,1.00000,
unit_sel, 58216518.963, 0, 0,  -0.0000007,  0.00000,0.00000,0.00000,0.00000,0.00000,  0.00000,0.00000,   14.50000,-0.00000,-0.00165,  1, 0.00000,0.00000, 1, 0.00000,  1, 13.51663,14.30000, 1, 14.30000,   0.00,25.00, 1, 25.00, 0, 0,   0.000,   0.000, 1,   0.200,393.600,-393.600, 10.000,  0.005,
unit_sim,  58216518.963, 0, 25.00000,25.00000, 13.80000,14.50000,0.00000,14.30000,   0.000,  0.000,-16.216,  1,        0.0,   1.00000, 0, 
pro_20220926, 2022-10-04T04:14:51,  58216518.963, 0.100,   0,  1,  0,  7,  25.0,14.300,     0.000,   -16.216,14.50000,    13.80000,0.00000,14.50000,14.49989,   0.000112, 1.00000,1.00000,1.00000,
unit_sel, 58216519.363, 0, 0,  -0.0000007,  0.00000,0.00000,0.00000,0.00000,0.00000,  0.00000,0.00000,   14.50000,-0.00000,-0.00135,  1, 0.00000,0.00000, 1, 0.00000,  1, 13.49510,14.30000, 1, 14.30000,   0.00,25.00, 1, 25.00, 0, 0,   0.000,   0.000, 1,   0.200,393.600,-393.600, 10.000,  0.005,
unit_sim,  58216519.363, 0, 25.00000,25.00000, 13.80000,14.50000,0.00000,14.30000,   0.000,  0.000,-16.216,  1,        0.0,   1.00000, 0, 
pro_20220926, 2022-10-04T04:14:53,  58216519.363, 0.100,   0,  1,  0,  7,  25.0,14.300,     0.000,   -16.216,14.50000,    13.80000,0.00000,14.50000,14.49990,   0.000102, 1.00000,1.00000,1.00000,
unit_sel, 58216519.763, 0, 0,  -0.0000007,  0.00000,0.00000,0.00000,0.00000,0.00000,  0.00000,0.00000,   14.50000,-0.00000,-0.00111,  1, 0.00000,0.00000, 1, 0.00000,  1, 13.49510,14.30000, 1, 14.30000,   0.00,25.00, 1, 25.00, 0, 0,   0.000,   0.000, 1,   0.200,393.600,-393.600, 10.000,  0.005,
unit_sim,  58216519.763, 0, 25.00000,25.00000, 13.80000,14.50000,0.00000,14.30000,   0.000,  0.000,-16.216,  1,        0.0,   1.00000, 0, 
pro_20220926, 2022-10-04T04:14:53,  58216519.763, 0.100,   0,  1,  0,  7,  25.0,14.300,     0.000,   -16.216,14.50000,    13.80000,0.00000,14.50000,14.49990,   0.000102, 1.00000,1.00000,1.00000,
unit_sel, 58216520.164, 0, 0,  -0.0000006,  0.00000,0.00000,0.00000,0.00000,0.00000,  0.00000,0.00000,   14.50000,-0.00000,-0.00090,  1, 0.00000,0.00000, 1, 0.00000,  1, 13.49940,14.30000, 1, 14.30000,   0.00,25.00, 1, 25.00, 0, 0,   0.000,   0.000, 1,   0.200,393.600,-393.600, 10.000,  0.005,
unit_sim,  58216520.164, 0, 25.00000,25.00000, 13.80000,14.50000,0.00000,14.30000,   0.000,  0.000,-16.216,  1,        0.0,   1.00000, 0, 
pro_20220926, 2022-10-04T04:14:53,  58216520.164, 0.100,   0,  1,  0,  7,  25.0,14.300,     0.000,   -16.216,14.50000,    13.80000,0.00000,14.50000,14.49990,   0.000102, 1.00000,1.00000,1.00000,
unit_sel, 58216520.563, 0, 0,  -0.0000006,  0.00000,0.00000,0.00000,0.00000,0.00000,  0.00000,0.00000,   14.50000,-0.00000,-0.00074,  1, 0.00000,0.00000, 1, 0.00000,  1, 13.51663,14.30000, 1, 14.30000,   0.00,25.00, 1, 25.00, 0, 0,   0.000,   0.000, 1,   0.200,393.600,-393.600, 10.000,  0.005,
unit_sim,  58216520.563, 0, 25.00000,25.00000, 13.80000,14.50000,0.00000,14.30000,   0.000,  0.000,-16.216,  1,        0.0,   1.00000, 0, 
pro_20220926, 2022-10-04T04:14:53,  58216520.563, 0.100,   0,  1,  0,  7,  25.0,14.300,     0.000,   -16.216,14.50000,    13.80000,0.00000,14.50000,14.49991,   0.000094, 1.00000,1.00000,1.00000,
unit_sel, 58216520.963, 0, 0,  -0.0000006,  0.00000,0.00000,0.00000,0.00000,0.00000,  0.00000,0.00000,   14.50000,-0.00000,-0.00061,  1, 0.00000,0.00000, 1, 0.00000,  1, 13.51663,14.30000, 1, 14.30000,   0.00,25.00, 1, 25.00, 0, 0,   0.000,   0.000, 1,   0.200,393.600,-393.600, 10.000,  0.005,
unit_sim,  58216520.963, 0, 25.00000,25.00000, 13.80000,14.50000,0.00000,14.30000,   0.000,  0.000,-16.216,  1,        0.0,   1.00000, 0, 
pro_20220926, 2022-10-04T04:14:53,  58216520.963, 0.100,   0,  1,  0,  7,  25.0,14.300,     0.000,   -16.216,14.50000,    13.80000,0.00000,14.50000,14.49991,   0.000094, 1.00000,1.00000,1.00000,
unit_sel, 58216521.363, 0, 0,  -0.0000006,  0.00000,0.00000,0.00000,0.00000,0.00000,  0.00000,0.00000,   14.50000,-0.00000,-0.00050,  1, 0.00000,0.00000, 1, 0.00000,  1, 13.51663,14.30000, 1, 14.30000,   0.00,25.00, 1, 25.00, 0, 0,   0.000,   0.000, 1,   0.200,393.600,-393.600, 10.000,  0.005,
unit_sim,  58216521.363, 0, 25.00000,25.00000, 13.80000,14.50000,0.00000,14.30000,   0.000,  0.000,-16.216,  1,        0.0,   1.00000, 0, 
pro_20220926, 2022-10-04T04:14:55,  58216521.363, 0.100,   0,  1,  0,  7,  25.0,14.300,     0.000,   -16.216,14.50000,    13.80000,0.00000,14.50000,14.49991,   0.000094, 1.00000,1.00000,1.00000,
unit_sel, 58216521.763, 0, 0,  -0.0000006,  0.00000,0.00000,0.00000,0.00000,0.00000,  0.00000,0.00000,   14.50000,-0.00000,-0.00041,  1, 0.00000,0.00000, 1, 0.00000,  1, 13.51232,14.30000, 1, 14.30000,   0.00,25.00, 1, 25.00, 0, 0,   0.000,   0.000, 1,   0.200,393.600,-393.600, 10.000,  0.005,
unit_sim,  58216521.763, 0, 25.00000,25.00000, 13.80000,14.50000,0.00000,14.30000,   0.000,  0.000,-16.216,  1,        0.0,   1.00000, 0, 
pro_20220926, 2022-10-04T04:14:55,  58216521.763, 0.100,   0,  1,  0,  7,  25.0,14.300,     0.000,   -16.216,14.50000,    13.80000,0.00000,14.50000,14.49991,   0.000094, 1.00000,1.00000,1.00000,
unit_sel, 58216522.163, 0, 0,  -0.0000005,  0.00000,0.00000,0.00000,0.00000,0.00000,  0.00000,0.00000,   14.50000,-0.00000,-0.00033,  1, 0.00000,0.00000, 1, 0.00000,  1, 13.51663,14.30000, 1, 14.30000,   0.00,25.00, 1, 25.00, 0, 0,   0.000,   0.000, 1,   0.200,393.600,-393.600, 10.000,  0.005,
unit_sim,  58216522.163, 0, 25.00000,25.00000, 13.80000,14.50000,0.00000,14.30000,   0.000,  0.000,-16.216,  1,        0.0,   1.00000, 0, 
pro_20220926, 2022-10-04T04:14:55,  58216522.163, 0.100,   0,  1,  0,  7,  25.0,14.300,     0.000,   -16.216,14.50000,    13.80000,0.00000,14.50000,14.49992,   0.000084, 1.00000,1.00000,1.00000,
unit_sel, 58216522.563, 0, 0,  -0.0000005,  0.00000,0.00000,0.00000,0.00000,0.00000,  0.00000,0.00000,   14.50000,-0.00000,-0.00027,  1, 0.00000,0.00000, 1, 0.00000,  1, 13.52093,14.30000, 1, 14.30000,   0.00,25.00, 1, 25.00, 0, 0,   0.000,   0.000, 1,   0.200,393.600,-393.600, 10.000,  0.005,
unit_sim,  58216522.563, 0, 25.00000,25.00000, 13.80000,14.50000,0.00000,14.30000,   0.000,  0.000,-16.216,  1,        0.0,   1.00000, 0, 
pro_20220926, 2022-10-04T04:14:55,  58216522.563, 0.100,   0,  1,  0,  7,  25.0,14.300,     0.000,   -16.216,14.50000,    13.80000,0.00000,14.50000,14.49992,   0.000084, 1.00000,1.00000,1.00000,
unit_sel, 58216522.963, 0, 0,  -0.0000005,  0.00000,0.00000,0.00000,0.00000,0.00000,  0.00000,0.00000,   14.50000,-0.00000,-0.00022,  1, 0.00000,0.00000, 1, 0.00000,  1, 13.51232,14.30000, 1, 14.30000,   0.00,25.00, 1, 25.00, 0, 0,   0.000,   0.000, 1,   0.200,393.600,-393.600, 10.000,  0.005,
unit_sim,  58216522.963, 0, 25.00000,25.00000, 13.80000,14.50000,0.00000,14.30000,   0.000,  0.000,-16.216,  1,        0.0,   1.00000, 0, 
pro_20220926, 2022-10-04T04:14:55,  58216522.963, 0.100,   0,  1,  0,  7,  25.0,14.300,     0.000,   -16.216,14.50000,    13.80000,0.00000,14.50000,14.49992,   0.000084, 1.00000,1.00000,1.00000,
unit_sel, 58216523.363, 0, 0,  -0.0000005,  0.00000,0.00000,0.00000,0.00000,0.00000,  0.00000,0.00000,   14.50000,-0.00000,-0.00018,  1, 0.00000,0.00000, 1, 0.00000,  1, 13.49940,14.30000, 1, 14.30000,   0.00,25.00, 1, 25.00, 0, 0,   0.000,   0.000, 1,   0.200,393.600,-393.600, 10.000,  0.005,
unit_sim,  58216523.363, 0, 25.00000,25.00000, 13.80000,14.50000,0.00000,14.30000,   0.000,  0.000,-16.216,  1,        0.0,   1.00000, 0, 
pro_20220926, 2022-10-04T04:14:57,  58216523.363, 0.100,   0,  1,  0,  7,  25.0,14.300,     0.000,   -16.216,14.50000,    13.80000,0.00000,14.50000,14.49992,   0.000084, 1.00000,1.00000,1.00000,
unit_sel, 58216523.763, 0, 0,  -0.0000005,  0.00000,0.00000,0.00000,0.00000,0.00000,  0.00000,0.00000,   14.50000,-0.00000,-0.00015,  1, 0.00000,0.00000, 1, 0.00000,  1, 13.50371,14.30000, 1, 14.30000,   0.00,25.00, 1, 25.00, 0, 0,   0.000,   0.000, 1,   0.200,393.600,-393.600, 10.000,  0.005,
unit_sim,  58216523.763, 0, 25.00000,25.00000, 13.80000,14.50000,0.00000,14.30000,   0.000,  0.000,-16.216,  1,        0.0,   1.00000, 0, 
pro_20220926, 2022-10-04T04:14:57,  58216523.763, 0.100,   0,  1,  0,  7,  25.0,14.300,     0.000,   -16.216,14.50000,    13.80000,0.00000,14.50000,14.49993,   0.000075, 1.00000,1.00000,1.00000,
unit_sel, 58216524.163, 0, 0,  -0.0000005,  0.00000,0.00000,0.00000,0.00000,0.00000,  0.00000,0.00000,   14.50000,-0.00000,-0.00012,  1, 0.00000,0.00000, 1, 0.00000,  1, 13.49940,14.30000, 1, 14.30000,   0.00,25.00, 1, 25.00, 0, 0,   0.000,   0.000, 1,   0.200,393.600,-393.600, 10.000,  0.005,
unit_sim,  58216524.163, 0, 25.00000,25.00000, 13.80000,14.50000,0.00000,14.30000,   0.000,  0.000,-16.216,  1,        0.0,   1.00000, 0, 
pro_20220926, 2022-10-04T04:14:57,  58216524.163, 0.100,   0,  1,  0,  7,  25.0,14.300,     0.000,   -16.216,14.50000,    13.80000,0.00000,14.50000,14.49993,   0.000075, 1.00000,1.00000,1.00000,
unit_sel, 58216524.563, 0, 0,  -0.0000005,  0.00000,0.00000,0.00000,0.00000,0.00000,  0.00000,0.00000,   14.50000,-0.00000,-0.00010,  1, 0.00000,0.00000, 1, 0.00000,  1, 13.51663,14.30000, 1, 14.30000,   0.00,25.00, 1, 25.00, 0, 0,   0.000,   0.000, 1,   0.200,393.600,-393.600, 10.000,  0.005,
unit_sim,  58216524.563, 0, 25.00000,25.00000, 13.80000,14.50000,0.00000,14.30000,   0.000,  0.000,-16.216,  1,        0.0,   1.00000, 0, 
pro_20220926, 2022-10-04T04:14:57,  58216524.563, 0.100,   0,  1,  0,  7,  25.0,14.300,     0.000,   -16.216,14.50000,    13.80000,0.00000,14.50000,14.49993,   0.000075, 1.00000,1.00000,1.00000,
unit_sel, 58216524.963, 0, 0,  -0.0000005,  0.00000,0.00000,0.00000,0.00000,0.00000,  0.00000,0.00000,   14.50000,-0.00000,-0.00008,  1, 0.00000,0.00000, 1, 0.00000,  1, 13.51663,14.30000, 1, 14.30000,   0.00,25.00, 1, 25.00, 0, 0,   0.000,   0.000, 1,   0.200,393.600,-393.600, 10.000,  0.005,
unit_sim,  58216524.963, 0, 25.00000,25.00000, 13.80000,14.50000,0.00000,14.30000,   0.000,  0.000,-16.216,  1,        0.0,   1.00000, 0, 
pro_20220926, 2022-10-04T04:14:57,  58216524.963, 0.100,   0,  1,  0,  7,  25.0,14.300,     0.000,   -16.216,14.50000,    13.80000,0.00000,14.50000,14.49993,   0.000075, 1.00000,1.00000,1.00000,
unit_sel, 58216525.363, 0, 0,  -0.0000004,  0.00000,0.00000,0.00000,0.00000,0.00000,  0.00000,0.00000,   14.50000,-0.00000,-0.00007,  1, 0.00000,0.00000, 1, 0.00000,  1, 13.51663,14.30000, 1, 14.30000,   0.00,25.00, 1, 25.00, 0, 0,   0.000,   0.000, 1,   0.200,393.600,-393.600, 10.000,  0.005,
unit_sim,  58216525.363, 0, 25.00000,25.00000, 13.80000,14.50000,0.00000,14.30000,   0.000,  0.000,-16.216,  1,        0.0,   1.00000, 0, 
pro_20220926, 2022-10-04T04:14:59,  58216525.363, 0.100,   0,  1,  0,  7,  25.0,14.300,     0.000,   -16.216,14.50000,    13.80000,0.00000,14.50000,14.49994,   0.000065, 1.00000,1.00000,1.00000,
unit_sel, 58216525.763, 0, 0,  -0.0000004,  0.00000,0.00000,0.00000,0.00000,0.00000,  0.00000,0.00000,   14.50000,-0.00000,-0.00006,  1, 0.00000,0.00000, 1, 0.00000,  1, 13.51663,14.30000, 1, 14.30000,   0.00,25.00, 1, 25.00, 0, 0,   0.000,   0.000, 1,   0.200,393.600,-393.600, 10.000,  0.005,
unit_sim,  58216525.763, 0, 25.00000,25.00000, 13.80000,14.50000,0.00000,14.30000,   0.000,  0.000,-16.216,  1,        0.0,   1.00000, 0, 
pro_20220926, 2022-10-04T04:14:59,  58216525.763, 0.100,   0,  1,  0,  7,  25.0,14.300,     0.000,   -16.216,14.50000,    13.80000,0.00000,14.50000,14.49994,   0.000065, 1.00000,1.00000,1.00000,
unit_sel, 58216526.163, 0, 0,  -0.0000004,  0.00000,0.00000,0.00000,0.00000,0.00000,  0.00000,0.00000,   14.50000,-0.00000,-0.00005,  1, 0.00000,0.00000, 1, 0.00000,  1, 13.51663,14.30000, 1, 14.30000,   0.00,25.00, 1, 25.00, 0, 0,   0.000,   0.000, 1,   0.200,393.600,-393.600, 10.000,  0.005,
unit_sim,  58216526.163, 0, 25.00000,25.00000, 13.80000,14.50000,0.00000,14.30000,   0.000,  0.000,-16.216,  1,        0.0,   1.00000, 0, 
pro_20220926, 2022-10-04T04:14:59,  58216526.163, 0.100,   0,  1,  0,  7,  25.0,14.300,     0.000,   -16.216,14.50000,    13.80000,0.00000,14.50000,14.49994,   0.000065, 1.00000,1.00000,1.00000,
unit_sel, 58216526.563, 0, 0,  -0.0000004,  0.00000,0.00000,0.00000,0.00000,0.00000,  0.00000,0.00000,   14.50000,-0.00000,-0.00004,  1, 0.00000,0.00000, 1, 0.00000,  1, 13.51232,14.30000, 1, 14.30000,   0.00,25.00, 1, 25.00, 0, 0,   0.000,   0.000, 1,   0.200,393.600,-393.600, 10.000,  0.005,
unit_sim,  58216526.563, 0, 25.00000,25.00000, 13.80000,14.50000,0.00000,14.30000,   0.000,  0.000,-16.216,  1,        0.0,   1.00000, 0, 
pro_20220926, 2022-10-04T04:14:59,  58216526.563, 0.100,   0,  1,  0,  7,  25.0,14.300,     0.000,   -16.216,14.50000,    13.80000,0.00000,14.50000,14.49994,   0.000065, 1.00000,1.00000,1.00000,
unit_sel, 58216526.963, 0, 0,  -0.0000004,  0.00000,0.00000,0.00000,0.00000,0.00000,  0.00000,0.00000,   14.50000,-0.00000,-0.00003,  1, 0.00000,0.00000, 1, 0.00000,  1, 13.51232,14.30000, 1, 14.30000,   0.00,25.00, 1, 25.00, 0, 0,   0.000,   0.000, 1,   0.200,393.600,-393.600, 10.000,  0.005,
unit_sim,  58216526.963, 0, 25.00000,25.00000, 13.80000,14.50000,0.00000,14.30000,   0.000,  0.000,-16.216,  1,        0.0,   1.00000, 0, 
pro_20220926, 2022-10-04T04:14:59,  58216526.963, 0.100,   0,  1,  0,  7,  25.0,14.300,     0.000,   -16.216,14.50000,    13.80000,0.00000,14.50000,14.49994,   0.000065, 1.00000,1.00000,1.00000,
unit_sel, 58216527.363, 0, 0,  -0.0000004,  0.00000,0.00000,0.00000,0.00000,0.00000,  0.00000,0.00000,   14.50000,-0.00000,-0.00002,  1, 0.00000,0.00000, 1, 0.00000,  1, 13.49510,14.30000, 1, 14.30000,   0.00,25.00, 1, 25.00, 0, 0,   0.000,   0.000, 1,   0.200,393.600,-393.600, 10.000,  0.005,
unit_sim,  58216527.363, 0, 25.00000,25.00000, 13.80000,14.50000,0.00000,14.30000,   0.000,  0.000,-16.216,  1,        0.0,   1.00000, 0, 
pro_20220926, 2022-10-04T04:15:01,  58216527.363, 0.100,   0,  1,  0,  7,  25.0,14.300,     0.000,   -16.216,14.50000,    13.80000,0.00000,14.50000,14.49994,   0.000065, 1.00000,1.00000,1.00000,
unit_sel, 58216527.763, 0, 0,  -0.0000004,  0.00000,0.00000,0.00000,0.00000,0.00000,  0.00000,0.00000,   14.50000,-0.00000,-0.00002,  1, 0.00000,0.00000, 1, 0.00000,  1, 13.50371,14.30000, 1, 14.30000,   0.00,25.00, 1, 25.00, 0, 0,   0.000,   0.000, 1,   0.200,393.600,-393.600, 10.000,  0.005,
unit_sim,  58216527.763, 0, 25.00000,25.00000, 13.80000,14.50000,0.00000,14.30000,   0.000,  0.000,-16.216,  1,        0.0,   1.00000, 0, 
pro_20220926, 2022-10-04T04:15:01,  58216527.763, 0.100,   0,  1,  0,  7,  25.0,14.300,     0.000,   -16.216,14.50000,    13.80000,0.00000,14.50000,14.49994,   0.000065, 1.00000,1.00000,1.00000,
unit_sel, 58216528.163, 0, 0,  -0.0000004,  0.00000,0.00000,0.00000,0.00000,0.00000,  0.00000,0.00000,   14.50000,-0.00000,-0.00002,  1, 0.00000,0.00000, 1, 0.00000,  1, 13.49940,14.30000, 1, 14.30000,   0.00,25.00, 1, 25.00, 0, 0,   0.000,   0.000, 1,   0.200,393.600,-393.600, 10.000,  0.005,
unit_sim,  58216528.163, 0, 25.00000,25.00000, 13.80000,14.50000,0.00000,14.30000,   0.000,  0.000,-16.216,  1,        0.0,   1.00000, 0, 
pro_20220926, 2022-10-04T04:15:01,  58216528.163, 0.100,   0,  1,  0,  7,  25.0,14.300,     0.000,   -16.216,14.50000,    13.80000,0.00000,14.50000,14.49994,   0.000056, 1.00000,1.00000,1.00000,
unit_sel, 58216528.563, 0, 0,  -0.0000004,  0.00000,0.00000,0.00000,0.00000,0.00000,  0.00000,0.00000,   14.50000,-0.00000,-0.00001,  1, 0.00000,0.00000, 1, 0.00000,  1, 13.51663,14.30000, 1, 14.30000,   0.00,25.00, 1, 25.00, 0, 0,   0.000,   0.000, 1,   0.200,393.600,-393.600, 10.000,  0.005,
unit_sim,  58216528.563, 0, 25.00000,25.00000, 13.80000,14.50000,0.00000,14.30000,   0.000,  0.000,-16.216,  1,        0.0,   1.00000, 0, 
pro_20220926, 2022-10-04T04:15:01,  58216528.563, 0.100,   0,  1,  0,  7,  25.0,14.300,     0.000,   -16.216,14.50000,    13.80000,0.00000,14.50000,14.49994,   0.000056, 1.00000,1.00000,1.00000,
unit_sel, 58216528.963, 0, 0,  -0.0000004,  0.00000,0.00000,0.00000,0.00000,0.00000,  0.00000,0.00000,   14.50000,-0.00000,-0.00001,  1, 0.00000,0.00000, 1, 0.00000,  1, 13.51663,14.30000, 1, 14.30000,   0.00,25.00, 1, 25.00, 0, 0,   0.000,   0.000, 1,   0.200,393.600,-393.600, 10.000,  0.005,
unit_sim,  58216528.963, 0, 25.00000,25.00000, 13.80000,14.50000,0.00000,14.30000,   0.000,  0.000,-16.216,  1,        0.0,   1.00000, 0, 
pro_20220926, 2022-10-04T04:15:01,  58216528.963, 0.100,   0,  1,  0,  7,  25.0,14.300,     0.000,   -16.216,14.50000,    13.80000,0.00000,14.50000,14.49994,   0.000056, 1.00000,1.00000,1.00000,
unit_sel, 58216529.363, 0, 0,  -0.0000004,  0.00000,0.00000,0.00000,0.00000,0.00000,  0.00000,0.00000,   14.50000,-0.00000,-0.00001,  1, 0.00000,0.00000, 1, 0.00000,  1, 13.51663,14.30000, 1, 14.30000,   0.00,25.00, 1, 25.00, 0, 0,   0.000,   0.000, 1,   0.200,393.600,-393.600, 10.000,  0.005,
unit_sim,  58216529.363, 0, 25.00000,25.00000, 13.80000,14.50000,0.00000,14.30000,   0.000,  0.000,-16.216,  1,        0.0,   1.00000, 0, 
pro_20220926, 2022-10-04T04:15:03,  58216529.363, 0.100,   0,  1,  0,  7,  25.0,14.300,     0.000,   -16.216,14.50000,    13.80000,0.00000,14.50000,14.49994,   0.000056, 1.00000,1.00000,1.00000,
unit_sel, 58216529.763, 0, 0,  -0.0000004,  0.00000,0.00000,0.00000,0.00000,0.00000,  0.00000,0.00000,   14.50000,-0.00000,-0.00001,  1, 0.00000,0.00000, 1, 0.00000,  1, 13.51663,14.30000, 1, 14.30000,   0.00,25.00, 1, 25.00, 0, 0,   0.000,   0.000, 1,   0.200,393.600,-393.600, 10.000,  0.005,
unit_sim,  58216529.763, 0, 25.00000,25.00000, 13.80000,14.50000,0.00000,14.30000,   0.000,  0.000,-16.216,  1,        0.0,   1.00000, 0, 
pro_20220926, 2022-10-04T04:15:03,  58216529.763, 0.100,   0,  1,  0,  7,  25.0,14.300,     0.000,   -16.216,14.50000,    13.80000,0.00000,14.50000,14.49994,   0.000056, 1.00000,1.00000,1.00000,
unit_sel, 58216530.163, 0, 0,  -0.0000004,  0.00000,0.00000,0.00000,0.00000,0.00000,  0.00000,0.00000,   14.50000,-0.00000,-0.00001,  1, 0.00000,0.00000, 1, 0.00000,  1, 13.51663,14.30000, 1, 14.30000,   0.00,25.00, 1, 25.00, 0, 0,   0.000,   0.000, 1,   0.200,393.600,-393.600, 10.000,  0.005,
unit_sim,  58216530.163, 0, 25.00000,25.00000, 13.80000,14.50000,0.00000,14.30000,   0.000,  0.000,-16.216,  1,        0.0,   1.00000, 0, 
pro_20220926, 2022-10-04T04:15:03,  58216530.163, 0.100,   0,  1,  0,  7,  25.0,14.300,     0.000,   -16.216,14.50000,    13.80000,0.00000,14.50000,14.49994,   0.000056, 1.00000,1.00000,1.00000,
unit_sel, 58216530.563, 0, 0,  -0.0000003,  0.00000,0.00000,0.00000,0.00000,0.00000,  0.00000,0.00000,   14.50000,-0.00000,-0.00001,  1, 0.00000,0.00000, 1, 0.00000,  1, 13.51663,14.30000, 1, 14.30000,   0.00,25.00, 1, 25.00, 0, 0,   0.000,   0.000, 1,   0.200,393.600,-393.600, 10.000,  0.005,
unit_sim,  58216530.563, 0, 25.00000,25.00000, 13.80000,14.50000,0.00000,14.30000,   0.000,  0.000,-16.216,  1,        0.0,   1.00000, 0, 
pro_20220926, 2022-10-04T04:15:03,  58216530.563, 0.100,   0,  1,  0,  7,  25.0,14.300,     0.000,   -16.216,14.50000,    13.80000,0.00000,14.50000,14.49994,   0.000056, 1.00000,1.00000,1.00000,
unit_sel, 58216530.963, 0, 0,  -0.0000003,  0.00000,0.00000,0.00000,0.00000,0.00000,  0.00000,0.00000,   14.50000,-0.00000,-0.00000,  1, 0.00000,0.00000, 1, 0.00000,  1, 13.51663,14.30000, 1, 14.30000,   0.00,25.00, 1, 25.00, 0, 0,   0.000,   0.000, 1,   0.200,393.600,-393.600, 10.000,  0.005,
unit_sim,  58216530.963, 0, 25.00000,25.00000, 13.80000,14.50000,0.00000,14.30000,   0.000,  0.000,-16.216,  1,        0.0,   1.00000, 0, 
pro_20220926, 2022-10-04T04:15:03,  58216530.963, 0.100,   0,  1,  0,  7,  25.0,14.300,     0.000,   -16.216,14.50000,    13.80000,0.00000,14.50000,14.49994,   0.000056, 1.00000,1.00000,1.00000,
unit_sel, 58216531.363, 0, 0,  -0.0000003,  0.00000,0.00000,0.00000,0.00000,0.00000,  0.00000,0.00000,   14.50000,-0.00000,-0.00000,  1, 0.00000,0.00000, 1, 0.00000,  1, 13.49940,14.30000, 1, 14.30000,   0.00,25.00, 1, 25.00, 0, 0,   0.000,   0.000, 1,   0.200,393.600,-393.600, 10.000,  0.005,
unit_sim,  58216531.363, 0, 25.00000,25.00000, 13.80000,14.50000,0.00000,14.30000,   0.000,  0.000,-16.216,  1,        0.0,   1.00000, 0, 
pro_20220926, 2022-10-04T04:15:05,  58216531.363, 0.100,   0,  1,  0,  7,  25.0,14.300,     0.000,   -16.216,14.50000,    13.80000,0.00000,14.50000,14.49994,   0.000056, 1.00000,1.00000,1.00000,
unit_sel, 58216531.763, 0, 0,  -0.0000003,  0.00000,0.00000,0.00000,0.00000,0.00000,  0.00000,0.00000,   14.50000,-0.00000,-0.00000,  1, 0.00000,0.00000, 1, 0.00000,  1, 13.50801,14.30000, 1, 14.30000,   0.00,25.00, 1, 25.00, 0, 0,   0.000,   0.000, 1,   0.200,393.600,-393.600, 10.000,  0.005,
unit_sim,  58216531.763, 0, 25.00000,25.00000, 13.80000,14.50000,0.00000,14.30000,   0.000,  0.000,-16.216,  1,        0.0,   1.00000, 0, 
pro_20220926, 2022-10-04T04:15:05,  58216531.763, 0.100,   0,  1,  0,  7,  25.0,14.300,     0.000,   -16.216,14.50000,    13.80000,0.00000,14.50000,14.49994,   0.000056, 1.00000,1.00000,1.00000,
unit_sel, 58216532.163, 0, 0,  -0.0000003,  0.00000,0.00000,0.00000,0.00000,0.00000,  0.00000,0.00000,   14.50000,-0.00000,-0.00000,  1, 0.00000,0.00000, 1, 0.00000,  1, 13.49940,14.30000, 1, 14.30000,   0.00,25.00, 1, 25.00, 0, 0,   0.000,   0.000, 1,   0.200,393.600,-393.600, 10.000,  0.005,
unit_sim,  58216532.163, 0, 25.00000,25.00000, 13.80000,14.50000,0.00000,14.30000,   0.000,  0.000,-16.216,  1,        0.0,   1.00000, 0, 
pro_20220926, 2022-10-04T04:15:05,  58216532.163, 0.100,   0,  1,  0,  7,  25.0,14.300,     0.000,   -16.216,14.50000,    13.80000,0.00000,14.50000,14.49995,   0.000047, 1.00000,1.00000,1.00000,
unit_sel, 58216532.563, 0, 0,  -0.0000003,  0.00000,0.00000,0.00000,0.00000,0.00000,  0.00000,0.00000,   14.50000,-0.00000,-0.00000,  1, 0.00000,0.00000, 1, 0.00000,  1, 13.51232,14.30000, 1, 14.30000,   0.00,25.00, 1, 25.00, 0, 0,   0.000,   0.000, 1,   0.200,393.600,-393.600, 10.000,  0.005,
unit_sim,  58216532.563, 0, 25.00000,25.00000, 13.80000,14.50000,0.00000,14.30000,   0.000,  0.000,-16.216,  1,        0.0,   1.00000, 0, 
pro_20220926, 2022-10-04T04:15:05,  58216532.563, 0.100,   0,  1,  0,  7,  25.0,14.300,     0.000,   -16.216,14.50000,    13.80000,0.00000,14.50000,14.49995,   0.000047, 1.00000,1.00000,1.00000,
unit_sel, 58216532.963, 0, 0,  -0.0000003,  0.00000,0.00000,0.00000,0.00000,0.00000,  0.00000,0.00000,   14.50000,-0.00000,-0.00000,  1, 0.00000,0.00000, 1, 0.00000,  1, 13.52524,14.30000, 1, 14.30000,   0.00,25.00, 1, 25.00, 0, 0,   0.000,   0.000, 1,   0.200,393.600,-393.600, 10.000,  0.005,
unit_sim,  58216532.963, 0, 25.00000,25.00000, 13.80000,14.50000,0.00000,14.30000,   0.000,  0.000,-16.216,  1,        0.0,   1.00000, 0, 
pro_20220926, 2022-10-04T04:15:05,  58216532.963, 0.100,   0,  1,  0,  7,  25.0,14.300,     0.000,   -16.216,14.50000,    13.80000,0.00000,14.50000,14.49995,   0.000047, 1.00000,1.00000,1.00000,
unit_sel, 58216533.363, 0, 0,  -0.0000003,  0.00000,0.00000,0.00000,0.00000,0.00000,  0.00000,0.00000,   14.50000,-0.00000,-0.00000,  1, 0.00000,0.00000, 1, 0.00000,  1, 13.52093,14.30000, 1, 14.30000,   0.00,25.00, 1, 25.00, 0, 0,   0.000,   0.000, 1,   0.200,393.600,-393.600, 10.000,  0.005,
unit_sim,  58216533.363, 0, 25.00000,25.00000, 13.80000,14.50000,0.00000,14.30000,   0.000,  0.000,-16.216,  1,        0.0,   1.00000, 0, 
pro_20220926, 2022-10-04T04:15:07,  58216533.363, 0.100,   0,  1,  0,  7,  25.0,14.300,     0.000,   -16.216,14.50000,    13.80000,0.00000,14.50000,14.49995,   0.000047, 1.00000,1.00000,1.00000,
echo:  v0, 4
echo:  v0, 0
echo:  Pf, 4
echo:  Pf, 0

Sen::Fault:
 cc_diff   -0.000  thr=  0.200 Fc^
 ib_diff    0.000  thr= 10.000 Fd^
 e_wrap    -0.000  thr=-393.600 Fo^393.600 Fi^
 ib_quiet   0.000  thr=  0.005 Fq v

 soc    1.000  voc  14.300  voc_soc  14.500
 dis_tb_fa 0  dis_vb_fa 0  dis_ib_fa 0
 bms_off   0

 Tbh=  0.000  Tbm= 25.000
 Vbh  13.504  Vbm  14.300
 imh   0.000  imm   0.000
 inh   0.000  inm   0.000

 mod_tb  1  mod_vb  1  mod_ib  1
 tb_s_st 1  vb_s_st 1  ib_s_st 1

 bare n  0  x 
 bare m  0  x 
 ib_dsc  0  0 'Fq v'
 ibd_lo  0  0 'Fd ^  *SA/*SB'
 ibd_hi  0  0 'Fd ^  *SA/*SB'
 loss wv 0  0   'Fd, Fi/Fo ^'
 wl      0  0 'Fo ^'
 wh      0  0 'Fi ^'
 cc_dif  x  0 'Fc ^'
 ib n    0  0 'Fi 1'
 ib m    0  0 'Fi 1'
 vb      0  0 'Fv 1  *SV, *Dc/*Dv'
 tb      0  0 'Ft 1'
  0000000000000   00000000000
  CBA98765x3210 xxA9876543210
  fltw=0     falw=0
