Connecting to HC-06 ...
Connected
 16 13.21    0.2   Tb,C  VOC,V  Ib,A 
108 ---   40   EKF,Ah  chg,hrs  CC, Ah
Pf; for fails.  prints=131467

 16 13.21    0.2   Tb,C  VOC,V  Ib,A 
108 ---   40   EKF,Ah  chg,hrs  CC, Ah
Pf; for fails.  prints=131467

 16 13.21    0.2   Tb,C  VOC,V  Ib,A 
108 ---   40   EKF,Ah  chg,hrs  CC, Ah
Pf; for fails.  prints=131467

Pf;echo: Pf, 4
echo: Pf, 0
unit_f, 2023-02-18T18:09:13, 1676743753,  19.312,  11.763,   2.540,   2.682,  19.312,  11.763,   2.540, -0.0628,  0.0804,  11.704,  11.404,  -7.407, 0, 0,
unit_f, 2023-02-18T18:39:13, 1676745553,  19.687,  12.207,   2.228,   2.413,  19.687,  12.207,   2.228, -0.0512,  0.0851,  12.158,  11.857,  -7.848, 0, 0,
unit_f, 2023-02-18T19:09:14, 1676747354,  19.812,  12.568,   4.210,   4.482,  19.812,  12.568,   4.210, -0.0376,  0.0894,  12.476,  12.176,  -8.173, 0, 0,
unit_f, 2023-02-18T19:39:14, 1676749154,  19.937,  12.814,   2.402,   2.592,  19.937,  12.814,   2.402, -0.0187,  0.0932,  12.760,  12.460,  -8.459, 0, 0,
unit_f, 2023-02-18T20:09:14, 1676750954,  20.000,  12.844,   0.767,   0.883,  20.000,  12.844,   0.767, -0.0094,  0.0964,  12.828,  12.662,  -8.663, 0, 0,
unit_f, 2023-02-18T20:39:14, 1676752754,  20.062,  12.848,   0.733,   0.883,  20.062,  12.848,   0.733, -0.0056,  0.0995,  12.832,  12.832,  -8.841, 0, 0,
unit_f, 2023-02-18T21:09:14, 1676754554,  20.062,  12.904,   1.775,   1.963,  20.062,  12.904,   1.775, -0.0015,  0.0946,  12.866,  12.566,  -8.559, 0, 0,
unit_f, 2023-02-18T21:39:14, 1676756354,  20.062,  12.866,   0.177,   0.253,  20.062,  12.866,   0.177,  0.0024,  0.0998,  12.862,  12.862,  -8.578, 0, 0,
unit_f, 2023-02-18T22:09:14, 1676758154,  19.993,  12.852,   0.002,   0.075,  19.993,  12.852,   0.002,  0.0027,  0.0998,  12.852,  12.852,  -8.519, 0, 0,
unit_f, 2023-02-18T22:39:14, 1676759954,  19.807,  12.836,  -0.100,  -0.013,  19.807,  12.836,  -0.100,  0.0024,  0.1096,  12.838,  12.838,  -8.558, 1024, 0,
unit_f, 2023-02-18T23:09:14, 1676761754,  19.682,  12.836,  -0.100,  -0.013,  19.682,  12.836,  -0.100,  0.0018,  0.1218,  12.838,  12.838,  -8.622, 1024, 0,
unit_f, 2023-02-18T23:39:14, 1676763554,  19.493,  12.822,  -0.065,  -0.103,  19.493,  12.822,  -0.065,  0.0013,  0.1264,  12.824,  12.824,  -8.683, 0, 0,
unit_f, 2023-02-19T00:09:15, 1676765355,  19.307,  12.822,  -0.100,  -0.013,  19.307,  12.822,  -0.100,  0.0008,  0.1292,  12.825,  12.825,  -8.742, 1024, 0,
unit_f, 2023-02-19T00:39:15, 1676767155,  19.118,  12.822,  -0.100,  -0.013,  19.118,  12.822,  -0.100,  0.0002,  0.1307,  12.825,  12.825,  -8.799, 1024, 0,
unit_f, 2023-02-19T01:09:15, 1676768955,  18.932,  12.822,  -0.065,  -0.013,  18.932,  12.822,  -0.065, -0.0003,  0.1319,  12.824,  12.824,  -8.821, 0, 0,
unit_f, 2023-02-19T01:39:15, 1676770755,  18.682,  12.818,  -0.100,  -0.013,  18.682,  12.818,  -0.100, -0.0009,  0.1328,  12.820,  12.820,  -8.818, 1024, 0,
unit_f, 2023-02-19T02:09:15, 1676772555,  18.493,  12.814,  -0.065,  -0.013,  18.493,  12.814,  -0.065, -0.0014,  0.1338,  12.816,  12.816,  -8.815, 0, 0,
unit_f, 2023-02-19T02:39:15, 1676774355,  18.307,  12.810,  -0.100,  -0.013,  18.307,  12.810,  -0.100, -0.0020,  0.1343,  12.812,  12.812,  -8.813, 1024, 0,
unit_f, 2023-02-19T03:09:15, 1676776155,  18.118,  12.810,  -0.100,  -0.013,  18.118,  12.810,  -0.100, -0.0026,  0.1346,  12.812,  12.812,  -8.809, 0, 0,
unit_f, 2023-02-19T03:39:15, 1676777955,  17.932,  12.810,  -0.065,  -0.013,  17.932,  12.810,  -0.065, -0.0031,  0.1351,  12.812,  12.812,  -8.807, 1024, 0,
unit_f, 2023-02-19T04:09:15, 1676779755,  17.743,  12.797,  -0.100,  -0.103,  17.743,  12.797,  -0.100, -0.0037,  0.1353,  12.799,  12.799,  -8.805, 1024, 0,
unit_f, 2023-02-19T04:39:15, 1676781555,  17.557,  12.806,  -0.065,  -0.013,  17.557,  12.806,  -0.065, -0.0043,  0.1354,  12.807,  12.807,  -8.802, 0, 0,
unit_f, 2023-02-19T05:09:16, 1676783356,  17.368,  12.797,  -0.100,  -0.013,  17.368,  12.797,  -0.100, -0.0048,  0.1358,  12.798,  12.798,  -8.801, 1024, 0,
unit_f, 2023-02-19T05:39:16, 1676785156,  17.182,  12.806,  -0.065,  -0.013,  17.182,  12.806,  -0.065, -0.0054,  0.1359,  12.807,  12.807,  -8.798, 0, 0,
unit_f, 2023-02-19T06:09:16, 1676786956,  17.057,  12.793,  -0.100,  -0.103,  17.057,  12.793,  -0.100, -0.0059,  0.1360,  12.794,  12.794,  -8.796, 0, 0,
unit_f, 2023-02-19T06:39:16, 1676788756,  16.868,  12.797,  -0.065,  -0.013,  16.868,  12.797,  -0.065, -0.0065,  0.1361,  12.798,  12.798,  -8.793, 0, 0,
unit_f, 2023-02-19T07:09:16, 1676790556,  16.743,  12.784,  -0.100,  -0.013,  16.743,  12.784,  -0.100, -0.0071,  0.1363,  12.786,  12.786,  -8.792, 0, 0,
unit_f, 2023-02-19T07:39:16, 1676792356,  16.618,  12.784,  -0.100,  -0.103,  16.618,  12.784,  -0.100, -0.0076,  0.1363,  12.786,  12.786,  -8.791, 0, 0,
unit_f, 2023-02-19T08:09:16, 1676794156,  16.432,  12.793,  -0.065,  -0.013,  16.432,  12.793,  -0.065, -0.0082,  0.1364,  12.794,  12.794,  -8.787, 1024, 0,
unit_f, 2023-02-19T08:39:16, 1676795956,  16.307,  12.784,  -0.100,  -0.013,  16.307,  12.784,  -0.100, -0.0087,  0.1366,  12.786,  12.786,  -8.786, 0, 0,
unit_f, 2023-02-19T09:09:16, 1676797756,  16.182,  12.784,  -0.065,  -0.103,  16.182,  12.784,  -0.065, -0.0092,  0.1366,  12.786,  12.786,  -8.783, 1024, 0,
unit_f, 2023-02-19T09:39:16, 1676799556,  15.995,  12.771,  -0.100,  -0.103,  15.995,  12.771,  -0.100, -0.0098,  0.1366,  12.773,  12.773,  -8.781, 1024, 0,
unit_f, 2023-02-19T10:09:17, 1676801357,  15.870,  12.775,  -0.065,  -0.103,  15.870,  12.775,  -0.065, -0.0104,  0.1367,  12.777,  12.777,  -8.777, 0, 0,
unit_f, 2023-02-19T10:39:17, 1676803157,  15.682,  12.767,  -0.100,  -0.103,  15.682,  12.767,  -0.100, -0.0109,  0.1368,  12.768,  12.768,  -8.777, 0, 0,
unit_f, 2023-02-19T11:09:17, 1676804957,  15.557,  12.775,  -0.065,  -0.013,  15.557,  12.775,  -0.065, -0.0115,  0.1368,  12.777,  12.777,  -8.773, 0, 0,
unit_f, 2023-02-19T11:39:17, 1676806757,  15.432,  12.767,  -0.065,  -0.103,  15.432,  12.767,  -0.065, -0.0120,  0.1368,  12.768,  12.768,  -8.771, 0, 0,
unit_f, 2023-02-19T12:09:17, 1676808557,  15.245,  12.784,   0.107,   0.163,  15.245,  12.784,   0.107, -0.0123,  0.1372,  12.782,  12.782,  -8.780, 0, 0,
unit_f, 2023-02-19T12:39:17, 1676810357,  15.120,  12.840,   0.663,   0.703,  15.120,  12.840,   0.663, -0.0106,  0.1382,  12.825,  12.824,  -8.825, 0, 0,
unit_f, 2023-02-19T13:09:17, 1676812157,  14.932,  12.969,   1.810,   1.963,  14.932,  12.969,   1.810, -0.0027,  0.1341,  12.930,  12.630,  -8.617, 0, 0,
unit_f, 2023-02-19T13:39:17, 1676813957,  14.807,  13.098,   8.312,   8.888,  14.807,  13.098,   8.312,  0.0189,  0.1344,  12.915,  12.615,  -7.679, 1024, 0,
unit_f, 2023-02-19T14:09:17, 1676815757,  14.807,  13.102,   5.565,   6.010,  14.807,  13.102,   5.565,  0.0598,  0.1355,  12.979,  12.679,  -5.317, 0, 0,
unit_f, 2023-02-19T14:39:17, 1676817557,  14.807,  13.077,   2.437,   2.592,  14.807,  13.077,   2.437,  0.0805,  0.1363,  13.023,  12.723,  -3.539, 1024, 0,
unit_f, 2023-02-19T15:09:18, 1676819358,  14.745,  13.158,   4.418,   4.752,  14.745,  13.158,   4.418,  0.0969,  0.1370,  13.062,  12.762,  -2.156, 0, 0,
unit_f, 2023-02-19T15:39:18, 1676821158,  14.745,  13.249,   5.982,   6.370,  14.745,  13.249,   5.982,  0.1305,  0.1384,  13.128,  12.828,  -0.400, 0, 0,
unit_f, 2023-02-19T16:09:18, 1676822958,  14.745,  13.210,   2.088,   2.323,  14.745,  13.210,   2.088,  0.1524,  0.1390,  13.164,  12.864,   0.068, 0, 0,
unit_f, 2023-02-19T16:39:18, 1676824758,  14.750,  13.318,   5.913,   6.370,  14.750,  13.318,   5.913,  0.1761,  0.1398,  13.184,  12.884,   0.062, 0, 0,
unit_f, 2023-02-19T17:09:18, 1676826558,  14.875,  13.327,   4.278,   4.572,  14.875,  13.327,   4.278,  0.2050,  0.1551,  13.232,  12.932,   0.062, 0, 0,
unit_f, 2023-02-19T17:39:18, 1676828358,  15.062,  13.271,   1.915,   2.053,  15.062,  13.271,   1.915,  0.2221,  0.3143,  13.227,  13.225,  -0.219, 1024, 0,
unit_f, 2023-02-19T18:09:18, 1676830158,  15.125,  13.271,   1.845,   1.963,  15.125,  13.271,   1.845,  0.2306,  0.4499,  13.230,  13.228,  -0.206, 0, 0,
unit_f, 2023-02-19T18:39:18, 1676831958,  15.250,  13.266,   1.672,   1.873,  15.250,  13.266,   1.672,  0.2405,  0.5706,  13.229,  13.227,  -0.198, 0, 0,
unit_f, 2023-02-19T19:09:18, 1676833758,  15.312,  13.279,   1.707,   1.873,  15.312,  13.279,   1.707,  0.2515,  0.6437,  13.241,  13.239,  -0.188, 0, 0,
unit_f, 2023-02-19T19:39:18, 1676835558,  15.437,  13.283,   2.053,   2.233,  15.437,  13.283,   2.053,  0.2600,  0.6744,  13.238,  13.235,  -0.178, 0, 0,
unit_f, 2023-02-19T20:09:19, 1676837359,  15.500,  13.253,   0.977,   1.153,  15.500,  13.253,   0.977,  0.2676,  0.6872,  13.232,  13.231,  -0.166, 0, 0,
unit_f, 2023-02-19T20:39:19, 1676839159,  15.562,  13.227,   0.350,   0.433,  15.562,  13.227,   0.350,  0.2703,  0.6751,  13.219,  13.219,  -0.156, 0, 0,
unit_f, 2023-02-19T21:09:19, 1676840959,  15.625,  13.227,   0.177,   0.163,  15.625,  13.227,   0.177,  0.2717,  0.6573,  13.224,  13.224,  -0.147, 0, 0,
unit_f, 2023-02-19T21:39:19, 1676842759,  15.625,  13.210,   0.002,  -0.013,  15.625,  13.210,   0.002,  0.2719,  0.6372,  13.210,  13.210,  -0.142, 1024, 0,
fltb,  date,                time,    Tb_h, vb_h, ibah, ibnh, Tb, vb, ib, soc, soc_ekf, voc, voc_stat, e_w_f, fltw, falw,
unit_f, 2023-02-19T21:55:45, 1676843745,  15.625,  13.219,   0.142,   0.075,  15.625,  13.219,   0.142,  0.2721,  0.6278,  13.220,  13.220,  -0.140, 1024, 0,
unit_f, 2023-02-19T21:55:55, 1676843755,  15.625,  13.214,   0.107,   0.075,  15.625,  13.214,   0.107,  0.2721,  0.6278,  13.207,  13.207,  -0.139, 1024, 0,
unit_f, 2023-02-19T21:56:05, 1676843765,  15.625,  13.219,   0.142,   0.163,  15.625,  13.219,   0.142,  0.2721,  0.6277,  13.207,  13.207,  -0.137, 0, 0,
unit_f, 2023-02-19T21:56:15, 1676843775,  15.625,  13.219,   0.107,   0.075,  15.625,  13.219,   0.107,  0.2721,  0.6276,  13.207,  13.207,  -0.141, 0, 0,
unit_f, 2023-02-19T21:56:25, 1676843785,  15.625,  13.214,   0.107,   0.163,  15.625,  13.214,   0.107,  0.2721,  0.6276,  13.221,  13.221,  -0.141, 0, 0,
unit_f, 2023-02-19T21:56:35, 1676843795,  15.625,  13.214,   0.107,   0.163,  15.625,  13.214,   0.107,  0.2721,  0.6275,  13.216,  13.216,  -0.140, 0, 0,
unit_f, 2023-02-19T21:56:45, 1676843805,  15.625,  13.214,   0.142,   0.253,  15.625,  13.214,   0.142,  0.2721,  0.6274,  13.212,  13.212,  -0.142, 1024, 0,
fltb,  date,                time,    Tb_h, vb_h, ibah, ibnh, Tb, vb, ib, soc, soc_ekf, voc, voc_stat, e_w_f, fltw, falw,

Sen::
Fault:
 cc_diff    0.355  thr=  0.800 Fc^
 ib_diff   -0.037  thr= 10.000 Fd^
 e_wrap    -0.140  thr=-42.509 Fo^ 42.509 Fi^
 ib_quiet   0.009  thr=  0.005 Fq v

 soc    0.272  voc  13.208  voc_soc  13.072
 dis_tb_fa 0  dis_vb_fa 0  dis_ib_fa 0
 bms_off   0

 Tbh= 15.625  Tbm= 15.625
 Vbh  13.211  Vbm  13.129
 imh   0.215  imm   0.215
 inh   0.330  inm   0.215

 mod_tb  0  mod_vb  0  mod_ib  0
 tb_s_st 1  vb_s_st 1  ib_s_st 1
 fake_faults 1 latched_fail 1 latched_fail_fake 0 preserving 0

 bare n  0  x 
 bare m  0  x 
 ib_dsc  0  0 'Fq v'
 ibd_lo  0  0 'Fd ^  *SA/*SB'
 ibd_hi  0  0 'Fd ^  *SA/*SB'
 red wv  0  0   'Fd  Fi/Fo ^'
 wl      0  0 'Fo ^'
 wh      0  0 'Fi ^'
 cc_dif  x  0 'Fc ^'
 ib n    0  0 'Fi 1'
 ib m    0  0 'Fi 1'
 vb      0  0 'Fv 1, *SV, *Dc/*Dv'
 tb      0  0 'Ft 1'
  0000000000000   00000000000
  CBA98765x3210 xxA9876543210
  fltw=0     falw=0
fake_faults=>redl
v0; to return
 16 13.21    0.2   Tb,C  VOC,V  Ib,A 
108 ---   40   EKF,Ah  chg,hrs  CC, Ah
Pf; for fails.  prints=131467

 16 13.21    0.2   Tb,C  VOC,V  Ib,A 
108 ---   40   EKF,Ah  chg,hrs  CC, Ah
Pf; for fails.  prints=131467

 16 13.22    0.2   Tb,C  VOC,V  Ib,A 
108 ---   40   EKF,Ah  chg,hrs  CC, Ah
Pf; for fails.  prints=131467

Disconnected
