Connecting to HC-06 ...
Connected
 16 13.35   -0.3   Tb,C  VOC,V  Ib,A 
179 ---  151   EKF,Ah  chg,hrs  CC, Ah
Pf; for fails.  prints=131467

 16 13.35   -0.3   Tb,C  VOC,V  Ib,A 
179 ---  151   EKF,Ah  chg,hrs  CC, Ah
Pf; for fails.  prints=131467

 16 13.35   -0.3   Tb,C  VOC,V  Ib,A 
179 ---  151   EKF,Ah  chg,hrs  CC, Ah
Pf; for fails.  prints=131467

 16 13.35   -0.3   Tb,C  VOC,V  Ib,A 
179 ---  151   EKF,Ah  chg,hrs  CC, Ah
Pf; for fails.  prints=131467

 16 13.35   -0.3   Tb,C  VOC,V  Ib,A 
179 ---  151   EKF,Ah  chg,hrs  CC, Ah
Pf; for fails.  prints=131467

 16 13.34   -0.3   Tb,C  VOC,V  Ib,A 
179 ---  151   EKF,Ah  chg,hrs  CC, Ah
Pf; for fails.  prints=131467

 16 13.34   -0.3   Tb,C  VOC,V  Ib,A 
179 ---  151   EKF,Ah  chg,hrs  CC, Ah
Pf; for fails.  prints=131467

Pf;echo: Pf, 4
echo: Pf, 0
unit_f, 2023-02-23T18:39:38, 1677177578,  14.870,  13.168,  -0.135,  -0.103,  14.870,  13.168,  -0.135,  0.5371,  0.3951,  13.170,  13.170,   0.034, 1024, 0,
unit_f, 2023-02-23T19:09:38, 1677179378,  14.870,  13.146,  -0.170,  -0.103,  14.870,  13.146,  -0.170,  0.5363,  0.3929,  13.149,  13.149,   0.034, 0, 0,
unit_f, 2023-02-23T19:39:38, 1677181178,  14.875,  13.142,  -0.135,  -0.103,  14.875,  13.142,  -0.135,  0.5355,  0.3914,  13.145,  13.145,   0.036, 0, 0,
unit_f, 2023-02-23T20:09:38, 1677182978,  15.000,  13.146,  -0.170,  -0.193,  15.000,  13.146,  -0.170,  0.5341,  0.3906,  13.149,  13.149,   0.036, 0, 0,
unit_f, 2023-02-23T20:39:38, 1677184778,  15.062,  13.150,  -0.170,  -0.193,  15.062,  13.150,  -0.170,  0.5328,  0.3885,  13.153,  13.153,   0.036, 1024, 0,
unit_f, 2023-02-23T21:09:38, 1677186578,  15.125,  13.154,  -0.170,  -0.103,  15.125,  13.154,  -0.170,  0.5316,  0.3870,  13.158,  13.158,   0.037, 0, 0,
unit_f, 2023-02-23T21:39:38, 1677188378,  15.187,  13.146,  -0.170,  -0.103,  15.187,  13.146,  -0.170,  0.5304,  0.3848,  13.150,  13.150,   0.037, 1024, 0,
unit_f, 2023-02-23T22:09:38, 1677190178,  15.312,  13.137,  -0.205,  -0.193,  15.312,  13.137,  -0.205,  0.5288,  0.3830,  13.142,  13.142,   0.037, 0, 0,
unit_f, 2023-02-23T22:39:38, 1677191978,  15.375,  13.142,  -0.170,  -0.193,  15.375,  13.142,  -0.170,  0.5275,  0.3815,  13.146,  13.146,   0.039, 0, 0,
unit_f, 2023-02-23T23:09:39, 1677193779,  15.437,  13.142,  -0.205,  -0.103,  15.437,  13.142,  -0.205,  0.5262,  0.3802,  13.146,  13.146,   0.040, 0, 0,
unit_f, 2023-02-23T23:39:39, 1677195579,  15.437,  13.142,  -0.170,  -0.193,  15.437,  13.142,  -0.170,  0.5252,  0.3791,  13.146,  13.146,   0.040, 0, 0,
unit_f, 2023-02-24T00:09:39, 1677197379,  15.437,  13.146,  -0.170,  -0.193,  15.437,  13.146,  -0.170,  0.5242,  0.3792,  13.150,  13.150,   0.040, 1024, 0,
unit_f, 2023-02-24T00:39:39, 1677199179,  15.432,  13.137,  -0.205,  -0.103,  15.432,  13.137,  -0.205,  0.5232,  0.3781,  13.142,  13.142,   0.040, 0, 0,
unit_f, 2023-02-24T01:09:39, 1677200979,  15.370,  13.137,  -0.170,  -0.103,  15.370,  13.137,  -0.170,  0.5226,  0.3776,  13.141,  13.141,   0.041, 0, 0,
unit_f, 2023-02-24T01:39:39, 1677202779,  15.307,  13.137,  -0.205,  -0.193,  15.307,  13.137,  -0.205,  0.5219,  0.3761,  13.142,  13.142,   0.041, 1024, 0,
unit_f, 2023-02-24T02:09:39, 1677204579,  15.245,  13.146,  -0.170,  -0.103,  15.245,  13.146,  -0.170,  0.5212,  0.3747,  13.150,  13.150,   0.041, 0, 0,
unit_f, 2023-02-24T02:39:39, 1677206379,  15.245,  13.142,  -0.170,  -0.193,  15.245,  13.142,  -0.170,  0.5203,  0.3741,  13.145,  13.145,   0.042, 0, 0,
unit_f, 2023-02-24T03:09:39, 1677208179,  15.245,  13.137,  -0.170,  -0.103,  15.245,  13.137,  -0.170,  0.5193,  0.3735,  13.141,  13.141,   0.043, 1024, 0,
unit_f, 2023-02-24T03:39:39, 1677209979,  15.245,  13.098,  -1.003,  -1.003,  15.245,  13.098,  -1.003,  0.5158,  0.3510,  13.119,  13.119,   0.069, 0, 0,
unit_f, 2023-02-24T04:09:40, 1677211780,  15.245,  13.081,  -0.935,  -1.003,  15.245,  13.081,  -0.935,  0.5110,  0.3229,  13.102,  13.102,   0.074, 0, 0,
unit_f, 2023-02-24T04:39:40, 1677213580,  15.245,  13.072,  -1.213,  -1.183,  15.245,  13.072,  -1.213,  0.5061,  0.3108,  13.097,  13.097,   0.077, 0, 0,
unit_f, 2023-02-24T05:09:40, 1677215380,  15.245,  13.081,  -1.143,  -1.093,  15.245,  13.081,  -1.143,  0.5010,  0.3061,  13.104,  13.104,   0.076, 0, 0,
unit_f, 2023-02-24T05:39:40, 1677217180,  15.182,  13.077,  -0.970,  -1.003,  15.182,  13.077,  -0.970,  0.4959,  0.3019,  13.099,  13.099,   0.078, 0, 0,
unit_f, 2023-02-24T06:09:40, 1677218980,  15.182,  13.085,  -0.935,  -1.003,  15.182,  13.085,  -0.935,  0.4907,  0.3002,  13.106,  13.106,   0.077, 1024, 0,
unit_f, 2023-02-24T06:39:40, 1677220780,  15.120,  13.081,  -0.692,  -0.643,  15.120,  13.081,  -0.692,  0.4861,  0.3005,  13.098,  13.098,   0.076, 0, 0,
unit_f, 2023-02-24T07:09:40, 1677222580,  15.057,  13.085,  -0.760,  -0.733,  15.057,  13.085,  -0.760,  0.4824,  0.3051,  13.102,  13.102,   0.072, 0, 0,
unit_f, 2023-02-24T07:39:40, 1677224380,  14.995,  13.077,  -1.073,  -1.093,  14.995,  13.077,  -1.073,  0.4779,  0.3021,  13.100,  13.100,   0.077, 0, 0,
unit_f, 2023-02-24T08:09:40, 1677226180,  14.932,  13.085,  -0.935,  -0.913,  14.932,  13.085,  -0.935,  0.4737,  0.3006,  13.106,  13.106,   0.072, 0, 0,
unit_f, 2023-02-24T08:39:40, 1677227980,  14.870,  13.068,  -1.003,  -1.003,  14.870,  13.068,  -1.003,  0.4688,  0.2971,  13.090,  13.090,   0.076, 0, 0,
unit_f, 2023-02-24T09:09:41, 1677229781,  14.807,  13.077,  -1.038,  -1.003,  14.807,  13.077,  -1.038,  0.4639,  0.2949,  13.098,  13.098,   0.077, 0, 0,
unit_f, 2023-02-24T09:39:41, 1677231581,  14.745,  13.068,  -1.248,  -1.273,  14.745,  13.068,  -1.248,  0.4587,  0.2931,  13.093,  13.093,   0.078, 0, 0,
unit_f, 2023-02-24T10:09:41, 1677233381,  14.682,  13.102,  -0.205,  -0.193,  14.682,  13.102,  -0.205,  0.4536,  0.2910,  13.107,  13.107,   0.078, 1024, 0,
unit_f, 2023-02-24T10:39:41, 1677235181,  14.620,  13.107,  -0.205,  -0.193,  14.620,  13.107,  -0.205,  0.4527,  0.3123,  13.111,  13.111,   0.054, 0, 0,
unit_f, 2023-02-24T11:09:41, 1677236981,  14.620,  13.107,  -0.343,  -0.283,  14.620,  13.107,  -0.343,  0.4512,  0.3234,  13.114,  13.114,   0.054, 0, 0,
unit_f, 2023-02-24T11:39:41, 1677238781,  14.620,  13.107,  -0.343,  -0.283,  14.620,  13.107,  -0.343,  0.4495,  0.3256,  13.114,  13.114,   0.052, 0, 0,
unit_f, 2023-02-24T12:09:41, 1677240581,  14.620,  13.107,  -0.308,  -0.283,  14.620,  13.107,  -0.308,  0.4479,  0.3267,  13.114,  13.114,   0.052, 0, 0,
unit_f, 2023-02-24T12:39:41, 1677242381,  14.625,  13.111,  -0.240,  -0.283,  14.625,  13.111,  -0.240,  0.4464,  0.3286,  13.116,  13.116,   0.049, 0, 0,
unit_f, 2023-02-24T13:09:41, 1677244181,  14.625,  13.142,   0.002,  -0.013,  14.625,  13.142,   0.002,  0.4459,  0.3388,  13.142,  13.142,   0.041, 0, 0,
unit_f, 2023-02-24T13:39:41, 1677245981,  14.687,  13.206,   0.837,   0.973,  14.687,  13.206,   0.837,  0.4516,  0.4030,  13.188,  13.187,  -0.018, 1024, 0,
unit_f, 2023-02-24T14:09:42, 1677247782,  14.750,  13.490,   9.772,  10.417,  14.750,  13.490,   9.772,  0.4846,  0.5361,  13.274,  13.264,  -0.080, 0, 0,
unit_f, 2023-02-24T14:39:42, 1677249582,  15.000,  13.537,  11.302,  12.125,  15.000,  13.537,  11.302,  0.5375,  0.7037,  13.288,  13.272,  -0.084, 0, 0,
unit_f, 2023-02-24T15:09:42, 1677251382,  15.375,  13.357,   2.228,   2.413,  15.375,  13.357,   2.228,  0.5591,  0.8229,  13.306,  13.303,  -0.098, 0, 16,
unit_f, 2023-02-24T15:39:42, 1677253182,  15.625,  13.391,   1.775,   1.873,  15.625,  13.391,   1.775,  0.5824,  0.9103,  13.346,  13.342,  -0.139, 0, 16,
unit_f, 2023-02-24T16:09:42, 1677254982,  15.812,  13.680,  12.553,  13.385,  15.812,  13.680,  12.553,  0.6199,  0.9904,  13.402,  13.373,  -0.157, 0, 16,
unit_f, 2023-02-24T16:39:42, 1677256782,  16.187,  13.598,   5.635,   6.010,  16.187,  13.598,   5.635,  0.6805,  0.9899,  13.396,  13.337,  -0.091, 0, 16,
unit_f, 2023-02-24T17:09:42, 1677258582,  16.562,  13.537,   5.705,   6.100,  16.562,  13.537,   5.705,  0.7321,  0.9908,  13.408,  13.400,  -0.151, 0, 16,
unit_f, 2023-02-24T17:39:42, 1677260382,  16.750,  13.456,   2.472,   2.682,  16.750,  13.456,   2.472,  0.7512,  0.9908,  13.399,  13.397,  -0.147, 0, 16,
unit_f, 2023-02-24T18:09:43, 1677262183,  16.812,  13.468,   3.340,   3.582,  16.812,  13.468,   3.340,  0.7628,  0.9906,  13.397,  13.393,  -0.135, 0, 16,
unit_f, 2023-02-24T18:39:43, 1677263983,  16.812,  13.452,   2.053,   2.143,  16.812,  13.452,   2.053,  0.7770,  0.9907,  13.405,  13.402,  -0.133, 0, 16,
unit_f, 2023-02-24T19:09:43, 1677265783,  16.812,  13.512,   3.897,   4.212,  16.812,  13.512,   3.897,  0.7956,  0.9911,  13.425,  13.421,  -0.151, 1024, 0,
unit_f, 2023-02-24T19:39:43, 1677267583,  16.807,  13.516,   3.548,   3.852,  16.807,  13.516,   3.548,  0.8164,  0.9912,  13.434,  13.429,  -0.157, 0, 0,
unit_f, 2023-02-24T20:09:43, 1677269383,  16.807,  13.430,   1.253,   1.423,  16.807,  13.430,   1.253,  0.8259,  0.9906,  13.402,  13.401,  -0.117, 0, 0,
unit_f, 2023-02-24T20:39:43, 1677271183,  16.743,  13.387,   0.733,   0.793,  16.743,  13.387,   0.733,  0.8297,  0.9904,  13.370,  13.369,  -0.100, 1024, 0,
unit_f, 2023-02-24T21:09:43, 1677272983,  16.682,  13.473,   2.262,   2.323,  16.682,  13.473,   2.262,  0.8377,  0.9909,  13.422,  13.418,  -0.137, 0, 0,
unit_f, 2023-02-24T21:39:43, 1677274783,  16.618,  13.387,   0.245,   0.253,  16.618,  13.387,   0.245,  0.8428,  0.9904,  13.381,  13.380,  -0.098, 0, 0,
unit_f, 2023-02-24T22:09:43, 1677276583,  16.557,  13.357,  -0.065,  -0.013,  16.557,  13.357,  -0.065,  0.8434,  0.9901,  13.358,  13.358,  -0.072, 1024, 0,
fltb,  date,                time,    Tb_h, vb_h, ibah, ibnh, Tb, vb, ib, soc, soc_ekf, voc, voc_stat, e_w_f, fltw, falw,
unit_f, 2023-02-24T22:25:35, 1677277535,  16.493,  13.357,  -0.135,  -0.193,  16.493,  13.357,  -0.135,  0.8436,  0.9899,  13.360,  13.360,  -0.066, 0, 0,
unit_f, 2023-02-24T22:25:45, 1677277545,  16.493,  13.343,  -0.170,  -0.103,  16.493,  13.343,  -0.170,  0.8436,  0.9900,  13.342,  13.342,  -0.066, 0, 0,
unit_f, 2023-02-24T22:25:55, 1677277555,  16.493,  13.352,  -0.135,  -0.103,  16.493,  13.352,  -0.135,  0.8436,  0.9900,  13.356,  13.356,  -0.066, 0, 0,
unit_f, 2023-02-24T22:26:05, 1677277565,  16.493,  13.352,  -0.135,  -0.103,  16.493,  13.352,  -0.135,  0.8436,  0.9900,  13.348,  13.348,  -0.065, 0, 0,
unit_f, 2023-02-24T22:26:15, 1677277575,  16.493,  13.343,  -0.170,  -0.193,  16.493,  13.343,  -0.170,  0.8436,  0.9900,  13.348,  13.348,  -0.066, 0, 0,
unit_f, 2023-02-24T22:26:25, 1677277585,  16.493,  13.352,  -0.135,  -0.103,  16.493,  13.352,  -0.135,  0.8436,  0.9899,  13.356,  13.356,  -0.066, 0, 0,
unit_f, 2023-02-24T22:26:35, 1677277595,  16.493,  13.348,  -0.135,  -0.103,  16.493,  13.348,  -0.135,  0.8436,  0.9899,  13.347,  13.347,  -0.066, 0, 0,
fltb,  date,                time,    Tb_h, vb_h, ibah, ibnh, Tb, vb, ib, soc, soc_ekf, voc, voc_stat, e_w_f, fltw, falw,

Sen::
Fault:
 cc_diff    0.146  thr=  0.200 Fc^
 ib_diff   -0.025  thr= 10.000 Fd^
 e_wrap    -0.065  thr= -0.708 Fo^  0.708 Fi^
 ib_quiet   0.010  thr=  0.005 Fq v

 soc    0.844  voc  13.348  voc_soc  13.283
 dis_tb_fa 0  dis_vb_fa 0  dis_ib_fa 0
 bms_off   0

 Tbh= 16.495  Tbm= 16.495
 Vbh  13.344  Vbm  13.305
 imh  -0.341  imm  -0.341
 inh  -0.390  inm  -0.341

 mod_tb  0  mod_vb  0  mod_ib  0
 tb_s_st 1  vb_s_st 1  ib_s_st 1
 fake_faults 1 latched_fail 1 latched_fail_fake 0 preserving 0

 bare n  0  x 
 bare m  0  x 
 ib_dsc  0  0 'Fq v'
 ibd_lo  0  0 'Fd ^  *SA/*SB'
 ibd_hi  0  0 'Fd ^  *SA/*SB'
 red wv  0  0   'Fd  Fi/Fo ^'
 wl      0  0 'Fo ^'
 wh      0  0 'Fi ^'
 cc_dif  x  0 'Fc ^'
 ib n    0  0 'Fi 1'
 ib m    0  0 'Fi 1'
 vb      0  0 'Fv 1, *SV, *Dc/*Dv'
 tb      0  0 'Ft 1'
  0000000000000   00000000000
  CBA98765x3210 xxA9876543210
  fltw=0     falw=0
fake_faults=>redl
v0; to return
 16 13.35   -0.3   Tb,C  VOC,V  Ib,A 
179 ---  151   EKF,Ah  chg,hrs  CC, Ah
Pf; for fails.  prints=131467

 16 13.35   -0.3   Tb,C  VOC,V  Ib,A 
179 ---  151   EKF,Ah  chg,hrs  CC, Ah
Pf; for fails.  prints=131467

 16 13.35   -0.3   Tb,C  VOC,V  Ib,A 
179 ---  151   EKF,Ah  chg,hrs  CC, Ah
Pf; for fails.  prints=131467

 16 13.35   -0.3   Tb,C  VOC,V  Ib,A 
179 ---  151   EKF,Ah  chg,hrs  CC, Ah
Pf; for fails.  prints=131467

Disconnected
