Connecting to HC-06 ...
Connected
 15 13.16   -0.3   Tb,C  VOC,V  Ib,A 
 64 ---   92   EKF,Ah  chg,hrs  CC, Ah
Pf; for fails.  prints=131467

 15 13.16   -0.3   Tb,C  VOC,V  Ib,A 
 64 ---   92   EKF,Ah  chg,hrs  CC, Ah
Pf; for fails.  prints=131467

 15 13.16   -0.3   Tb,C  VOC,V  Ib,A 
 64 ---   92   EKF,Ah  chg,hrs  CC, Ah
Pf; for fails.  prints=131467

 15 13.15   -0.3   Tb,C  VOC,V  Ib,A 
 64 ---   92   EKF,Ah  chg,hrs  CC, Ah
Pf; for fails.  prints=131467

 15 13.16   -0.3   Tb,C  VOC,V  Ib,A 
 64 ---   92   EKF,Ah  chg,hrs  CC, Ah
Pf; for fails.  prints=131467

 15 13.16   -0.3   Tb,C  VOC,V  Ib,A 
 64 ---   92   EKF,Ah  chg,hrs  CC, Ah
Pf; for fails.  prints=131467

 15 13.16   -0.3   Tb,C  VOC,V  Ib,A 
 64 ---   92   EKF,Ah  chg,hrs  CC, Ah
Pf; for fails.  prints=131467

 15 13.16   -0.3   Tb,C  VOC,V  Ib,A 
 64 ---   92   EKF,Ah  chg,hrs  CC, Ah
Pf; for fails.  prints=131467

Pf;echo: Pf, 4
echo: Pf, 0
unit_f, 2023-02-22T07:09:30, 1677049770,  16.682,  13.090,  -0.795,  -0.733,  16.682,  13.090,  -0.795,  0.2948,  0.3003,  13.108,  13.108,  -0.006, 0, 0,
unit_f, 2023-02-22T07:39:30, 1677051570,  16.618,  13.081,  -0.830,  -0.823,  16.618,  13.081,  -0.830,  0.2904,  0.3000,  13.100,  13.100,  -0.010, 0, 0,
unit_f, 2023-02-22T08:09:30, 1677053370,  16.557,  13.081,  -1.073,  -1.093,  16.557,  13.081,  -1.073,  0.2858,  0.2978,  13.102,  13.102,  -0.012, 0, 0,
unit_f, 2023-02-22T08:39:31, 1677055171,  16.493,  13.072,  -0.900,  -0.913,  16.493,  13.072,  -0.900,  0.2811,  0.2956,  13.093,  13.093,  -0.016, 0, 0,
unit_f, 2023-02-22T09:09:31, 1677056971,  16.432,  13.068,  -0.900,  -0.913,  16.432,  13.068,  -0.900,  0.2762,  0.2931,  13.088,  13.088,  -0.017, 0, 0,
unit_f, 2023-02-22T09:39:31, 1677058771,  16.307,  13.072,  -0.900,  -0.913,  16.307,  13.072,  -0.900,  0.2717,  0.2936,  13.092,  13.092,  -0.020, 0, 0,
unit_f, 2023-02-22T10:09:31, 1677060571,  16.243,  13.107,  -0.205,  -0.193,  16.243,  13.107,  -0.205,  0.2676,  0.2933,  13.112,  13.112,  -0.034, 0, 0,
unit_f, 2023-02-22T10:39:31, 1677062371,  16.182,  13.107,  -0.205,  -0.193,  16.182,  13.107,  -0.205,  0.2667,  0.3142,  13.111,  13.111,  -0.048, 1024, 0,
unit_f, 2023-02-22T11:09:31, 1677064171,  16.057,  13.124,  -0.170,  -0.103,  16.057,  13.124,  -0.170,  0.2660,  0.3290,  13.128,  13.128,  -0.052, 1024, 0,
unit_f, 2023-02-22T11:39:31, 1677065971,  15.995,  13.120,  -0.170,  -0.193,  15.995,  13.120,  -0.170,  0.2652,  0.3341,  13.123,  13.123,  -0.055, 1024, 0,
unit_f, 2023-02-22T12:09:31, 1677067771,  15.870,  13.128,   0.072,   0.163,  15.870,  13.128,   0.072,  0.2651,  0.3423,  13.127,  13.127,  -0.063, 0, 0,
unit_f, 2023-02-22T12:39:31, 1677069571,  15.745,  13.206,   1.463,   1.603,  15.745,  13.206,   1.463,  0.2680,  0.3792,  13.173,  13.172,  -0.104, 0, 0,
unit_f, 2023-02-22T13:09:31, 1677071371,  15.682,  13.262,   2.193,   2.323,  15.682,  13.262,   2.193,  0.2753,  0.4434,  13.217,  13.215,  -0.138, 0, 0,
unit_f, 2023-02-22T13:39:32, 1677073172,  15.620,  13.434,   7.825,   8.438,  15.620,  13.434,   7.825,  0.3104,  0.5982,  13.261,  13.253,  -0.139, 1024, 0,
unit_f, 2023-02-22T14:09:32, 1677074972,  15.625,  13.456,   9.042,   9.697,  15.625,  13.456,   9.042,  0.3547,  0.6806,  13.256,  13.247,  -0.113, 0, 16,
unit_f, 2023-02-22T14:39:32, 1677076772,  15.875,  13.473,   9.702,  10.417,  15.875,  13.473,   9.702,  0.4034,  0.7155,  13.258,  13.248,  -0.086, 0, 16,
unit_f, 2023-02-22T15:09:32, 1677078572,  16.187,  13.468,   9.807,  10.507,  16.187,  13.468,   9.807,  0.4535,  0.7313,  13.252,  13.242,  -0.078, 0, 16,
unit_f, 2023-02-22T15:39:32, 1677080372,  16.500,  13.490,  10.258,  10.957,  16.500,  13.490,  10.258,  0.5051,  0.7424,  13.265,  13.252,  -0.075, 0, 16,
unit_f, 2023-02-22T16:09:32, 1677082172,  16.812,  13.473,   7.443,   7.988,  16.812,  13.473,   7.443,  0.5507,  0.7967,  13.307,  13.299,  -0.102, 0, 16,
unit_f, 2023-02-22T16:39:32, 1677083972,  17.062,  13.383,   2.332,   2.502,  17.062,  13.383,   2.332,  0.5740,  0.8868,  13.329,  13.327,  -0.127, 1024, 16,
unit_f, 2023-02-22T17:09:32, 1677085772,  17.187,  13.391,   2.610,   2.772,  17.187,  13.391,   2.610,  0.5851,  0.9431,  13.332,  13.330,  -0.125, 1024, 16,
unit_f, 2023-02-22T17:39:32, 1677087572,  17.250,  13.391,   2.575,   2.772,  17.250,  13.391,   2.575,  0.5948,  0.9646,  13.333,  13.331,  -0.134, 0, 16,
unit_f, 2023-02-22T18:09:33, 1677089373,  17.250,  13.400,   1.880,   2.053,  17.250,  13.400,   1.880,  0.6048,  0.9901,  13.359,  13.357,  -0.147, 1024, 16,
unit_f, 2023-02-22T18:39:33, 1677091173,  17.250,  13.391,   1.080,   1.153,  17.250,  13.391,   1.080,  0.6144,  0.9902,  13.367,  13.366,  -0.156, 0, 16,
unit_f, 2023-02-22T19:09:33, 1677092973,  17.250,  13.387,   0.558,   0.703,  17.250,  13.387,   0.558,  0.6187,  0.9902,  13.374,  13.374,  -0.151, 1024, 16,
unit_f, 2023-02-22T19:39:33, 1677094773,  17.243,  13.383,   0.698,   0.793,  17.243,  13.383,   0.698,  0.6215,  0.9902,  13.367,  13.366,  -0.149, 0, 16,
unit_f, 2023-02-22T20:09:33, 1677096573,  17.182,  13.369,   0.280,   0.253,  17.182,  13.369,   0.280,  0.6244,  0.9902,  13.363,  13.363,  -0.147, 0, 16,
unit_f, 2023-02-22T20:39:33, 1677098373,  17.118,  13.365,   0.142,   0.163,  17.118,  13.365,   0.142,  0.6258,  0.9901,  13.363,  13.363,  -0.142, 0, 16,
unit_f, 2023-02-22T21:09:33, 1677100173,  17.057,  13.357,  -0.030,  -0.013,  17.057,  13.357,  -0.030,  0.6263,  0.9901,  13.357,  13.357,  -0.139, 0, 16,
unit_f, 2023-02-22T21:39:33, 1677101973,  16.993,  13.343,  -0.100,  -0.103,  16.993,  13.343,  -0.100,  0.6264,  0.9899,  13.346,  13.346,  -0.133, 0, 16,
unit_f, 2023-02-22T22:09:33, 1677103773,  16.932,  13.339,  -0.170,  -0.103,  16.932,  13.339,  -0.170,  0.6261,  0.9894,  13.343,  13.343,  -0.131, 0, 16,
unit_f, 2023-02-22T22:39:33, 1677105573,  16.807,  13.331,  -0.205,  -0.193,  16.807,  13.331,  -0.205,  0.6259,  0.9846,  13.335,  13.335,  -0.128, 0, 16,
unit_f, 2023-02-22T23:09:34, 1677107374,  16.743,  13.339,  -0.170,  -0.103,  16.743,  13.339,  -0.170,  0.6253,  0.9786,  13.343,  13.343,  -0.123, 0, 16,
unit_f, 2023-02-22T23:39:34, 1677109174,  16.682,  13.339,  -0.170,  -0.103,  16.682,  13.339,  -0.170,  0.6248,  0.9731,  13.343,  13.343,  -0.120, 1024, 16,
unit_f, 2023-02-23T00:09:34, 1677110974,  16.557,  13.322,  -0.205,  -0.193,  16.557,  13.322,  -0.205,  0.6246,  0.9689,  13.326,  13.326,  -0.117, 0, 16,
unit_f, 2023-02-23T00:39:34, 1677112774,  16.493,  13.331,  -0.170,  -0.193,  16.493,  13.331,  -0.170,  0.6240,  0.9657,  13.335,  13.335,  -0.117, 1024, 16,
unit_f, 2023-02-23T01:09:34, 1677114574,  16.432,  13.322,  -0.205,  -0.103,  16.432,  13.322,  -0.205,  0.6234,  0.9613,  13.327,  13.327,  -0.114, 0, 16,
unit_f, 2023-02-23T01:39:34, 1677116374,  16.368,  13.327,  -0.170,  -0.193,  16.368,  13.327,  -0.170,  0.6229,  0.9569,  13.331,  13.331,  -0.113, 0, 16,
unit_f, 2023-02-23T02:09:34, 1677118174,  16.368,  13.258,  -1.492,  -1.543,  16.368,  13.258,  -1.492,  0.6198,  0.9415,  13.291,  13.291,  -0.087, 0, 16,
unit_f, 2023-02-23T02:39:34, 1677119974,  16.307,  13.249,  -1.248,  -1.273,  16.307,  13.249,  -1.248,  0.6123,  0.8838,  13.277,  13.277,  -0.056, 0, 16,
unit_f, 2023-02-23T03:09:34, 1677121774,  16.243,  13.206,  -1.560,  -1.633,  16.243,  13.206,  -1.560,  0.6056,  0.8207,  13.242,  13.242,  -0.036, 0, 16,
unit_f, 2023-02-23T03:39:34, 1677123574,  16.243,  13.184,  -1.630,  -1.633,  16.243,  13.184,  -1.630,  0.5970,  0.7341,  13.223,  13.223,  -0.007, 0, 0,
unit_f, 2023-02-23T04:09:35, 1677125375,  16.182,  13.172,  -0.935,  -1.003,  16.182,  13.172,  -0.935,  0.5910,  0.6518,  13.193,  13.193,   0.003, 0, 0,
unit_f, 2023-02-23T04:39:35, 1677127175,  16.182,  13.180,  -0.900,  -0.823,  16.182,  13.180,  -0.900,  0.5861,  0.5972,  13.200,  13.200,   0.013, 0, 0,
unit_f, 2023-02-23T05:09:35, 1677128975,  16.118,  13.150,  -0.935,  -1.003,  16.118,  13.150,  -0.935,  0.5817,  0.5557,  13.171,  13.171,   0.022, 0, 0,
unit_f, 2023-02-23T05:39:35, 1677130775,  16.057,  13.146,  -1.038,  -1.003,  16.057,  13.146,  -1.038,  0.5768,  0.5129,  13.168,  13.168,   0.033, 0, 0,
unit_f, 2023-02-23T06:09:35, 1677132575,  15.995,  13.137,  -1.003,  -1.093,  15.995,  13.137,  -1.003,  0.5719,  0.4784,  13.160,  13.160,   0.040, 0, 0,
unit_f, 2023-02-23T06:39:35, 1677134375,  15.995,  13.128,  -1.003,  -1.003,  15.995,  13.128,  -1.003,  0.5661,  0.4345,  13.152,  13.152,   0.049, 0, 0,
unit_f, 2023-02-23T07:09:35, 1677136175,  15.932,  13.120,  -1.108,  -1.183,  15.932,  13.120,  -1.108,  0.5608,  0.3898,  13.145,  13.145,   0.054, 0, 0,
unit_f, 2023-02-23T07:39:35, 1677137975,  15.870,  13.120,  -0.865,  -0.823,  15.870,  13.120,  -0.865,  0.5560,  0.3740,  13.139,  13.139,   0.052, 0, 0,
unit_f, 2023-02-23T08:09:35, 1677139775,  15.807,  13.107,  -0.900,  -0.913,  15.807,  13.107,  -0.900,  0.5511,  0.3664,  13.128,  13.128,   0.058, 1024, 0,
unit_f, 2023-02-23T08:39:35, 1677141575,  15.807,  13.158,  -0.205,  -0.193,  15.807,  13.158,  -0.205,  0.5487,  0.3754,  13.163,  13.163,   0.041, 0, 0,
unit_f, 2023-02-23T09:09:36, 1677143376,  15.745,  13.150,  -0.170,  -0.103,  15.745,  13.150,  -0.170,  0.5481,  0.3898,  13.154,  13.154,   0.036, 1024, 0,
unit_f, 2023-02-23T09:39:36, 1677145176,  15.682,  13.158,  -0.170,  -0.103,  15.682,  13.158,  -0.170,  0.5474,  0.3958,  13.162,  13.162,   0.035, 0, 0,
unit_f, 2023-02-23T10:09:36, 1677146976,  15.557,  13.154,  -0.205,  -0.103,  15.557,  13.154,  -0.205,  0.5471,  0.3992,  13.158,  13.158,   0.035, 1024, 0,
unit_f, 2023-02-23T10:39:36, 1677148776,  15.495,  13.158,  -0.170,  -0.103,  15.495,  13.158,  -0.170,  0.5465,  0.3999,  13.162,  13.162,   0.034, 1024, 0,
fltb,  date,                time,    Tb_h, vb_h, ibah, ibnh, Tb, vb, ib, soc, soc_ekf, voc, voc_stat, e_w_f, fltw, falw,
unit_f, 2023-02-23T11:05:35, 1677150335,  15.432,  13.146,  -0.205,  -0.193,  15.432,  13.146,  -0.205,  0.5460,  0.3999,  13.158,  13.158,   0.033, 1024, 0,
unit_f, 2023-02-23T11:05:45, 1677150345,  15.432,  13.158,  -0.170,  -0.103,  15.432,  13.158,  -0.170,  0.5460,  0.3999,  13.167,  13.167,   0.033, 0, 0,
unit_f, 2023-02-23T11:05:55, 1677150355,  15.432,  13.162,  -0.170,  -0.193,  15.432,  13.162,  -0.170,  0.5460,  0.3999,  13.162,  13.162,   0.033, 1024, 0,
unit_f, 2023-02-23T11:06:06, 1677150366,  15.432,  13.150,  -0.170,  -0.193,  15.432,  13.150,  -0.170,  0.5460,  0.3998,  13.158,  13.158,   0.034, 1024, 0,
unit_f, 2023-02-23T11:06:16, 1677150376,  15.432,  13.150,  -0.170,  -0.193,  15.432,  13.150,  -0.170,  0.5460,  0.3998,  13.158,  13.158,   0.033, 1024, 0,
unit_f, 2023-02-23T11:06:26, 1677150386,  15.432,  13.158,  -0.170,  -0.193,  15.432,  13.158,  -0.170,  0.5459,  0.3997,  13.154,  13.154,   0.033, 0, 0,
unit_f, 2023-02-23T11:06:36, 1677150396,  15.432,  13.142,  -0.170,  -0.103,  15.432,  13.142,  -0.170,  0.5459,  0.3998,  13.158,  13.158,   0.034, 1024, 0,
fltb,  date,                time,    Tb_h, vb_h, ibah, ibnh, Tb, vb, ib, soc, soc_ekf, voc, voc_stat, e_w_f, fltw, falw,

Sen::
Fault:
 cc_diff   -0.146  thr=  0.200 Fc^
 ib_diff   -0.025  thr= 10.000 Fd^
 e_wrap     0.034  thr= -0.708 Fo^  0.708 Fi^
 ib_quiet   0.010  thr=  0.005 Fq v

 soc    0.546  voc  13.167  voc_soc  13.194
 dis_tb_fa 0  dis_vb_fa 0  dis_ib_fa 0
 bms_off   0

 Tbh= 15.433  Tbm= 15.433
 Vbh  13.163  Vbm  13.212
 imh  -0.341  imm  -0.341
 inh  -0.390  inm  -0.341

 mod_tb  0  mod_vb  0  mod_ib  0
 tb_s_st 1  vb_s_st 1  ib_s_st 1
 fake_faults 1 latched_fail 1 latched_fail_fake 0 preserving 0

 bare n  0  x 
 bare m  0  x 
 ib_dsc  0  0 'Fq v'
 ibd_lo  0  0 'Fd ^  *SA/*SB'
 ibd_hi  0  0 'Fd ^  *SA/*SB'
 red wv  0  0   'Fd  Fi/Fo ^'
 wl      0  0 'Fo ^'
 wh      0  0 'Fi ^'
 cc_dif  x  0 'Fc ^'
 ib n    0  0 'Fi 1'
 ib m    0  0 'Fi 1'
 vb      0  0 'Fv 1, *SV, *Dc/*Dv'
 tb      0  0 'Ft 1'
  0000000000000   00000000000
  CBA98765x3210 xxA9876543210
  fltw=0     falw=0
fake_faults=>redl
v0; to return
 15 13.16   -0.3   Tb,C  VOC,V  Ib,A 
 64 ---   92   EKF,Ah  chg,hrs  CC, Ah
Pf; for fails.  prints=131467

 15 13.16   -0.3   Tb,C  VOC,V  Ib,A 
 64 ---   92   EKF,Ah  chg,hrs  CC, Ah
Pf; for fails.  prints=131467

Disconnected
 15 13.17   -0.3   Tb,C  VOC,V  Ib,A 
 64 ---   92   EKF,Ah  chg,hrs  CC, Ah
Pf; for fails.  prints=131467

