Connecting to HC-06 ...
Connection failed: read failed, socket might closed or timeout, read ret: -1
Connecting to HC-06 ...
Connected
 17 13.26    6.5   Tb,C  VOC,V  Ib,A 
135  9.9  54   EKF,Ah  chg,hrs  CC, Ah
Pf; for fails.  prints=131467

 17 13.26    6.5   Tb,C  VOC,V  Ib,A 
135  9.9  54   EKF,Ah  chg,hrs  CC, Ah
Pf; for fails.  prints=131467

Pf; 17 13.26    6.5   Tb,C  VOC,V  Ib,A 
135  9.9  54   EKF,Ah  chg,hrs  CC, Ah
Pf; for fails.  prints=131467

echo: Pf, 4
echo: Pf, 0
unit_f, 2023-02-19T15:09:18, 1676819358,  14.745,  13.158,   4.418,   4.752,  14.745,  13.158,   4.418,  0.0969,  0.1370,  13.062,  12.762,  -2.156, 0, 0,
unit_f, 2023-02-19T15:39:18, 1676821158,  14.745,  13.249,   5.982,   6.370,  14.745,  13.249,   5.982,  0.1305,  0.1384,  13.128,  12.828,  -0.400, 0, 0,
unit_f, 2023-02-19T16:09:18, 1676822958,  14.745,  13.210,   2.088,   2.323,  14.745,  13.210,   2.088,  0.1524,  0.1390,  13.164,  12.864,   0.068, 0, 0,
unit_f, 2023-02-19T16:39:18, 1676824758,  14.750,  13.318,   5.913,   6.370,  14.750,  13.318,   5.913,  0.1761,  0.1398,  13.184,  12.884,   0.062, 0, 0,
unit_f, 2023-02-19T17:09:18, 1676826558,  14.875,  13.327,   4.278,   4.572,  14.875,  13.327,   4.278,  0.2050,  0.1551,  13.232,  12.932,   0.062, 0, 0,
unit_f, 2023-02-19T17:39:18, 1676828358,  15.062,  13.271,   1.915,   2.053,  15.062,  13.271,   1.915,  0.2221,  0.3143,  13.227,  13.225,  -0.219, 1024, 0,
unit_f, 2023-02-19T18:09:18, 1676830158,  15.125,  13.271,   1.845,   1.963,  15.125,  13.271,   1.845,  0.2306,  0.4499,  13.230,  13.228,  -0.206, 0, 0,
unit_f, 2023-02-19T18:39:18, 1676831958,  15.250,  13.266,   1.672,   1.873,  15.250,  13.266,   1.672,  0.2405,  0.5706,  13.229,  13.227,  -0.198, 0, 0,
unit_f, 2023-02-19T19:09:18, 1676833758,  15.312,  13.279,   1.707,   1.873,  15.312,  13.279,   1.707,  0.2515,  0.6437,  13.241,  13.239,  -0.188, 0, 0,
unit_f, 2023-02-19T19:39:18, 1676835558,  15.437,  13.283,   2.053,   2.233,  15.437,  13.283,   2.053,  0.2600,  0.6744,  13.238,  13.235,  -0.178, 0, 0,
unit_f, 2023-02-19T20:09:19, 1676837359,  15.500,  13.253,   0.977,   1.153,  15.500,  13.253,   0.977,  0.2676,  0.6872,  13.232,  13.231,  -0.166, 0, 0,
unit_f, 2023-02-19T20:39:19, 1676839159,  15.562,  13.227,   0.350,   0.433,  15.562,  13.227,   0.350,  0.2703,  0.6751,  13.219,  13.219,  -0.156, 0, 0,
unit_f, 2023-02-19T21:09:19, 1676840959,  15.625,  13.227,   0.177,   0.163,  15.625,  13.227,   0.177,  0.2717,  0.6573,  13.224,  13.224,  -0.147, 0, 0,
unit_f, 2023-02-19T21:39:19, 1676842759,  15.625,  13.210,   0.002,  -0.013,  15.625,  13.210,   0.002,  0.2719,  0.6372,  13.210,  13.210,  -0.142, 1024, 0,
unit_f, 2023-02-19T22:09:19, 1676844559,  15.625,  13.206,  -0.100,  -0.103,  15.625,  13.206,  -0.100,  0.2721,  0.6211,  13.208,  13.208,  -0.138, 0, 0,
unit_f, 2023-02-19T22:39:19, 1676846359,  15.625,  13.202,  -0.170,  -0.103,  15.625,  13.202,  -0.170,  0.2712,  0.6024,  13.206,  13.206,  -0.133, 0, 0,
unit_f, 2023-02-19T23:09:19, 1676848159,  15.625,  13.202,  -0.170,  -0.193,  15.625,  13.202,  -0.170,  0.2704,  0.5837,  13.206,  13.206,  -0.128, 0, 0,
unit_f, 2023-02-19T23:39:19, 1676849959,  15.625,  13.188,  -0.170,  -0.193,  15.625,  13.188,  -0.170,  0.2694,  0.5673,  13.193,  13.193,  -0.127, 1024, 0,
unit_f, 2023-02-20T00:09:19, 1676851759,  15.687,  13.193,  -0.170,  -0.193,  15.687,  13.193,  -0.170,  0.2684,  0.5534,  13.197,  13.197,  -0.122, 0, 0,
unit_f, 2023-02-20T00:39:19, 1676853559,  15.687,  13.184,  -0.170,  -0.193,  15.687,  13.184,  -0.170,  0.2675,  0.5409,  13.188,  13.188,  -0.122, 1024, 0,
unit_f, 2023-02-20T01:09:19, 1676855359,  15.687,  13.176,  -0.170,  -0.103,  15.687,  13.176,  -0.170,  0.2666,  0.5304,  13.180,  13.180,  -0.119, 0, 0,
unit_f, 2023-02-20T01:39:20, 1676857160,  15.687,  13.180,  -0.170,  -0.103,  15.687,  13.180,  -0.170,  0.2657,  0.5211,  13.184,  13.184,  -0.117, 1024, 0,
unit_f, 2023-02-20T02:09:20, 1676858960,  15.687,  13.102,  -1.665,  -1.723,  15.687,  13.102,  -1.665,  0.2584,  0.4784,  13.138,  13.138,  -0.090, 0, 0,
unit_f, 2023-02-20T02:39:20, 1676860760,  15.687,  13.102,  -1.457,  -1.543,  15.687,  13.102,  -1.457,  0.2503,  0.4102,  13.135,  13.135,  -0.085, 0, 0,
unit_f, 2023-02-20T03:09:20, 1676862560,  15.687,  13.094,  -1.317,  -1.453,  15.687,  13.094,  -1.317,  0.2423,  0.3555,  13.124,  13.124,  -0.086, 0, 0,
unit_f, 2023-02-20T03:39:20, 1676864360,  15.687,  13.081,  -1.665,  -1.723,  15.687,  13.081,  -1.665,  0.2339,  0.3372,  13.119,  13.119,  -0.087, 0, 0,
unit_f, 2023-02-20T04:09:20, 1676866160,  15.687,  13.094,  -1.143,  -1.183,  15.687,  13.094,  -1.143,  0.2261,  0.3254,  13.120,  13.120,  -0.092, 0, 0,
unit_f, 2023-02-20T04:39:20, 1676867960,  15.687,  13.090,  -1.038,  -1.003,  15.687,  13.090,  -1.038,  0.2208,  0.3225,  13.113,  13.113,  -0.098, 0, 0,
unit_f, 2023-02-20T05:09:20, 1676869760,  15.682,  13.094,  -1.073,  -1.093,  15.682,  13.094,  -1.073,  0.2154,  0.3144,  13.117,  13.117,  -0.098, 0, 0,
unit_f, 2023-02-20T05:39:20, 1676871560,  15.682,  13.077,  -1.038,  -1.093,  15.682,  13.077,  -1.038,  0.2102,  0.3033,  13.099,  13.099,  -0.095, 0, 0,
unit_f, 2023-02-20T06:09:20, 1676873360,  15.682,  13.072,  -0.970,  -1.003,  15.682,  13.072,  -0.970,  0.2044,  0.2900,  13.094,  13.094,  -0.093, 0, 0,
unit_f, 2023-02-20T06:39:21, 1676875161,  15.682,  13.059,  -0.970,  -1.003,  15.682,  13.059,  -0.970,  0.1993,  0.2824,  13.081,  13.081,  -0.092, 0, 0,
unit_f, 2023-02-20T07:09:21, 1676876961,  15.682,  13.068,  -0.727,  -0.733,  15.682,  13.068,  -0.727,  0.1943,  0.2741,  13.085,  13.085,  -0.091, 0, 0,
unit_f, 2023-02-20T07:39:21, 1676878761,  15.682,  13.029,  -1.352,  -1.363,  15.682,  13.029,  -1.352,  0.1896,  0.2657,  13.056,  13.056,  -0.087, 0, 0,
unit_f, 2023-02-20T08:09:21, 1676880561,  15.682,  13.025,  -1.073,  -1.093,  15.682,  13.025,  -1.073,  0.1841,  0.2524,  13.049,  13.049,  -0.081, 0, 0,
unit_f, 2023-02-20T08:39:21, 1676882361,  15.682,  13.008,  -1.003,  -1.003,  15.682,  13.008,  -1.003,  0.1784,  0.2415,  13.031,  13.031,  -0.075, 0, 0,
unit_f, 2023-02-20T09:09:21, 1676884161,  15.682,  13.003,  -1.003,  -1.003,  15.682,  13.003,  -1.003,  0.1727,  0.2316,  13.027,  13.027,  -0.073, 0, 0,
unit_f, 2023-02-20T09:39:21, 1676885961,  15.687,  12.995,  -0.900,  -0.913,  15.687,  12.995,  -0.900,  0.1674,  0.2238,  13.014,  13.014,  -0.071, 1024, 0,
unit_f, 2023-02-20T10:09:21, 1676887761,  15.750,  13.029,  -0.205,  -0.193,  15.750,  13.029,  -0.205,  0.1663,  0.2367,  13.034,  13.034,  -0.092, 1024, 0,
unit_f, 2023-02-20T10:39:21, 1676889561,  15.875,  13.033,  -0.205,  -0.193,  15.875,  13.033,  -0.205,  0.1653,  0.2407,  13.037,  13.037,  -0.097, 1024, 0,
unit_f, 2023-02-20T11:09:21, 1676891361,  15.937,  13.043,  -0.170,  -0.103,  15.937,  13.043,  -0.170,  0.1642,  0.2409,  13.047,  13.047,  -0.097, 0, 0,
unit_f, 2023-02-20T11:39:22, 1676893162,  15.937,  13.025,  -0.170,  -0.103,  15.937,  13.025,  -0.170,  0.1633,  0.2407,  13.029,  13.029,  -0.097, 1024, 0,
unit_f, 2023-02-20T12:09:22, 1676894962,  15.998,  13.043,  -0.065,  -0.013,  15.998,  13.043,  -0.065,  0.1624,  0.2411,  13.044,  13.044,  -0.101, 1024, 0,
unit_f, 2023-02-20T12:39:22, 1676896762,  15.998,  13.051,   0.107,   0.163,  15.998,  13.051,   0.107,  0.1625,  0.2472,  13.048,  13.048,  -0.111, 1024, 0,
unit_f, 2023-02-20T13:09:22, 1676898562,  15.998,  13.064,   0.245,   0.343,  15.998,  13.064,   0.245,  0.1630,  0.2531,  13.058,  13.058,  -0.117, 0, 0,
unit_f, 2023-02-20T13:39:22, 1676900362,  15.998,  13.137,   1.150,   1.243,  15.998,  13.137,   1.150,  0.1670,  0.1373,  13.112,  12.812,   0.139, 0, 0,
unit_f, 2023-02-20T14:09:22, 1676902162,  15.998,  13.197,   1.672,   1.873,  15.998,  13.197,   1.672,  0.1756,  0.1388,  13.160,  12.860,   0.095, 0, 0,
unit_f, 2023-02-20T14:39:22, 1676903962,  15.998,  13.236,   1.915,   2.053,  15.998,  13.236,   1.915,  0.1859,  0.1397,  13.193,  12.893,   0.072, 0, 0,
unit_f, 2023-02-20T15:09:22, 1676905762,  15.998,  13.266,   2.193,   2.413,  15.998,  13.266,   2.193,  0.1957,  0.1467,  13.218,  12.918,   0.058, 0, 0,
unit_f, 2023-02-20T15:39:22, 1676907562,  16.062,  13.430,   8.068,   8.618,  16.062,  13.430,   8.068,  0.2144,  0.1882,  13.249,  13.023,  -0.009, 0, 0,
unit_f, 2023-02-20T16:09:22, 1676909362,  16.125,  13.305,   1.983,   2.143,  16.125,  13.305,   1.983,  0.2367,  0.4027,  13.261,  13.259,  -0.226, 1024, 0,
unit_f, 2023-02-20T16:39:23, 1676911163,  16.250,  13.408,   6.435,   6.910,  16.250,  13.408,   6.435,  0.2647,  0.5387,  13.256,  13.248,  -0.181, 0, 0,
unit_f, 2023-02-20T17:09:23, 1676912963,  16.437,  13.305,   1.845,   1.963,  16.437,  13.305,   1.845,  0.2925,  0.6683,  13.264,  13.262,  -0.172, 0, 0,
unit_f, 2023-02-20T17:39:23, 1676914763,  16.625,  13.271,   0.455,   0.523,  16.625,  13.271,   0.455,  0.2984,  0.7163,  13.260,  13.260,  -0.150, 0, 0,
unit_f, 2023-02-20T18:09:23, 1676916563,  16.687,  13.335,   3.688,   3.942,  16.687,  13.335,   3.688,  0.3136,  0.7364,  13.253,  13.250,  -0.147, 0, 0,
unit_f, 2023-02-20T18:39:23, 1676918363,  16.875,  13.322,   2.783,   2.862,  16.875,  13.322,   2.783,  0.3307,  0.7562,  13.266,  13.262,  -0.141, 0, 0,
fltb,  date,                time,    Tb_h, vb_h, ibah, ibnh, Tb, vb, ib, soc, soc_ekf, voc, voc_stat, e_w_f, fltw, falw,
unit_f, 2023-02-20T18:49:34, 1676918974,  16.875,  13.335,   3.235,   3.492,  16.875,  13.335,   3.235,  0.3368,  0.7585,  13.258,  13.254,  -0.137, 0, 0,
unit_f, 2023-02-20T18:49:44, 1676918984,  16.875,  13.335,   3.305,   3.492,  16.875,  13.335,   3.305,  0.3369,  0.7586,  13.262,  13.258,  -0.137, 0, 0,
unit_f, 2023-02-20T18:49:54, 1676918994,  16.875,  13.331,   3.375,   3.582,  16.875,  13.331,   3.375,  0.3370,  0.7587,  13.248,  13.244,  -0.137, 0, 0,
unit_f, 2023-02-20T18:50:04, 1676919004,  16.875,  13.339,   3.340,   3.582,  16.875,  13.339,   3.340,  0.3371,  0.7586,  13.270,  13.267,  -0.136, 0, 0,
unit_f, 2023-02-20T18:50:14, 1676919014,  16.875,  13.335,   3.305,   3.492,  16.875,  13.335,   3.305,  0.3372,  0.7588,  13.252,  13.249,  -0.136, 0, 0,
unit_f, 2023-02-20T18:50:24, 1676919024,  16.875,  13.327,   3.235,   3.492,  16.875,  13.327,   3.235,  0.3373,  0.7588,  13.258,  13.254,  -0.136, 0, 0,
unit_f, 2023-02-20T18:50:34, 1676919034,  16.875,  13.335,   3.235,   3.492,  16.875,  13.335,   3.235,  0.3374,  0.7588,  13.262,  13.259,  -0.134, 1024, 0,
fltb,  date,                time,    Tb_h, vb_h, ibah, ibnh, Tb, vb, ib, soc, soc_ekf, voc, voc_stat, e_w_f, fltw, falw,

Sen::
Fault:
 cc_diff    0.421  thr=  0.800 Fc^
 ib_diff   -0.249  thr= 10.000 Fd^
 e_wrap    -0.135  thr=-42.509 Fo^ 42.509 Fi^
 ib_quiet  -0.006  thr=  0.005 Fq v

 soc    0.337  voc  13.263  voc_soc  13.122
 dis_tb_fa 0  dis_vb_fa 0  dis_ib_fa 0
 bms_off   0

 Tbh= 16.875  Tbm= 16.875
 Vbh  13.336  Vbm  13.237
 imh   6.473  imm   6.473
 inh   6.985  inm   6.473

 mod_tb  0  mod_vb  0  mod_ib  0
 tb_s_st 1  vb_s_st 1  ib_s_st 1
 fake_faults 1 latched_fail 1 latched_fail_fake 0 preserving 0

 bare n  0  x 
 bare m  0  x 
 ib_dsc  0  0 'Fq v'
 ibd_lo  0  0 'Fd ^  *SA/*SB'
 ibd_hi  0  0 'Fd ^  *SA/*SB'
 red wv  0  0   'Fd  Fi/Fo ^'
 wl      0  0 'Fo ^'
 wh      0  0 'Fi ^'
 cc_dif  x  0 'Fc ^'
 ib n    0  0 'Fi 1'
 ib m    0  0 'Fi 1'
 vb      0  0 'Fv 1, *SV, *Dc/*Dv'
 tb      0  0 'Ft 1'
  0000000000000   00000000000
  CBA98765x3210 xxA9876543210
  fltw=0     falw=0
fake_faults=>redl
v0; to return
 17 13.26    6.5   Tb,C  VOC,V  Ib,A 
135  9.9  54   EKF,Ah  chg,hrs  CC, Ah
Pf; for fails.  prints=131467

 17 13.26    6.5   Tb,C  VOC,V  Ib,A 
135  9.9  54   EKF,Ah  chg,hrs  CC, Ah
Pf; for fails.  prints=131467

 17 13.26    6.4   Tb,C  VOC,V  Ib,A 
135 10.0  54   EKF,Ah  chg,hrs  CC, Ah
Pf; for fails.  prints=131467

Disconnected
