Connecting to HC-06 ...
Connected
 14 13.34   -0.3   Tb,C  VOC,V  Ib,A 
173 ---  159   EKF,Ah  chg,hrs  CC, Ah
Pf; for fails.  prints=131467

 14 13.34   -0.3   Tb,C  VOC,V  Ib,A 
173 ---  159   EKF,Ah  chg,hrs  CC, Ah
Pf; for fails.  prints=131467

 14 13.34   -0.3   Tb,C  VOC,V  Ib,A 
173 ---  159   EKF,Ah  chg,hrs  CC, Ah
Pf; for fails.  prints=131467

 14 13.35   -0.3   Tb,C  VOC,V  Ib,A 
173 ---  159   EKF,Ah  chg,hrs  CC, Ah
Pf; for fails.  prints=131467

 14 13.34   -0.3   Tb,C  VOC,V  Ib,A 
173 ---  159   EKF,Ah  chg,hrs  CC, Ah
Pf; for fails.  prints=131467

 14 13.35   -0.3   Tb,C  VOC,V  Ib,A 
173 ---  159   EKF,Ah  chg,hrs  CC, Ah
Pf; for fails.  prints=131467

 14 13.35   -0.3   Tb,C  VOC,V  Ib,A 
173 ---  159   EKF,Ah  chg,hrs  CC, Ah
Pf; for fails.  prints=131467

Pf;echo: Pf, 4
echo: Pf, 0
unit_f, 2023-02-24T19:39:43, 1677267583,  16.807,  13.516,   3.548,   3.852,  16.807,  13.516,   3.548,  0.8164,  0.9912,  13.434,  13.429,  -0.157, 0, 0,
unit_f, 2023-02-24T20:09:43, 1677269383,  16.807,  13.430,   1.253,   1.423,  16.807,  13.430,   1.253,  0.8259,  0.9906,  13.402,  13.401,  -0.117, 0, 0,
unit_f, 2023-02-24T20:39:43, 1677271183,  16.743,  13.387,   0.733,   0.793,  16.743,  13.387,   0.733,  0.8297,  0.9904,  13.370,  13.369,  -0.100, 1024, 0,
unit_f, 2023-02-24T21:09:43, 1677272983,  16.682,  13.473,   2.262,   2.323,  16.682,  13.473,   2.262,  0.8377,  0.9909,  13.422,  13.418,  -0.137, 0, 0,
unit_f, 2023-02-24T21:39:43, 1677274783,  16.618,  13.387,   0.245,   0.253,  16.618,  13.387,   0.245,  0.8428,  0.9904,  13.381,  13.380,  -0.098, 0, 0,
unit_f, 2023-02-24T22:09:43, 1677276583,  16.557,  13.357,  -0.065,  -0.013,  16.557,  13.357,  -0.065,  0.8434,  0.9901,  13.358,  13.358,  -0.072, 1024, 0,
unit_f, 2023-02-24T22:39:44, 1677278384,  16.493,  13.339,  -0.205,  -0.193,  16.493,  13.339,  -0.205,  0.8432,  0.9878,  13.343,  13.343,  -0.062, 0, 0,
unit_f, 2023-02-24T23:09:44, 1677280184,  16.368,  13.335,  -0.170,  -0.193,  16.368,  13.335,  -0.170,  0.8433,  0.9792,  13.339,  13.339,  -0.058, 1024, 0,
unit_f, 2023-02-24T23:39:44, 1677281984,  16.243,  13.335,  -0.170,  -0.193,  16.243,  13.335,  -0.170,  0.8434,  0.9708,  13.339,  13.339,  -0.054, 1024, 0,
unit_f, 2023-02-25T00:09:44, 1677283784,  16.118,  13.343,  -0.170,  -0.103,  16.118,  13.343,  -0.170,  0.8434,  0.9645,  13.348,  13.348,  -0.049, 1024, 0,
unit_f, 2023-02-25T00:39:44, 1677285584,  15.995,  13.331,  -0.205,  -0.193,  15.995,  13.331,  -0.205,  0.8436,  0.9593,  13.335,  13.335,  -0.048, 0, 0,
unit_f, 2023-02-25T01:09:44, 1677287384,  15.870,  13.318,  -0.170,  -0.193,  15.870,  13.318,  -0.170,  0.8436,  0.9552,  13.322,  13.322,  -0.046, 0, 0,
unit_f, 2023-02-25T01:39:44, 1677289184,  15.745,  13.318,  -0.205,  -0.193,  15.745,  13.318,  -0.205,  0.8437,  0.9516,  13.322,  13.322,  -0.043, 0, 0,
unit_f, 2023-02-25T02:09:44, 1677290984,  15.620,  13.331,  -0.170,  -0.103,  15.620,  13.331,  -0.170,  0.8438,  0.9488,  13.335,  13.335,  -0.043, 1024, 0,
unit_f, 2023-02-25T02:39:44, 1677292784,  15.495,  13.245,  -1.735,  -1.813,  15.495,  13.245,  -1.735,  0.8397,  0.9163,  13.281,  13.281,  -0.003, 0, 0,
unit_f, 2023-02-25T03:09:44, 1677294584,  15.370,  13.249,  -1.735,  -1.813,  15.370,  13.249,  -1.735,  0.8325,  0.8725,  13.286,  13.286,   0.003, 0, 0,
unit_f, 2023-02-25T03:39:45, 1677296385,  15.307,  13.232,  -1.768,  -1.813,  15.307,  13.232,  -1.768,  0.8241,  0.8361,  13.272,  13.272,   0.003, 0, 0,
unit_f, 2023-02-25T04:09:45, 1677298185,  15.182,  13.236,  -1.665,  -1.723,  15.182,  13.236,  -1.665,  0.8156,  0.8129,  13.275,  13.275,   0.007, 0, 0,
unit_f, 2023-02-25T04:39:45, 1677299985,  15.120,  13.219,  -1.768,  -1.903,  15.120,  13.219,  -1.768,  0.8069,  0.7998,  13.259,  13.259,   0.004, 0, 0,
unit_f, 2023-02-25T05:09:45, 1677301785,  15.057,  13.249,  -1.143,  -1.183,  15.057,  13.249,  -1.143,  0.8000,  0.7975,  13.275,  13.275,  -0.002, 0, 0,
unit_f, 2023-02-25T05:39:45, 1677303585,  14.932,  13.253,  -1.038,  -1.093,  14.932,  13.253,  -1.038,  0.7950,  0.8050,  13.277,  13.277,  -0.007, 0, 0,
unit_f, 2023-02-25T06:09:45, 1677305385,  14.870,  13.253,  -0.830,  -0.913,  14.870,  13.253,  -0.830,  0.7898,  0.8099,  13.273,  13.273,  -0.009, 0, 0,
unit_f, 2023-02-25T06:39:45, 1677307185,  14.745,  13.249,  -0.970,  -1.003,  14.745,  13.249,  -0.970,  0.7858,  0.8170,  13.270,  13.270,  -0.012, 0, 0,
unit_f, 2023-02-25T07:09:45, 1677308985,  14.620,  13.249,  -1.038,  -1.093,  14.620,  13.249,  -1.038,  0.7819,  0.8216,  13.270,  13.270,  -0.013, 0, 0,
unit_f, 2023-02-25T07:39:45, 1677310785,  14.557,  13.262,  -0.900,  -0.913,  14.557,  13.262,  -0.900,  0.7778,  0.8225,  13.283,  13.283,  -0.012, 0, 0,
unit_f, 2023-02-25T08:09:45, 1677312585,  14.432,  13.253,  -1.038,  -1.093,  14.432,  13.253,  -1.038,  0.7737,  0.8193,  13.275,  13.275,  -0.013, 0, 0,
unit_f, 2023-02-25T08:39:46, 1677314386,  14.307,  13.253,  -1.073,  -1.183,  14.307,  13.253,  -1.073,  0.7694,  0.8153,  13.277,  13.277,  -0.013, 0, 0,
unit_f, 2023-02-25T09:09:46, 1677316186,  14.182,  13.253,  -0.760,  -0.733,  14.182,  13.253,  -0.760,  0.7656,  0.8123,  13.270,  13.270,  -0.016, 0, 0,
unit_f, 2023-02-25T09:39:46, 1677317986,  14.057,  13.249,  -1.178,  -1.273,  14.057,  13.249,  -1.178,  0.7611,  0.8087,  13.275,  13.275,  -0.011, 0, 0,
unit_f, 2023-02-25T10:09:46, 1677319786,  13.932,  13.245,  -1.003,  -1.003,  13.932,  13.245,  -1.003,  0.7562,  0.7988,  13.268,  13.268,  -0.011, 0, 0,
unit_f, 2023-02-25T10:39:46, 1677321586,  13.870,  13.275,  -0.205,  -0.193,  13.870,  13.275,  -0.205,  0.7526,  0.8007,  13.279,  13.279,  -0.025, 1024, 0,
unit_f, 2023-02-25T11:09:46, 1677323386,  13.807,  13.283,  -0.170,  -0.193,  13.807,  13.283,  -0.170,  0.7520,  0.8340,  13.287,  13.287,  -0.036, 0, 0,
unit_f, 2023-02-25T11:39:46, 1677325186,  13.745,  13.301,  -0.170,  -0.193,  13.745,  13.301,  -0.170,  0.7515,  0.8602,  13.304,  13.304,  -0.041, 0, 0,
unit_f, 2023-02-25T12:09:46, 1677326986,  13.682,  13.301,   0.072,   0.075,  13.682,  13.301,   0.072,  0.7518,  0.8824,  13.298,  13.298,  -0.049, 0, 0,
unit_f, 2023-02-25T12:39:46, 1677328786,  13.557,  13.335,   0.523,   0.613,  13.557,  13.335,   0.523,  0.7539,  0.9194,  13.323,  13.323,  -0.064, 0, 0,
unit_f, 2023-02-25T13:09:46, 1677330586,  13.495,  13.365,   1.010,   1.063,  13.495,  13.365,   1.010,  0.7586,  0.9568,  13.343,  13.342,  -0.088, 0, 0,
unit_f, 2023-02-25T13:39:47, 1677332387,  13.432,  13.387,   0.942,   1.063,  13.432,  13.387,   0.942,  0.7650,  0.9902,  13.366,  13.365,  -0.103, 0, 16,
unit_f, 2023-02-25T14:09:47, 1677334187,  13.370,  13.430,   1.428,   1.603,  13.370,  13.430,   1.428,  0.7722,  0.9906,  13.398,  13.397,  -0.125, 0, 16,
unit_f, 2023-02-25T14:39:47, 1677335987,  13.375,  13.464,   2.332,   2.502,  13.375,  13.464,   2.332,  0.7837,  0.9910,  13.412,  13.410,  -0.155, 0, 16,
unit_f, 2023-02-25T15:09:47, 1677337787,  13.562,  13.494,   2.680,   2.952,  13.562,  13.494,   2.680,  0.7951,  0.9912,  13.436,  13.432,  -0.165, 0, 0,
unit_f, 2023-02-25T15:39:47, 1677339587,  13.687,  13.533,   3.132,   3.402,  13.687,  13.533,   3.132,  0.8097,  0.9916,  13.464,  13.460,  -0.187, 0, 0,
unit_f, 2023-02-25T16:09:47, 1677341387,  13.875,  13.555,   3.062,   3.312,  13.875,  13.555,   3.062,  0.8264,  0.9919,  13.487,  13.482,  -0.202, 1024, 0,
unit_f, 2023-02-25T16:39:47, 1677343187,  14.000,  13.537,   2.540,   2.772,  14.000,  13.537,   2.540,  0.8386,  0.9919,  13.482,  13.477,  -0.200, 0, 0,
unit_f, 2023-02-25T17:09:47, 1677344987,  14.125,  13.546,   2.193,   2.413,  14.125,  13.546,   2.193,  0.8505,  0.9920,  13.498,  13.498,  -0.204, 0, 0,
unit_f, 2023-02-25T17:39:47, 1677346787,  14.187,  13.520,   1.880,   1.963,  14.187,  13.520,   1.880,  0.8613,  0.9919,  13.478,  13.478,  -0.199, 0, 0,
unit_f, 2023-02-25T18:09:47, 1677348587,  14.250,  13.555,   2.402,   2.592,  14.250,  13.555,   2.402,  0.8719,  0.9922,  13.502,  13.502,  -0.213, 0, 0,
unit_f, 2023-02-25T18:39:48, 1677350388,  14.312,  13.577,   2.367,   2.502,  14.312,  13.577,   2.367,  0.8841,  0.9924,  13.523,  13.523,  -0.223, 1024, 0,
unit_f, 2023-02-25T19:09:48, 1677352188,  14.375,  13.516,   1.220,   1.333,  14.375,  13.516,   1.220,  0.8932,  0.9919,  13.489,  13.489,  -0.187, 1024, 0,
unit_f, 2023-02-25T19:39:48, 1677353988,  14.375,  13.499,   1.150,   1.153,  14.375,  13.499,   1.150,  0.8989,  0.9916,  13.473,  13.473,  -0.167, 1024, 0,
unit_f, 2023-02-25T20:09:48, 1677355788,  14.375,  13.486,   0.872,   0.973,  14.375,  13.486,   0.872,  0.9049,  0.9917,  13.466,  13.466,  -0.166, 0, 0,
unit_f, 2023-02-25T20:39:48, 1677357588,  14.437,  13.452,   0.523,   0.613,  14.437,  13.452,   0.523,  0.9077,  0.9912,  13.440,  13.440,  -0.131, 0, 0,
unit_f, 2023-02-25T21:09:48, 1677359388,  14.437,  13.408,   0.177,   0.163,  14.437,  13.408,   0.177,  0.9099,  0.9909,  13.404,  13.404,  -0.111, 0, 0,
unit_f, 2023-02-25T21:39:48, 1677361188,  14.437,  13.408,   0.245,   0.253,  14.437,  13.408,   0.245,  0.9111,  0.9908,  13.402,  13.402,  -0.098, 0, 0,
unit_f, 2023-02-25T22:09:48, 1677362988,  14.437,  13.383,  -0.065,  -0.013,  14.437,  13.383,  -0.065,  0.9117,  0.9904,  13.384,  13.384,  -0.075, 0, 0,
unit_f, 2023-02-25T22:39:48, 1677364788,  14.437,  13.343,  -0.170,  -0.103,  14.437,  13.343,  -0.170,  0.9108,  0.9900,  13.348,  13.348,  -0.049, 0, 0,
unit_f, 2023-02-25T23:09:48, 1677366588,  14.370,  13.343,  -0.170,  -0.103,  14.370,  13.343,  -0.170,  0.9101,  0.9862,  13.348,  13.348,  -0.037, 0, 0,
fltb,  date,                time,    Tb_h, vb_h, ibah, ibnh, Tb, vb, ib, soc, soc_ekf, voc, voc_stat, e_w_f, fltw, falw,
unit_f, 2023-02-25T23:16:22, 1677366982,  14.370,  13.343,  -0.205,  -0.103,  14.370,  13.343,  -0.205,  0.9103,  0.9834,  13.335,  13.335,  -0.035, 0, 0,
unit_f, 2023-02-25T23:16:32, 1677366992,  14.370,  13.331,  -0.170,  -0.193,  14.370,  13.331,  -0.170,  0.9103,  0.9834,  13.348,  13.348,  -0.036, 0, 0,
unit_f, 2023-02-25T23:16:42, 1677367002,  14.370,  13.339,  -0.170,  -0.193,  14.370,  13.339,  -0.170,  0.9103,  0.9833,  13.339,  13.339,  -0.036, 0, 0,
unit_f, 2023-02-25T23:16:52, 1677367012,  14.370,  13.339,  -0.170,  -0.193,  14.370,  13.339,  -0.170,  0.9103,  0.9832,  13.343,  13.343,  -0.035, 1024, 0,
unit_f, 2023-02-25T23:17:03, 1677367023,  14.370,  13.339,  -0.205,  -0.103,  14.370,  13.339,  -0.205,  0.9103,  0.9831,  13.343,  13.343,  -0.036, 1024, 0,
unit_f, 2023-02-25T23:17:13, 1677367033,  14.370,  13.343,  -0.205,  -0.103,  14.370,  13.343,  -0.205,  0.9103,  0.9831,  13.348,  13.348,  -0.036, 0, 0,
unit_f, 2023-02-25T23:17:23, 1677367043,  14.370,  13.343,  -0.170,  -0.103,  14.370,  13.343,  -0.170,  0.9102,  0.9829,  13.339,  13.339,  -0.035, 0, 0,
fltb,  date,                time,    Tb_h, vb_h, ibah, ibnh, Tb, vb, ib, soc, soc_ekf, voc, voc_stat, e_w_f, fltw, falw,

Sen::
Fault:
 cc_diff    0.073  thr=  0.200 Fc^
 ib_diff   -0.026  thr= 10.000 Fd^
 e_wrap    -0.036  thr= -0.708 Fo^  0.708 Fi^
 ib_quiet   0.006  thr=  0.005 Fq v

 soc    0.910  voc  13.339  voc_soc  13.306
 dis_tb_fa 0  dis_vb_fa 0  dis_ib_fa 0
 bms_off   0

 Tbh= 14.370  Tbm= 14.370
 Vbh  13.336  Vbm  13.342
 imh  -0.341  imm  -0.341
 inh  -0.210  inm  -0.341

 mod_tb  0  mod_vb  0  mod_ib  0
 tb_s_st 1  vb_s_st 1  ib_s_st 1
 fake_faults 1 latched_fail 1 latched_fail_fake 0 preserving 0

 bare n  0  x 
 bare m  0  x 
 ib_dsc  0  0 'Fq v'
 ibd_lo  0  0 'Fd ^  *SA/*SB'
 ibd_hi  0  0 'Fd ^  *SA/*SB'
 red wv  0  0   'Fd  Fi/Fo ^'
 wl      0  0 'Fo ^'
 wh      0  0 'Fi ^'
 cc_dif  x  0 'Fc ^'
 ib n    0  0 'Fi 1'
 ib m    0  0 'Fi 1'
 vb      0  0 'Fv 1, *SV, *Dc/*Dv'
 tb      0  0 'Ft 1'
  0000000000000   00000000000
  CBA98765x3210 xxA9876543210
  fltw=0     falw=0
fake_faults=>redl
v0; to return
 14 13.34   -0.3   Tb,C  VOC,V  Ib,A 
173 ---  159   EKF,Ah  chg,hrs  CC, Ah
Pf; for fails.  prints=131467

 14 13.35   -0.4   Tb,C  VOC,V  Ib,A 
173 ---  159   EKF,Ah  chg,hrs  CC, Ah
Pf; for fails.  prints=131467

 14 13.34   -0.3   Tb,C  VOC,V  Ib,A 
173 ---  159   EKF,Ah  chg,hrs  CC, Ah
Pf; for fails.  prints=131467

Disconnected
