Connecting to HC-06 ...
Connected
 20 12.27    4.9   Tb,C  VOC,V  Ib,A 
  7 21.1 -19   EKF,Ah  chg,hrs  CC, Ah
Pf; for fails.  prints=131467

 20 12.26    4.9   Tb,C  VOC,V  Ib,A 
  7 21.4 -19   EKF,Ah  chg,hrs  CC, Ah
Pf; for fails.  prints=131467

 20 12.26    4.9   Tb,C  VOC,V  Ib,A 
  7 21.4 -19   EKF,Ah  chg,hrs  CC, Ah
Pf; for fails.  prints=131467

Pf;echo: Pf, 4
 20 12.26    4.9   Tb,C  VOC,V  Ib,A 
  7 21.4 -19   EKF,Ah  chg,hrs  CC, Ah
Pf; for fails.  prints=131467

echo: Pf, 0
unit_f, 2023-02-17T15:09:08, 1676646548,  17.618,  12.909,  -0.205,  -0.193,  17.618,  12.909,  -0.205,  0.1251,  0.1439,  12.913,  12.913,  -0.355, 1024, 0,
unit_f, 2023-02-17T15:39:08, 1676648348,  17.557,  12.909,  -0.170,  -0.103,  17.557,  12.909,  -0.170,  0.1242,  0.1423,  12.912,  12.912,  -0.384, 1024, 0,
unit_f, 2023-02-17T16:09:08, 1676650148,  17.557,  12.896,  -0.205,  -0.193,  17.557,  12.896,  -0.205,  0.1232,  0.1414,  12.900,  12.900,  -0.406, 0, 0,
unit_f, 2023-02-17T16:39:08, 1676651948,  17.557,  12.900,  -0.170,  -0.103,  17.557,  12.900,  -0.170,  0.1222,  0.1400,  12.904,  12.904,  -0.427, 0, 0,
unit_f, 2023-02-17T17:09:08, 1676653748,  17.557,  12.900,  -0.205,  -0.193,  17.557,  12.900,  -0.205,  0.1212,  0.1399,  12.904,  12.904,  -0.449, 1024, 0,
unit_f, 2023-02-17T17:39:09, 1676655549,  17.557,  12.900,  -0.205,  -0.193,  17.557,  12.900,  -0.205,  0.1203,  0.1398,  12.904,  12.904,  -0.470, 0, 0,
unit_f, 2023-02-17T18:09:09, 1676657349,  17.557,  12.896,  -0.170,  -0.103,  17.557,  12.896,  -0.170,  0.1193,  0.1398,  12.900,  12.900,  -0.492, 0, 0,
unit_f, 2023-02-17T18:39:09, 1676659149,  17.557,  12.896,  -0.170,  -0.193,  17.557,  12.896,  -0.170,  0.1184,  0.1397,  12.900,  12.900,  -0.512, 0, 0,
unit_f, 2023-02-17T19:09:09, 1676660949,  17.557,  12.896,  -0.205,  -0.193,  17.557,  12.896,  -0.205,  0.1174,  0.1396,  12.900,  12.900,  -0.533, 0, 0,
unit_f, 2023-02-17T19:39:09, 1676662749,  17.557,  12.896,  -0.170,  -0.193,  17.557,  12.896,  -0.170,  0.1164,  0.1396,  12.900,  12.900,  -0.556, 0, 0,
unit_f, 2023-02-17T20:09:09, 1676664549,  17.557,  12.896,  -0.205,  -0.193,  17.557,  12.896,  -0.205,  0.1155,  0.1394,  12.900,  12.900,  -0.578, 0, 0,
unit_f, 2023-02-17T20:39:09, 1676666349,  17.557,  12.892,  -0.205,  -0.103,  17.557,  12.892,  -0.205,  0.1146,  0.1394,  12.896,  12.896,  -0.598, 0, 0,
unit_f, 2023-02-17T21:09:09, 1676668149,  17.557,  12.892,  -0.170,  -0.193,  17.557,  12.892,  -0.170,  0.1136,  0.1393,  12.896,  12.896,  -0.619, 1024, 0,
unit_f, 2023-02-17T21:39:09, 1676669949,  17.557,  12.883,  -0.205,  -0.103,  17.557,  12.883,  -0.205,  0.1126,  0.1393,  12.887,  12.887,  -0.641, 1024, 0,
unit_f, 2023-02-17T22:09:09, 1676671749,  17.557,  12.878,  -0.170,  -0.193,  17.557,  12.878,  -0.170,  0.1117,  0.1391,  12.883,  12.883,  -0.661, 0, 0,
unit_f, 2023-02-17T22:39:10, 1676673550,  17.562,  12.887,  -0.170,  -0.103,  17.562,  12.887,  -0.170,  0.1107,  0.1391,  12.892,  12.892,  -0.682, 0, 0,
unit_f, 2023-02-17T23:09:10, 1676675350,  17.625,  12.874,  -0.205,  -0.103,  17.625,  12.874,  -0.205,  0.1097,  0.1390,  12.878,  12.878,  -0.687, 1024, 0,
unit_f, 2023-02-17T23:39:10, 1676677150,  17.687,  12.878,  -0.170,  -0.103,  17.687,  12.878,  -0.170,  0.1087,  0.1389,  12.883,  12.883,  -0.688, 0, 0,
unit_f, 2023-02-18T00:09:10, 1676678950,  17.687,  12.878,  -0.170,  -0.103,  17.687,  12.878,  -0.170,  0.1077,  0.1388,  12.883,  12.883,  -0.710, 0, 0,
unit_f, 2023-02-18T00:39:10, 1676680750,  17.750,  12.874,  -0.170,  -0.103,  17.750,  12.874,  -0.170,  0.1067,  0.1388,  12.878,  12.878,  -0.713, 0, 0,
unit_f, 2023-02-18T01:09:10, 1676682550,  17.812,  12.866,  -0.205,  -0.193,  17.812,  12.866,  -0.205,  0.1057,  0.1385,  12.870,  12.870,  -0.711, 1024, 0,
unit_f, 2023-02-18T01:39:10, 1676684350,  17.812,  12.878,  -0.170,  -0.193,  17.812,  12.878,  -0.170,  0.1048,  0.1385,  12.883,  12.883,  -0.731, 0, 0,
unit_f, 2023-02-18T02:09:10, 1676686150,  17.875,  12.857,  -0.205,  -0.103,  17.875,  12.857,  -0.205,  0.1038,  0.1384,  12.862,  12.862,  -0.730, 1024, 0,
unit_f, 2023-02-18T02:39:10, 1676687950,  17.875,  12.874,  -0.170,  -0.193,  17.875,  12.874,  -0.170,  0.1028,  0.1384,  12.878,  12.878,  -0.749, 1024, 0,
unit_f, 2023-02-18T03:09:10, 1676689750,  17.875,  12.852,  -0.205,  -0.193,  17.875,  12.852,  -0.205,  0.1019,  0.1382,  12.857,  12.857,  -0.768, 0, 0,
unit_f, 2023-02-18T03:39:10, 1676691550,  17.875,  12.780,  -1.317,  -1.363,  17.875,  12.780,  -1.317,  0.0976,  0.1355,  12.810,  12.810,  -0.914, 0, 0,
unit_f, 2023-02-18T04:09:11, 1676693351,  17.868,  12.762,  -1.178,  -1.273,  17.868,  12.762,  -1.178,  0.0914,  0.1346,  12.789,  12.789,  -1.332, 0, 0,
unit_f, 2023-02-18T04:39:11, 1676695151,  17.807,  12.741,  -1.422,  -1.453,  17.807,  12.741,  -1.422,  0.0851,  0.1338,  12.772,  12.772,  -1.781, 0, 0,
unit_f, 2023-02-18T05:09:11, 1676696951,  17.743,  12.732,  -1.422,  -1.453,  17.743,  12.732,  -1.422,  0.0776,  0.1330,  12.765,  12.765,  -2.325, 0, 0,
unit_f, 2023-02-18T05:39:11, 1676698751,  17.682,  12.737,  -0.727,  -0.733,  17.682,  12.737,  -0.727,  0.0730,  0.1336,  12.753,  12.753,  -2.688, 0, 0,
unit_f, 2023-02-18T06:09:11, 1676700551,  17.557,  12.732,  -0.830,  -0.913,  17.557,  12.732,  -0.830,  0.0686,  0.1336,  12.752,  12.752,  -3.058, 1024, 0,
unit_f, 2023-02-18T06:39:11, 1676702351,  17.432,  12.719,  -0.900,  -0.913,  17.432,  12.719,  -0.900,  0.0641,  0.1334,  12.738,  12.738,  -3.439, 0, 0,
unit_f, 2023-02-18T07:09:11, 1676704151,  17.368,  12.728,  -0.865,  -1.003,  17.368,  12.728,  -0.865,  0.0597,  0.1334,  12.747,  12.747,  -3.803, 0, 0,
unit_f, 2023-02-18T07:39:11, 1676705951,  17.243,  12.715,  -0.657,  -0.733,  17.243,  12.715,  -0.657,  0.0556,  0.1336,  12.732,  12.732,  -4.182, 0, 0,
unit_f, 2023-02-18T08:09:11, 1676707751,  17.057,  12.728,  -0.760,  -0.823,  17.057,  12.728,  -0.760,  0.0514,  0.1337,  12.745,  12.745,  -4.571, 0, 0,
unit_f, 2023-02-18T08:39:11, 1676709551,  16.932,  12.697,  -0.865,  -0.913,  16.932,  12.697,  -0.865,  0.0464,  0.1338,  12.717,  12.717,  -5.068, 0, 0,
unit_f, 2023-02-18T09:09:12, 1676711352,  16.807,  12.703,  -0.900,  -0.913,  16.807,  12.703,  -0.900,  0.0415,  0.1339,  12.722,  12.722,  -5.521, 0, 0,
unit_f, 2023-02-18T09:39:12, 1676713152,  16.682,  12.693,  -0.865,  -0.823,  16.682,  12.693,  -0.865,  0.0371,  0.1341,  12.713,  12.713,  -5.922, 0, 0,
unit_f, 2023-02-18T10:09:12, 1676714952,  16.493,  12.732,  -0.205,  -0.193,  16.493,  12.732,  -0.205,  0.0350,  0.1351,  12.737,  12.737,  -6.175, 1024, 0,
unit_f, 2023-02-18T10:39:12, 1676716752,  16.368,  12.749,  -0.170,  -0.103,  16.368,  12.749,  -0.170,  0.0339,  0.1355,  12.753,  12.753,  -6.339, 0, 0,
unit_f, 2023-02-18T11:09:12, 1676718552,  16.182,  12.745,  -0.205,  -0.193,  16.182,  12.745,  -0.205,  0.0329,  0.1358,  12.749,  12.749,  -6.498, 0, 0,
unit_f, 2023-02-18T11:39:12, 1676720352,  16.057,  12.749,  -0.170,  -0.103,  16.057,  12.749,  -0.170,  0.0319,  0.1359,  12.753,  12.753,  -6.623, 1024, 0,
unit_f, 2023-02-18T12:09:12, 1676722152,  15.870,  12.758,  -0.170,  -0.193,  15.870,  12.758,  -0.170,  0.0309,  0.1362,  12.762,  12.762,  -6.771, 0, 0,
unit_f, 2023-02-18T12:39:12, 1676723952,  15.682,  12.754,  -0.170,  -0.103,  15.682,  12.754,  -0.170,  0.0298,  0.1363,  12.758,  12.758,  -6.913, 0, 0,
unit_f, 2023-02-18T13:09:12, 1676725752,  15.495,  12.749,  -0.170,  -0.193,  15.495,  12.749,  -0.170,  0.0288,  0.1365,  12.753,  12.753,  -7.049, 0, 0,
unit_f, 2023-02-18T13:39:12, 1676727552,  15.307,  12.745,  -0.170,  -0.193,  15.307,  12.745,  -0.170,  0.0277,  0.1366,  12.749,  12.749,  -7.183, 1024, 0,
unit_f, 2023-02-18T14:09:13, 1676729353,  15.245,  12.745,  -0.170,  -0.103,  15.245,  12.745,  -0.170,  0.0267,  0.1366,  12.749,  12.749,  -7.262, 1024, 0,
unit_f, 2023-02-18T14:39:13, 1676731153,  15.245,  13.133,  10.572,  11.317,  15.245,  13.133,  10.572,  0.0472,  0.1336,  12.899,  12.599,  -5.972, 0, 0,
unit_f, 2023-02-18T15:09:13, 1676732953,  15.437,  13.271,  11.023,  11.767,  15.437,  13.271,  11.023,  0.1041,  0.1360,  13.027,  12.727,  -1.413, 0, 0,
unit_f, 2023-02-18T15:39:13, 1676734753,  15.875,  13.038,  -0.170,  -0.103,  15.875,  13.038,  -0.170,  0.1064,  0.2304,  13.042,  13.042,  -1.489, 1024, 0,
unit_f, 2023-02-18T16:09:13, 1676736553,  16.375,  12.435, -18.735, -19.890,  16.375,  12.435, -18.735,  0.0637,  0.1626,  12.850,  12.850,  -4.195, 0, 0,
unit_f, 2023-02-18T16:39:13, 1676738353,  17.500,  11.763, -20.092, -21.330,  17.500,  11.763, -20.092, -0.0355,  0.1122,  12.209,  12.209,  -8.217, 0, 0,
unit_f, 2023-02-18T17:09:13, 1676740153,  18.375,  12.336,  -0.170,  -0.103,  18.375,  12.336,  -0.170, -0.0382,  0.1045,  12.340,  12.340,  -8.329, 1024, 0,
unit_f, 2023-02-18T17:39:13, 1676741953,  18.812,  12.439,  -0.205,  -0.193,  18.812,  12.439,  -0.205, -0.0336,  0.0979,  12.444,  12.277,  -8.286, 0, 0,
unit_f, 2023-02-18T18:09:13, 1676743753,  19.312,  11.763,   2.540,   2.682,  19.312,  11.763,   2.540, -0.0628,  0.0804,  11.704,  11.404,  -7.407, 0, 0,
unit_f, 2023-02-18T18:39:13, 1676745553,  19.687,  12.207,   2.228,   2.413,  19.687,  12.207,   2.228, -0.0512,  0.0851,  12.158,  11.857,  -7.848, 0, 0,
fltb,  date,                time,    Tb_h, vb_h, ibah, ibnh, Tb, vb, ib, soc, soc_ekf, voc, voc_stat, e_w_f, fltw, falw,
unit_f, 2023-02-18T18:49:03, 1676746143,  19.750,  12.306,   2.158,   2.323,  19.750,  12.306,   2.158, -0.0475,  0.0864,  12.248,  11.948,  -7.950, 0, 0,
unit_f, 2023-02-18T18:49:14, 1676746154,  19.750,  12.306,   2.262,   2.413,  19.750,  12.306,   2.262, -0.0474,  0.0864,  12.248,  11.947,  -7.952, 0, 0,
unit_f, 2023-02-18T18:49:24, 1676746164,  19.750,  12.302,   2.402,   2.682,  19.750,  12.302,   2.402, -0.0473,  0.0863,  12.255,  11.955,  -7.953, 0, 0,
unit_f, 2023-02-18T18:49:34, 1676746174,  19.750,  12.302,   2.402,   2.592,  19.750,  12.302,   2.402, -0.0473,  0.0862,  12.262,  11.962,  -7.957, 0, 0,
unit_f, 2023-02-18T18:49:44, 1676746184,  19.750,  12.315,   2.367,   2.592,  19.750,  12.315,   2.367, -0.0472,  0.0862,  12.249,  11.949,  -7.957, 0, 0,
unit_f, 2023-02-18T18:49:54, 1676746194,  19.750,  12.310,   2.472,   2.682,  19.750,  12.310,   2.472, -0.0471,  0.0862,  12.252,  11.953,  -7.958, 0, 0,
unit_f, 2023-02-18T18:50:04, 1676746204,  19.750,  12.319,   2.472,   2.682,  19.750,  12.319,   2.472, -0.0471,  0.0862,  12.257,  11.957,  -7.960, 0, 0,
fltb,  date,                time,    Tb_h, vb_h, ibah, ibnh, Tb, vb, ib, soc, soc_ekf, voc, voc_stat, e_w_f, fltw, falw,

Sen::
Fault:
 cc_diff    0.133  thr=  0.800 Fc^
 ib_diff   -0.204  thr= 10.000 Fd^
 e_wrap    -7.962  thr=-42.509 Fo^ 42.509 Fi^
 ib_quiet  -0.013  thr=  0.005 Fq v

 soc   -0.047  voc  12.265  voc_soc   4.000
 dis_tb_fa 0  dis_vb_fa 0  dis_ib_fa 0
 bms_off   0

 Tbh= 19.750  Tbm= 19.750
 Vbh  12.319  Vbm   6.871
 imh   4.943  imm   4.943
 inh   5.366  inm   4.943

 mod_tb  0  mod_vb  0  mod_ib  0
 tb_s_st 1  vb_s_st 1  ib_s_st 1
 fake_faults 1 latched_fail 1 latched_fail_fake 0 preserving 0

 bare n  0  x 
 bare m  0  x 
 ib_dsc  0  0 'Fq v'
 ibd_lo  0  0 'Fd ^  *SA/*SB'
 ibd_hi  0  0 'Fd ^  *SA/*SB'
 red wv  0  0   'Fd  Fi/Fo ^'
 wl      0  0 'Fo ^'
 wh      0  0 'Fi ^'
 cc_dif  x  0 'Fc ^'
 ib n    0  0 'Fi 1'
 ib m    0  0 'Fi 1'
 vb      0  0 'Fv 1, *SV, *Dc/*Dv'
 tb      0  0 'Ft 1'
  0000000000000   00000000000
  CBA98765x3210 xxA9876543210
  fltw=0     falw=0
fake_faults=>redl
v0; to return
 20 12.26    4.9   Tb,C  VOC,V  Ib,A 
  7 21.1 -19   EKF,Ah  chg,hrs  CC, Ah
Pf; for fails.  prints=131467

 20 12.27    4.9   Tb,C  VOC,V  Ib,A 
  7 21.1 -19   EKF,Ah  chg,hrs  CC, Ah
Pf; for fails.  prints=131467

Disconnected
