Connecting to HC-06 ...
Connection failed: read failed, socket might closed or timeout, read ret: -1
Connecting to HC-06 ...
Connected
 17 13.03   -0.4   Tb,C  VOC,V  Ib,A 
 35 ---   32   EKF,Ah  chg,hrs  CC, Ah
Pf; for fails.  prints=54050

 17 13.03   -0.4   Tb,C  VOC,V  Ib,A 
 35 ---   32   EKF,Ah  chg,hrs  CC, Ah
Pf; for fails.  prints=54050

 17 13.03   -0.4   Tb,C  VOC,V  Ib,A 
 35 ---   32   EKF,Ah  chg,hrs  CC, Ah
Pf; for fails.  prints=54050

 17 13.03   -0.4   Tb,C  VOC,V  Ib,A 
 35 ---   32   EKF,Ah  chg,hrs  CC, Ah
Pf; for fails.  prints=54050

 17 13.03   -0.3   Tb,C  VOC,V  Ib,A 
 35 ---   32   EKF,Ah  chg,hrs  CC, Ah
Pf; for fails.  prints=54050

Pf;echo: Pf, 4
echo: Pf, 0
unit_f, 2023-02-15T16:08:59, 1676477339,  15.120,  13.085,  -0.170,  -0.193,  15.120,  13.085,  -0.170,  0.3339,  0.3034,  13.089,  13.089,   0.018, 1024, 0,
unit_f, 2023-02-15T16:38:59, 1676479139,  15.120,  13.098,  -0.170,  -0.103,  15.120,  13.098,  -0.170,  0.3330,  0.3031,  13.102,  13.102,   0.018, 0, 0,
unit_f, 2023-02-15T17:08:59, 1676480939,  15.120,  13.090,  -0.170,  -0.103,  15.120,  13.090,  -0.170,  0.3321,  0.3024,  13.093,  13.093,   0.016, 1024, 0,
unit_f, 2023-02-15T17:38:59, 1676482739,  15.057,  13.102,  -0.170,  -0.193,  15.057,  13.102,  -0.170,  0.3313,  0.3016,  13.107,  13.107,   0.018, 0, 0,
unit_f, 2023-02-15T18:08:59, 1676484539,  15.057,  13.098,  -0.170,  -0.193,  15.057,  13.098,  -0.170,  0.3304,  0.3021,  13.102,  13.102,   0.017, 0, 0,
unit_f, 2023-02-15T18:38:59, 1676486339,  14.995,  13.090,  -0.170,  -0.193,  14.995,  13.090,  -0.170,  0.3296,  0.3006,  13.093,  13.093,   0.018, 0, 0,
unit_f, 2023-02-15T19:08:59, 1676488139,  14.995,  13.098,  -0.170,  -0.193,  14.995,  13.098,  -0.170,  0.3287,  0.2999,  13.102,  13.102,   0.018, 0, 0,
unit_f, 2023-02-15T19:39:00, 1676489940,  14.995,  13.090,  -0.170,  -0.283,  14.995,  13.090,  -0.170,  0.3278,  0.2994,  13.093,  13.093,   0.018, 0, 0,
unit_f, 2023-02-15T20:09:00, 1676491740,  14.995,  13.090,  -0.170,  -0.193,  14.995,  13.090,  -0.170,  0.3269,  0.2987,  13.093,  13.093,   0.018, 0, 0,
unit_f, 2023-02-15T20:39:00, 1676493540,  14.995,  13.094,  -0.170,  -0.103,  14.995,  13.094,  -0.170,  0.3260,  0.2979,  13.098,  13.098,   0.018, 0, 0,
unit_f, 2023-02-15T21:09:00, 1676495340,  14.995,  13.081,  -0.170,  -0.193,  14.995,  13.081,  -0.170,  0.3251,  0.2975,  13.085,  13.085,   0.017, 1024, 0,
unit_f, 2023-02-15T21:39:00, 1676497140,  15.000,  13.094,  -0.170,  -0.193,  15.000,  13.094,  -0.170,  0.3241,  0.2972,  13.098,  13.098,   0.018, 1024, 0,
unit_f, 2023-02-15T22:09:00, 1676498940,  15.062,  13.081,  -0.170,  -0.193,  15.062,  13.081,  -0.170,  0.3231,  0.2961,  13.085,  13.085,   0.018, 0, 0,
unit_f, 2023-02-15T22:39:00, 1676500740,  15.125,  13.094,  -0.170,  -0.193,  15.125,  13.094,  -0.170,  0.3220,  0.2959,  13.098,  13.098,   0.017, 1024, 0,
unit_f, 2023-02-15T23:09:00, 1676502540,  15.125,  13.094,  -0.170,  -0.193,  15.125,  13.094,  -0.170,  0.3211,  0.2957,  13.098,  13.098,   0.018, 0, 0,
unit_f, 2023-02-15T23:39:00, 1676504340,  15.187,  13.081,  -0.170,  -0.103,  15.187,  13.081,  -0.170,  0.3201,  0.2949,  13.085,  13.085,   0.017, 0, 0,
unit_f, 2023-02-16T00:09:00, 1676506140,  15.187,  13.094,  -0.170,  -0.193,  15.187,  13.094,  -0.170,  0.3191,  0.2944,  13.098,  13.098,   0.017, 0, 0,
unit_f, 2023-02-16T00:39:01, 1676507941,  15.250,  13.090,  -0.170,  -0.103,  15.250,  13.090,  -0.170,  0.3181,  0.2938,  13.093,  13.093,   0.015, 1024, 0,
unit_f, 2023-02-16T01:09:01, 1676509741,  15.250,  13.094,  -0.170,  -0.193,  15.250,  13.094,  -0.170,  0.3172,  0.2938,  13.098,  13.098,   0.016, 0, 0,
unit_f, 2023-02-16T01:39:01, 1676511541,  15.312,  13.090,  -0.170,  -0.193,  15.312,  13.090,  -0.170,  0.3161,  0.2933,  13.093,  13.093,   0.016, 1024, 0,
unit_f, 2023-02-16T02:09:01, 1676513341,  15.312,  13.094,  -0.170,  -0.193,  15.312,  13.094,  -0.170,  0.3152,  0.2930,  13.098,  13.098,   0.015, 0, 0,
unit_f, 2023-02-16T02:39:01, 1676515141,  15.312,  13.090,  -0.170,  -0.103,  15.312,  13.090,  -0.170,  0.3143,  0.2923,  13.093,  13.093,   0.016, 0, 0,
unit_f, 2023-02-16T03:09:01, 1676516941,  15.375,  13.003,  -1.422,  -1.453,  15.375,  13.003,  -1.422,  0.3088,  0.2551,  13.034,  13.034,   0.063, 1024, 0,
unit_f, 2023-02-16T03:39:01, 1676518741,  15.375,  13.003,  -1.248,  -1.273,  15.375,  13.003,  -1.248,  0.3021,  0.2358,  13.031,  13.031,   0.068, 0, 0,
unit_f, 2023-02-16T04:09:01, 1676520541,  15.437,  12.995,  -1.213,  -1.273,  15.437,  12.995,  -1.213,  0.2956,  0.2315,  13.023,  13.023,   0.067, 0, 0,
unit_f, 2023-02-16T04:39:01, 1676522341,  15.500,  13.003,  -1.038,  -1.003,  15.500,  13.003,  -1.038,  0.2891,  0.2301,  13.026,  13.026,   0.058, 0, 0,
unit_f, 2023-02-16T05:09:01, 1676524141,  15.562,  12.991,  -1.248,  -1.273,  15.562,  12.991,  -1.248,  0.2836,  0.2325,  13.018,  13.018,   0.053, 0, 0,
unit_f, 2023-02-16T05:39:02, 1676525942,  15.562,  13.008,  -1.213,  -1.273,  15.562,  13.008,  -1.213,  0.2772,  0.2271,  13.035,  13.035,   0.055, 1024, 0,
unit_f, 2023-02-16T06:09:02, 1676527742,  15.625,  12.982,  -1.352,  -1.363,  15.625,  12.982,  -1.352,  0.2707,  0.2235,  13.011,  13.011,   0.053, 0, 0,
unit_f, 2023-02-16T06:39:02, 1676529542,  15.687,  12.999,  -1.073,  -1.093,  15.687,  12.999,  -1.073,  0.2642,  0.2204,  13.022,  13.022,   0.048, 0, 0,
unit_f, 2023-02-16T07:09:02, 1676531342,  15.687,  12.999,  -1.108,  -1.093,  15.687,  12.999,  -1.108,  0.2593,  0.2244,  13.023,  13.023,   0.038, 0, 0,
unit_f, 2023-02-16T07:39:02, 1676533142,  15.750,  12.999,  -1.038,  -1.003,  15.750,  12.999,  -1.038,  0.2542,  0.2228,  13.022,  13.022,   0.037, 0, 0,
unit_f, 2023-02-16T08:09:02, 1676534942,  15.750,  12.987,  -1.003,  -1.093,  15.750,  12.987,  -1.003,  0.2493,  0.2214,  13.008,  13.008,   0.032, 0, 0,
unit_f, 2023-02-16T08:39:02, 1676536742,  15.812,  12.987,  -1.213,  -1.273,  15.812,  12.987,  -1.213,  0.2446,  0.2194,  13.011,  13.011,   0.031, 0, 0,
unit_f, 2023-02-16T09:09:02, 1676538542,  15.812,  13.021,  -0.205,  -0.193,  15.812,  13.021,  -0.205,  0.2420,  0.2281,  13.025,  13.025,   0.011, 1024, 0,
unit_f, 2023-02-16T09:39:02, 1676540342,  15.937,  13.033,  -0.170,  -0.103,  15.937,  13.033,  -0.170,  0.2408,  0.2376,  13.037,  13.037,   0.000, 0, 0,
unit_f, 2023-02-16T10:09:02, 1676542142,  16.125,  13.033,  -0.205,  -0.193,  16.125,  13.033,  -0.205,  0.2396,  0.2416,  13.037,  13.037,  -0.003, 0, 0,
unit_f, 2023-02-16T10:39:03, 1676543943,  16.312,  13.043,  -0.170,  -0.193,  16.312,  13.043,  -0.170,  0.2382,  0.2436,  13.047,  13.047,  -0.007, 0, 0,
unit_f, 2023-02-16T11:09:03, 1676545743,  16.437,  13.033,  -0.205,  -0.193,  16.437,  13.033,  -0.205,  0.2371,  0.2446,  13.038,  13.038,  -0.009, 1024, 0,
unit_f, 2023-02-16T11:39:03, 1676547543,  16.562,  13.043,  -0.170,  -0.103,  16.562,  13.043,  -0.170,  0.2359,  0.2448,  13.047,  13.047,  -0.011, 0, 0,
unit_f, 2023-02-16T12:09:03, 1676549343,  16.625,  13.033,  -0.205,  -0.193,  16.625,  13.033,  -0.205,  0.2349,  0.2449,  13.038,  13.038,  -0.013, 1024, 0,
unit_f, 2023-02-16T12:39:03, 1676551143,  16.687,  13.043,  -0.170,  -0.193,  16.687,  13.043,  -0.170,  0.2338,  0.2448,  13.047,  13.047,  -0.013, 0, 0,
unit_f, 2023-02-16T13:09:03, 1676552943,  16.750,  13.038,  -0.205,  -0.103,  16.750,  13.038,  -0.205,  0.2327,  0.2447,  13.043,  13.043,  -0.015, 0, 0,
unit_f, 2023-02-16T13:39:03, 1676554743,  16.812,  13.043,  -0.170,  -0.103,  16.812,  13.043,  -0.170,  0.2316,  0.2444,  13.047,  13.047,  -0.014, 0, 0,
unit_f, 2023-02-16T14:09:03, 1676556543,  16.875,  13.029,  -0.205,  -0.103,  16.875,  13.029,  -0.205,  0.2306,  0.2442,  13.033,  13.033,  -0.017, 0, 0,
unit_f, 2023-02-16T14:39:03, 1676558343,  16.937,  13.038,  -0.170,  -0.193,  16.937,  13.038,  -0.170,  0.2295,  0.2432,  13.042,  13.042,  -0.015, 0, 0,
unit_f, 2023-02-16T15:09:03, 1676560143,  17.000,  13.033,  -0.205,  -0.193,  17.000,  13.033,  -0.205,  0.2284,  0.2426,  13.038,  13.038,  -0.018, 0, 0,
unit_f, 2023-02-16T15:39:03, 1676561943,  17.000,  13.033,  -0.170,  -0.193,  17.000,  13.033,  -0.170,  0.2274,  0.2418,  13.037,  13.037,  -0.018, 0, 0,
unit_f, 2023-02-16T16:09:04, 1676563744,  17.062,  13.047,  -0.170,  -0.103,  17.062,  13.047,  -0.170,  0.2264,  0.2414,  13.051,  13.051,  -0.018, 1024, 0,
unit_f, 2023-02-16T16:39:04, 1676565544,  17.062,  13.021,  -0.205,  -0.193,  17.062,  13.021,  -0.205,  0.2254,  0.2402,  13.025,  13.025,  -0.018, 0, 0,
unit_f, 2023-02-16T17:09:04, 1676567344,  17.125,  13.029,  -0.170,  -0.193,  17.125,  13.029,  -0.170,  0.2243,  0.2394,  13.033,  13.033,  -0.018, 1024, 0,
unit_f, 2023-02-16T17:39:04, 1676569144,  17.125,  13.025,  -0.205,  -0.193,  17.125,  13.025,  -0.205,  0.2233,  0.2386,  13.029,  13.029,  -0.019, 1024, 0,
unit_f, 2023-02-16T18:09:04, 1676570944,  17.187,  13.033,  -0.170,  -0.193,  17.187,  13.033,  -0.170,  0.2223,  0.2384,  13.037,  13.037,  -0.019, 0, 0,
unit_f, 2023-02-16T18:39:04, 1676572744,  17.250,  13.021,  -0.205,  -0.193,  17.250,  13.021,  -0.205,  0.2212,  0.2379,  13.025,  13.025,  -0.019, 0, 0,
unit_f, 2023-02-16T19:09:04, 1676574544,  17.312,  13.033,  -0.170,  -0.103,  17.312,  13.033,  -0.170,  0.2201,  0.2372,  13.037,  13.037,  -0.020, 1024, 0,
unit_f, 2023-02-16T19:39:04, 1676576344,  17.375,  13.025,  -0.205,  -0.103,  17.375,  13.025,  -0.205,  0.2190,  0.2359,  13.029,  13.029,  -0.019, 1024, 0,
fltb,  date,                time,    Tb_h, vb_h, ibah, ibnh, Tb, vb, ib, soc, soc_ekf, voc, voc_stat, e_w_f, fltw, falw,
unit_f, 2023-02-16T19:56:23, 1676577383,  17.437,  13.029,  -0.170,  -0.103,  17.437,  13.029,  -0.170,  0.2184,  0.2351,  13.037,  13.037,  -0.021, 1024, 0,
unit_f, 2023-02-16T19:56:33, 1676577393,  17.437,  13.029,  -0.170,  -0.103,  17.437,  13.029,  -0.170,  0.2184,  0.2351,  13.029,  13.029,  -0.020, 1024, 0,
unit_f, 2023-02-16T19:56:43, 1676577403,  17.437,  13.025,  -0.205,  -0.193,  17.437,  13.025,  -0.205,  0.2184,  0.2350,  13.029,  13.029,  -0.020, 0, 0,
unit_f, 2023-02-16T19:56:53, 1676577413,  17.437,  13.025,  -0.205,  -0.193,  17.437,  13.025,  -0.205,  0.2184,  0.2351,  13.029,  13.029,  -0.021, 0, 0,
unit_f, 2023-02-16T19:57:03, 1676577423,  17.437,  13.025,  -0.205,  -0.193,  17.437,  13.025,  -0.205,  0.2183,  0.2351,  13.037,  13.037,  -0.020, 0, 0,
unit_f, 2023-02-16T19:57:13, 1676577433,  17.437,  13.033,  -0.170,  -0.103,  17.437,  13.033,  -0.170,  0.2183,  0.2350,  13.033,  13.033,  -0.019, 0, 0,
unit_f, 2023-02-16T19:57:23, 1676577443,  17.437,  13.033,  -0.170,  -0.193,  17.437,  13.033,  -0.170,  0.2183,  0.2351,  13.029,  13.029,  -0.019, 0, 0,
fltb,  date,                time,    Tb_h, vb_h, ibah, ibnh, Tb, vb, ib, soc, soc_ekf, voc, voc_stat, e_w_f, fltw, falw,

Sen::
Fault:
 cc_diff    0.017  thr=  0.800 Fc^
 ib_diff   -0.040  thr= 10.000 Fd^
 e_wrap    -0.021  thr=-42.509 Fo^ 42.509 Fi^
 ib_quiet   0.009  thr=  0.005 Fq v

 soc    0.218  voc  13.026  voc_soc  13.012
 dis_tb_fa 0  dis_vb_fa 0  dis_ib_fa 0
 bms_off   0

 Tbh= 17.438  Tbm= 17.438
 Vbh  13.021  Vbm  13.008
 imh  -0.411  imm  -0.411
 inh  -0.210  inm  -0.411

 mod_tb  0  mod_vb  0  mod_ib  0
 tb_s_st 1  vb_s_st 1  ib_s_st 1
 fake_faults 1 latched_fail 1 latched_fail_fake 0 preserving 0

 bare n  0  x 
 bare m  0  x 
 ib_dsc  0  0 'Fq v'
 ibd_lo  0  0 'Fd ^  *SA/*SB'
 ibd_hi  0  0 'Fd ^  *SA/*SB'
 red wv  0  0   'Fd  Fi/Fo ^'
 wl      0  0 'Fo ^'
 wh      0  0 'Fi ^'
 cc_dif  x  0 'Fc ^'
 ib n    0  0 'Fi 1'
 ib m    0  0 'Fi 1'
 vb      0  0 'Fv 1, *SV, *Dc/*Dv'
 tb      0  0 'Ft 1'
  0000000000000   00000000000
  CBA98765x3210 xxA9876543210
  fltw=0     falw=0
fake_faults=>redl
v0; to return
 17 13.03   -0.4   Tb,C  VOC,V  Ib,A 
 35 ---   32   EKF,Ah  chg,hrs  CC, Ah
Pf; for fails.  prints=54050

 17 13.03   -0.4   Tb,C  VOC,V  Ib,A 
 35 ---   32   EKF,Ah  chg,hrs  CC, Ah
Pf; for fails.  prints=54050

 17 13.03   -0.3   Tb,C  VOC,V  Ib,A 
 35 ---   32   EKF,Ah  chg,hrs  CC, Ah
Pf; for fails.  prints=54050

 17 13.03   -0.4   Tb,C  VOC,V  Ib,A 
 35 ---   32   EKF,Ah  chg,hrs  CC, Ah
Pf; for fails.  prints=54050

 17 13.04   -0.3   Tb,C  VOC,V  Ib,A 
 35 ---   32   EKF,Ah  chg,hrs  CC, Ah
Pf; for fails.  prints=54050

Disconnected
