 18 12.88   -0.4   Tb,C  VOC,V  Ib,A 
 16-12.5  10   EKF,Ah  chg,hrs  CC, Ah
Pf; for fails.  prints=54050

 18 12.89   -0.3   Tb,C  VOC,V  Ib,A 
 16-15.1  10   EKF,Ah  chg,hrs  CC, Ah
Pf; for fails.  prints=54050

Pf;echo: Pf, 4
echo: Pf, 0
unit_f, 2023-02-16T20:09:04, 1676578144,  17.437,  13.025,  -0.205,  -0.193,  17.437,  13.025,  -0.205,  0.2179,  0.2346,  13.029,  13.029,  -0.019, 0, 0,
unit_f, 2023-02-16T20:39:04, 1676579944,  17.500,  13.029,  -0.205,  -0.103,  17.500,  13.029,  -0.205,  0.2169,  0.2340,  13.033,  13.033,  -0.019, 0, 0,
unit_f, 2023-02-16T21:09:05, 1676581745,  17.562,  13.021,  -0.205,  -0.193,  17.562,  13.021,  -0.205,  0.2158,  0.2330,  13.025,  13.025,  -0.020, 0, 0,
unit_f, 2023-02-16T21:39:05, 1676583545,  17.625,  13.021,  -0.205,  -0.193,  17.625,  13.021,  -0.205,  0.2147,  0.2323,  13.025,  13.025,  -0.021, 0, 0,
unit_f, 2023-02-16T22:09:05, 1676585345,  17.750,  13.017,  -0.205,  -0.193,  17.750,  13.017,  -0.205,  0.2136,  0.2316,  13.021,  13.021,  -0.020, 1024, 0,
unit_f, 2023-02-16T22:39:05, 1676587145,  17.750,  13.021,  -0.170,  -0.193,  17.750,  13.021,  -0.170,  0.2126,  0.2302,  13.025,  13.025,  -0.021, 1024, 0,
unit_f, 2023-02-16T23:09:05, 1676588945,  17.812,  13.008,  -0.205,  -0.193,  17.812,  13.008,  -0.205,  0.2115,  0.2293,  13.012,  13.012,  -0.021, 0, 0,
unit_f, 2023-02-16T23:39:05, 1676590745,  17.875,  13.012,  -0.205,  -0.283,  17.875,  13.012,  -0.205,  0.2104,  0.2276,  13.017,  13.017,  -0.018, 1024, 0,
unit_f, 2023-02-17T00:09:05, 1676592545,  17.875,  13.021,  -0.205,  -0.193,  17.875,  13.021,  -0.205,  0.2093,  0.2268,  13.025,  13.025,  -0.021, 0, 0,
unit_f, 2023-02-17T00:39:05, 1676594345,  17.875,  13.012,  -0.205,  -0.103,  17.875,  13.012,  -0.205,  0.2083,  0.2261,  13.017,  13.017,  -0.020, 0, 0,
unit_f, 2023-02-17T01:09:05, 1676596145,  17.937,  13.012,  -0.205,  -0.193,  17.937,  13.012,  -0.205,  0.2072,  0.2249,  13.017,  13.017,  -0.020, 0, 0,
unit_f, 2023-02-17T01:39:05, 1676597945,  17.937,  13.012,  -0.170,  -0.103,  17.937,  13.012,  -0.170,  0.2062,  0.2240,  13.017,  13.017,  -0.021, 0, 0,
unit_f, 2023-02-17T02:09:06, 1676599746,  17.937,  13.012,  -0.205,  -0.193,  17.937,  13.012,  -0.205,  0.2052,  0.2231,  13.017,  13.017,  -0.021, 0, 0,
unit_f, 2023-02-17T02:39:06, 1676601546,  17.937,  12.969,  -1.108,  -1.093,  17.937,  12.969,  -1.108,  0.2035,  0.2189,  12.995,  12.995,  -0.003, 0, 0,
unit_f, 2023-02-17T03:09:06, 1676603346,  17.937,  12.930,  -1.317,  -1.363,  17.937,  12.930,  -1.317,  0.1975,  0.1841,  12.958,  12.958,   0.025, 0, 0,
unit_f, 2023-02-17T03:39:06, 1676605146,  18.000,  12.926,  -1.143,  -1.183,  18.000,  12.926,  -1.143,  0.1911,  0.1719,  12.953,  12.953,   0.028, 0, 0,
unit_f, 2023-02-17T04:09:06, 1676606946,  18.000,  12.930,  -1.038,  -1.093,  18.000,  12.930,  -1.038,  0.1857,  0.1696,  12.953,  12.953,   0.022, 0, 0,
unit_f, 2023-02-17T04:39:06, 1676608746,  18.000,  12.918,  -1.073,  -1.093,  18.000,  12.918,  -1.073,  0.1796,  0.1626,  12.942,  12.942,   0.024, 0, 0,
unit_f, 2023-02-17T05:09:06, 1676610546,  18.062,  12.913,  -1.038,  -1.093,  18.062,  12.913,  -1.038,  0.1742,  0.1616,  12.937,  12.937,   0.018, 0, 0,
unit_f, 2023-02-17T05:39:06, 1676612346,  18.062,  12.909,  -0.935,  -0.913,  18.062,  12.909,  -0.935,  0.1691,  0.1594,  12.930,  12.930,   0.013, 0, 0,
unit_f, 2023-02-17T06:09:06, 1676614146,  18.062,  12.909,  -1.073,  -1.093,  18.062,  12.909,  -1.073,  0.1639,  0.1549,  12.933,  12.933,   0.014, 0, 0,
unit_f, 2023-02-17T06:39:06, 1676615946,  18.062,  12.896,  -1.248,  -1.273,  18.062,  12.896,  -1.248,  0.1580,  0.1470,  12.923,  12.923,   0.018, 0, 0,
unit_f, 2023-02-17T07:09:06, 1676617746,  18.062,  12.904,  -0.865,  -0.913,  18.062,  12.904,  -0.865,  0.1527,  0.1441,  12.924,  12.924,   0.011, 0, 0,
unit_f, 2023-02-17T07:39:07, 1676619547,  18.062,  12.896,  -0.830,  -0.823,  18.062,  12.896,  -0.830,  0.1481,  0.1424,  12.914,  12.914,   0.008, 0, 0,
unit_f, 2023-02-17T08:09:07, 1676621347,  18.062,  12.896,  -0.830,  -0.913,  18.062,  12.896,  -0.830,  0.1437,  0.1397,  12.915,  12.915,   0.008, 0, 0,
unit_f, 2023-02-17T08:39:07, 1676623147,  18.062,  12.883,  -0.760,  -0.733,  18.062,  12.883,  -0.760,  0.1393,  0.1394,  12.901,  12.901,   0.000, 0, 0,
unit_f, 2023-02-17T09:09:07, 1676624947,  18.057,  12.904,  -0.205,  -0.193,  18.057,  12.904,  -0.205,  0.1365,  0.1401,  12.909,  12.909,  -0.068, 1024, 0,
unit_f, 2023-02-17T09:39:07, 1676626747,  18.057,  12.913,  -0.205,  -0.103,  18.057,  12.913,  -0.205,  0.1355,  0.1461,  12.918,  12.918,  -0.096, 1024, 0,
unit_f, 2023-02-17T10:09:07, 1676628547,  17.993,  12.913,  -0.170,  -0.193,  17.993,  12.913,  -0.170,  0.1346,  0.1481,  12.918,  12.918,  -0.120, 0, 0,
unit_f, 2023-02-17T10:39:07, 1676630347,  17.993,  12.913,  -0.205,  -0.193,  17.993,  12.913,  -0.205,  0.1336,  0.1493,  12.918,  12.918,  -0.140, 0, 0,
unit_f, 2023-02-17T11:09:07, 1676632147,  17.993,  12.922,  -0.170,  -0.193,  17.993,  12.922,  -0.170,  0.1326,  0.1499,  12.926,  12.926,  -0.161, 0, 0,
unit_f, 2023-02-17T11:39:07, 1676633947,  17.993,  12.913,  -0.205,  -0.193,  17.993,  12.913,  -0.205,  0.1316,  0.1498,  12.918,  12.918,  -0.179, 1024, 0,
unit_f, 2023-02-17T12:09:07, 1676635747,  17.932,  12.926,  -0.170,  -0.103,  17.932,  12.926,  -0.170,  0.1307,  0.1492,  12.930,  12.930,  -0.203, 1024, 0,
unit_f, 2023-02-17T12:39:08, 1676637548,  17.868,  12.918,  -0.170,  -0.193,  17.868,  12.918,  -0.170,  0.1298,  0.1488,  12.922,  12.922,  -0.228, 0, 0,
unit_f, 2023-02-17T13:09:08, 1676639348,  17.807,  12.922,  -0.205,  -0.193,  17.807,  12.922,  -0.205,  0.1288,  0.1476,  12.926,  12.926,  -0.253, 0, 0,
unit_f, 2023-02-17T13:39:08, 1676641148,  17.807,  12.918,  -0.170,  -0.193,  17.807,  12.918,  -0.170,  0.1279,  0.1466,  12.922,  12.922,  -0.273, 1024, 0,
unit_f, 2023-02-17T14:09:08, 1676642948,  17.743,  12.904,  -0.205,  -0.103,  17.743,  12.904,  -0.205,  0.1269,  0.1457,  12.908,  12.908,  -0.299, 0, 0,
unit_f, 2023-02-17T14:39:08, 1676644748,  17.682,  12.926,  -0.170,  -0.193,  17.682,  12.926,  -0.170,  0.1260,  0.1448,  12.930,  12.930,  -0.326, 0, 0,
unit_f, 2023-02-17T15:09:08, 1676646548,  17.618,  12.909,  -0.205,  -0.193,  17.618,  12.909,  -0.205,  0.1251,  0.1439,  12.913,  12.913,  -0.355, 1024, 0,
unit_f, 2023-02-17T15:39:08, 1676648348,  17.557,  12.909,  -0.170,  -0.103,  17.557,  12.909,  -0.170,  0.1242,  0.1423,  12.912,  12.912,  -0.384, 1024, 0,
unit_f, 2023-02-17T16:09:08, 1676650148,  17.557,  12.896,  -0.205,  -0.193,  17.557,  12.896,  -0.205,  0.1232,  0.1414,  12.900,  12.900,  -0.406, 0, 0,
unit_f, 2023-02-17T16:39:08, 1676651948,  17.557,  12.900,  -0.170,  -0.103,  17.557,  12.900,  -0.170,  0.1222,  0.1400,  12.904,  12.904,  -0.427, 0, 0,
unit_f, 2023-02-17T17:09:08, 1676653748,  17.557,  12.900,  -0.205,  -0.193,  17.557,  12.900,  -0.205,  0.1212,  0.1399,  12.904,  12.904,  -0.449, 1024, 0,
unit_f, 2023-02-17T17:39:09, 1676655549,  17.557,  12.900,  -0.205,  -0.193,  17.557,  12.900,  -0.205,  0.1203,  0.1398,  12.904,  12.904,  -0.470, 0, 0,
unit_f, 2023-02-17T18:09:09, 1676657349,  17.557,  12.896,  -0.170,  -0.103,  17.557,  12.896,  -0.170,  0.1193,  0.1398,  12.900,  12.900,  -0.492, 0, 0,
unit_f, 2023-02-17T18:39:09, 1676659149,  17.557,  12.896,  -0.170,  -0.193,  17.557,  12.896,  -0.170,  0.1184,  0.1397,  12.900,  12.900,  -0.512, 0, 0,
unit_f, 2023-02-17T19:09:09, 1676660949,  17.557,  12.896,  -0.205,  -0.193,  17.557,  12.896,  -0.205,  0.1174,  0.1396,  12.900,  12.900,  -0.533, 0, 0,
unit_f, 2023-02-17T19:39:09, 1676662749,  17.557,  12.896,  -0.170,  -0.193,  17.557,  12.896,  -0.170,  0.1164,  0.1396,  12.900,  12.900,  -0.556, 0, 0,
unit_f, 2023-02-17T20:09:09, 1676664549,  17.557,  12.896,  -0.205,  -0.193,  17.557,  12.896,  -0.205,  0.1155,  0.1394,  12.900,  12.900,  -0.578, 0, 0,
unit_f, 2023-02-17T20:39:09, 1676666349,  17.557,  12.892,  -0.205,  -0.103,  17.557,  12.892,  -0.205,  0.1146,  0.1394,  12.896,  12.896,  -0.598, 0, 0,
unit_f, 2023-02-17T21:09:09, 1676668149,  17.557,  12.892,  -0.170,  -0.193,  17.557,  12.892,  -0.170,  0.1136,  0.1393,  12.896,  12.896,  -0.619, 1024, 0,
unit_f, 2023-02-17T21:39:09, 1676669949,  17.557,  12.883,  -0.205,  -0.103,  17.557,  12.883,  -0.205,  0.1126,  0.1393,  12.887,  12.887,  -0.641, 1024, 0,
unit_f, 2023-02-17T22:09:09, 1676671749,  17.557,  12.878,  -0.170,  -0.193,  17.557,  12.878,  -0.170,  0.1117,  0.1391,  12.883,  12.883,  -0.661, 0, 0,
unit_f, 2023-02-17T22:39:10, 1676673550,  17.562,  12.887,  -0.170,  -0.103,  17.562,  12.887,  -0.170,  0.1107,  0.1391,  12.892,  12.892,  -0.682, 0, 0,
unit_f, 2023-02-17T23:09:10, 1676675350,  17.625,  12.874,  -0.205,  -0.103,  17.625,  12.874,  -0.205,  0.1097,  0.1390,  12.878,  12.878,  -0.687, 1024, 0,
unit_f, 2023-02-17T23:39:10, 1676677150,  17.687,  12.878,  -0.170,  -0.103,  17.687,  12.878,  -0.170,  0.1087,  0.1389,  12.883,  12.883,  -0.688, 0, 0,
fltb,  date,                time,    Tb_h, vb_h, ibah, ibnh, Tb, vb, ib, soc, soc_ekf, voc, voc_stat, e_w_f, fltw, falw,
unit_f, 2023-02-17T23:58:18, 1676678298,  17.687,  12.883,  -0.205,  -0.193,  17.687,  12.883,  -0.205,  0.1081,  0.1389,  12.883,  12.883,  -0.703, 0, 0,
unit_f, 2023-02-17T23:58:28, 1676678308,  17.687,  12.878,  -0.205,  -0.103,  17.687,  12.878,  -0.205,  0.1081,  0.1388,  12.887,  12.887,  -0.703, 0, 0,
unit_f, 2023-02-17T23:58:38, 1676678318,  17.687,  12.887,  -0.170,  -0.103,  17.687,  12.887,  -0.170,  0.1081,  0.1388,  12.892,  12.892,  -0.703, 1024, 0,
unit_f, 2023-02-17T23:58:48, 1676678328,  17.687,  12.878,  -0.205,  -0.193,  17.687,  12.878,  -0.205,  0.1081,  0.1388,  12.878,  12.878,  -0.703, 1024, 0,
unit_f, 2023-02-17T23:58:58, 1676678338,  17.687,  12.878,  -0.170,  -0.103,  17.687,  12.878,  -0.170,  0.1081,  0.1388,  12.887,  12.887,  -0.703, 0, 0,
unit_f, 2023-02-17T23:59:08, 1676678348,  17.687,  12.870,  -0.205,  -0.193,  17.687,  12.870,  -0.205,  0.1081,  0.1389,  12.878,  12.878,  -0.702, 0, 0,
unit_f, 2023-02-17T23:59:19, 1676678359,  17.687,  12.878,  -0.170,  -0.193,  17.687,  12.878,  -0.170,  0.1081,  0.1388,  12.883,  12.883,  -0.703, 1024, 0,
fltb,  date,                time,    Tb_h, vb_h, ibah, ibnh, Tb, vb, ib, soc, soc_ekf, voc, voc_stat, e_w_f, fltw, falw,

Sen::
Fault:
 cc_diff    0.031  thr=  0.800 Fc^
 ib_diff   -0.026  thr= 10.000 Fd^
 e_wrap    -0.704  thr=-42.509 Fo^ 42.509 Fi^
 ib_quiet  -0.031  thr=  0.005 Fq v

 soc    0.108  voc  12.887  voc_soc  12.180
 dis_tb_fa 0  dis_vb_fa 0  dis_ib_fa 0
 bms_off   0

 Tbh= 17.688  Tbm= 17.688
 Vbh  12.883  Vbm  12.176
 imh  -0.341  imm  -0.341
 inh  -0.210  inm  -0.341

 mod_tb  0  mod_vb  0  mod_ib  0
 tb_s_st 1  vb_s_st 1  ib_s_st 1
 fake_faults 1 latched_fail 1 latched_fail_fake 0 preserving 0

 bare n  0  x 
 bare m  0  x 
 ib_dsc  0  0 'Fq v'
 ibd_lo  0  0 'Fd ^  *SA/*SB'
 ibd_hi  0  0 'Fd ^  *SA/*SB'
 red wv  0  0   'Fd  Fi/Fo ^'
 wl      0  0 'Fo ^'
 wh      0  0 'Fi ^'
 cc_dif  x  0 'Fc ^'
 ib n    0  0 'Fi 1'
 ib m    0  0 'Fi 1'
 vb      0  0 'Fv 1, *SV, *Dc/*Dv'
 tb      0  0 'Ft 1'
  0000000000000   00000000000
  CBA98765x3210 xxA9876543210
  fltw=0     falw=0
fake_faults=>redl
v0; to return
 18 12.88   -0.4   Tb,C  VOC,V  Ib,A 
 16-12.5  10   EKF,Ah  chg,hrs  CC, Ah
Pf; for fails.  prints=54050

 18 12.89   -0.4   Tb,C  VOC,V  Ib,A 
 16-12.5  10   EKF,Ah  chg,hrs  CC, Ah
Pf; for fails.  prints=54050

Disconnected
