echo:  v26, 4
echo:  v26, 0
unit,               hm,                  cTime,       dt,       chm,sat,sel,mod,  Tb,  Vb,  Ib,   ioc,  voc_soc,    Vsat,dV_dyn,Voc_stat,Voc_ekf,     y_ekf,    soc_s,soc_ekf,soc,
unit_m,  c_time,       chm_s,  Tb_s,Tbl_s,  vsat_s, voc_stat_s, dv_dyn_s, vb_s, ib_s, ib_in_s, ioc_s, sat_s, dq_s, soc_s, reset_s,
unit_s,c_time,res,user_sel,   cc_dif,  ibmh,ibnh,ibmm,ibnm,ibm,   ib_diff, ib_diff_f,    voc_soc,e_w,e_w_f,  ib_sel,Ib_h,Ib_s,mib,Ib, vb_sel,Vb_h,Vb_s,mvb,Vb,  Tb_h,Tb_s,mtb,Tb_f,   fltw, falw, ib_rate, ib_quiet, tb_sel, ccd_thr, ewh_thr, ewl_thr, ibd_thr, ibq_thr,
unit_sel, 56205762.106, 0, 0,   0.0081866,  0.00000,0.00000,0.00000,0.00000,0.00000,  0.00000,0.00000,   13.14671,0.03342,0.03342,  1, 0.00000,0.00000, 1, 0.00000,  1, 13.52093,13.11329, 1, 13.11329,  22.81,22.81, 0, 22.81, 0, 0,   0.000,   0.000, 1,   0.200,  0.394, -0.246, 10.000,  0.005,
unit_sim,  56205762.106, 0, 22.81250,22.81250, 13.79125,13.11329,0.00000,13.11329,   0.000,  0.000,  0.000,  0,  -162000.0,   0.53994, 0, 
pro_20220910, 2022-09-11T08:12:28,  56205762.106, 0.100,   0,  0,  0,  6,  22.8,13.113,     0.000,     0.000,13.14671,    13.79125,0.00000,13.11329,13.15000,  -0.036710, 0.53994,0.63346,0.62527,
unit_sel, 56205762.561, 0, 0,   0.0081863,  0.00000,0.00000,0.00000,0.00000,0.00000,  0.00000,0.00000,   13.14671,0.03342,0.03342,  1, 0.00000,0.00000, 1, 0.00000,  1, 13.51232,13.11329, 1, 13.11329,  22.81,22.81, 0, 22.81, 0, 0,   0.000,   0.000, 1,   0.200,  0.394, -0.246, 10.000,  0.005,
unit_sim,  56205762.561, 0, 22.81250,22.81250, 13.79125,13.11329,0.00000,13.11329,   0.000,  0.000,  0.000,  0,  -162000.0,   0.53994, 0, 
pro_20220910, 2022-09-11T08:12:30,  56205762.561, 0.100,   0,  0,  0,  6,  22.8,13.113,     0.000,     0.000,13.14671,    13.79125,0.00000,13.11329,13.15000,  -0.036710, 0.53994,0.63346,0.62527,
unit_sel, 56205762.961, 0, 0,   0.0081861,  0.00000,0.00000,0.00000,0.00000,0.00000,  0.00000,0.00000,   13.14671,0.03342,0.03342,  1, 0.00000,0.00000, 1, 0.00000,  1, 13.50801,13.11329, 1, 13.11329,  22.81,22.81, 0, 22.81, 0, 0,   0.000,   0.000, 1,   0.200,  0.394, -0.246, 10.000,  0.005,
unit_sim,  56205762.961, 0, 22.81250,22.81250, 13.79125,13.11329,0.00000,13.11329,   0.000,  0.000,  0.000,  0,  -162000.0,   0.53994, 0, 
pro_20220910, 2022-09-11T08:12:30,  56205762.961, 0.100,   0,  0,  0,  6,  22.8,13.113,     0.000,     0.000,13.14671,    13.79125,0.00000,13.11329,13.15000,  -0.036709, 0.53994,0.63346,0.62527,
unit_sel, 56205763.361, 0, 0,   0.0081859,  0.00000,0.00000,0.00000,0.00000,0.00000,  0.00000,0.00000,   13.14671,0.03342,0.03342,  1, 0.00000,0.00000, 1, 0.00000,  1, 13.51232,13.11329, 1, 13.11329,  22.81,22.81, 0, 22.81, 0, 0,   0.000,   0.000, 1,   0.200,  0.394, -0.246, 10.000,  0.005,
unit_sim,  56205763.361, 0, 22.81250,22.81250, 13.79125,13.11329,0.00000,13.11329,   0.000,  0.000,  0.000,  0,  -162000.0,   0.53994, 0, 
pro_20220910, 2022-09-11T08:12:30,  56205763.361, 0.100,   0,  0,  0,  6,  22.8,13.113,     0.000,     0.000,13.14671,    13.79125,0.00000,13.11329,13.15000,  -0.036709, 0.53994,0.63346,0.62527,
unit_sel, 56205763.761, 0, 0,   0.0081856,  0.00000,0.00000,0.00000,0.00000,0.00000,  0.00000,0.00000,   13.14671,0.03342,0.03342,  1, 0.00000,0.00000, 1, 0.00000,  1, 13.51232,13.11329, 1, 13.11329,  22.81,22.81, 0, 22.81, 0, 0,   0.000,   0.000, 1,   0.200,  0.394, -0.246, 10.000,  0.005,
unit_sim,  56205763.761, 0, 22.81250,22.81250, 13.79125,13.11329,0.00000,13.11329,   0.000,  0.000,  0.000,  0,  -162000.0,   0.53994, 0, 
pro_20220910, 2022-09-11T08:12:30,  56205763.761, 0.100,   0,  0,  0,  6,  22.8,13.113,     0.000,     0.000,13.14671,    13.79125,0.00000,13.11329,13.15000,  -0.036709, 0.53994,0.63346,0.62527,
unit_sel, 56205764.161, 0, 0,   0.0081854,  0.00000,0.00000,0.00000,0.00000,0.00000,  0.00000,0.00000,   13.14671,0.03342,0.03342,  1, 0.00000,0.00000, 1, 0.00000,  1, 13.51663,13.11329, 1, 13.11329,  22.81,22.81, 0, 22.81, 0, 0,   0.000,   0.000, 1,   0.200,  0.394, -0.246, 10.000,  0.005,
unit_sim,  56205764.161, 0, 22.81250,22.81250, 13.79125,13.11329,0.00000,13.11329,   0.000,  0.000,  0.000,  0,  -162000.0,   0.53994, 0, 
pro_20220910, 2022-09-11T08:12:32,  56205764.161, 0.100,   0,  0,  0,  6,  22.8,13.113,     0.000,     0.000,13.14671,    13.79125,0.00000,13.11329,13.15000,  -0.036709, 0.53994,0.63345,0.62527,
unit_sel, 56205764.561, 0, 0,   0.0081852,  0.00000,0.00000,0.00000,0.00000,0.00000,  0.00000,0.00000,   13.14671,0.03342,0.03342,  1, 0.00000,0.00000, 1, 0.00000,  1, 13.51232,13.11329, 1, 13.11329,  22.81,22.81, 0, 22.81, 0, 0,   0.000,   0.000, 1,   0.200,  0.394, -0.246, 10.000,  0.005,
unit_sim,  56205764.561, 0, 22.81250,22.81250, 13.79125,13.11329,0.00000,13.11329,   0.000,  0.000,  0.000,  0,  -162000.0,   0.53994, 0, 
pro_20220910, 2022-09-11T08:12:32,  56205764.561, 0.100,   0,  0,  0,  6,  22.8,13.113,     0.000,     0.000,13.14671,    13.79125,0.00000,13.11329,13.15000,  -0.036709, 0.53994,0.63345,0.62527,
unit_sel, 56205764.961, 0, 0,   0.0081849,  0.00000,0.00000,0.00000,0.00000,0.00000,  0.00000,0.00000,   13.14671,0.03342,0.03342,  1, 0.00000,0.00000, 1, 0.00000,  1, 13.51663,13.11329, 1, 13.11329,  22.81,22.81, 0, 22.81, 0, 0,   0.000,   0.000, 1,   0.200,  0.394, -0.246, 10.000,  0.005,
unit_sim,  56205764.961, 0, 22.81250,22.81250, 13.79125,13.11329,0.00000,13.11329,   0.000,  0.000,  0.000,  0,  -162000.0,   0.53994, 0, 
pro_20220910, 2022-09-11T08:12:32,  56205764.961, 0.100,   0,  0,  0,  6,  22.8,13.113,     0.000,     0.000,13.14671,    13.79125,0.00000,13.11329,13.15000,  -0.036709, 0.53994,0.63345,0.62527,
unit_sel, 56205765.362, 0, 0,   0.0081847,  0.00000,0.00000,0.00000,0.00000,0.00000,  0.00000,0.00000,   13.14671,0.03342,0.03342,  1, 0.00000,0.00000, 1, 0.00000,  1, 13.53385,13.11329, 1, 13.11329,  22.81,22.81, 0, 22.81, 0, 0,   0.000,   0.000, 1,   0.200,  0.394, -0.246, 10.000,  0.005,
unit_sim,  56205765.362, 0, 22.81250,22.81250, 13.79125,13.11329,0.00000,13.11329,   0.000,  0.000,  0.000,  0,  -162000.0,   0.53994, 0, 
pro_20220910, 2022-09-11T08:12:32,  56205765.362, 0.100,   0,  0,  0,  6,  22.8,13.113,     0.000,     0.000,13.14671,    13.79125,0.00000,13.11329,13.15000,  -0.036709, 0.53994,0.63345,0.62527,
unit_sel, 56205765.761, 0, 0,   0.0081844,  0.00000,0.00000,0.00000,0.00000,0.00000,  0.00000,0.00000,   13.14671,0.03342,0.03342,  1, 0.00000,0.00000, 1, 0.00000,  1, 13.50801,13.11329, 1, 13.11329,  22.81,22.81, 0, 22.81, 0, 0,   0.000,   0.000, 1,   0.200,  0.394, -0.246, 10.000,  0.005,
unit_sim,  56205765.761, 0, 22.81250,22.81250, 13.79125,13.11329,0.00000,13.11329,   0.000,  0.000,  0.000,  0,  -162000.0,   0.53994, 0, 
pro_20220910, 2022-09-11T08:12:32,  56205765.761, 0.100,   0,  0,  0,  6,  22.8,13.113,     0.000,     0.000,13.14671,    13.79125,0.00000,13.11329,13.15000,  -0.036709, 0.53994,0.63345,0.62527,
unit_sel, 56205766.161, 0, 0,   0.0081842,  0.00000,0.00000,0.00000,0.00000,0.00000,  0.00000,0.00000,   13.14671,0.03342,0.03342,  1, 0.00000,0.00000, 1, 0.00000,  1, 13.50371,13.11329, 1, 13.11329,  22.81,22.81, 0, 22.81, 0, 0,   0.000,   0.000, 1,   0.200,  0.394, -0.246, 10.000,  0.005,
unit_sim,  56205766.161, 0, 22.81250,22.81250, 13.79125,13.11329,0.00000,13.11329,   0.000,  0.000,  0.000,  0,  -162000.0,   0.53994, 0, 
pro_20220910, 2022-09-11T08:12:34,  56205766.161, 0.100,   0,  0,  0,  6,  22.8,13.113,     0.000,     0.000,13.14671,    13.79125,0.00000,13.11329,13.15000,  -0.036709, 0.53994,0.63345,0.62527,
unit_sel, 56205766.562, 0, 0,   0.0081839,  0.00000,0.00000,0.00000,0.00000,0.00000,  0.00000,0.00000,   13.14671,0.03342,0.03342,  1, 0.00000,0.00000, 1, 0.00000,  1, 13.51232,13.11329, 1, 13.11329,  22.81,22.81, 0, 22.81, 0, 0,   0.000,   0.000, 1,   0.200,  0.394, -0.246, 10.000,  0.005,
unit_sim,  56205766.562, 0, 22.81250,22.81250, 13.79125,13.11329,0.00000,13.11329,   0.000,  0.000,  0.000,  0,  -162000.0,   0.53994, 0, 
pro_20220910, 2022-09-11T08:12:34,  56205766.562, 0.100,   0,  0,  0,  6,  22.8,13.113,     0.000,     0.000,13.14671,    13.79125,0.00000,13.11329,13.15000,  -0.036709, 0.53994,0.63345,0.62527,
unit_sel, 56205766.961, 0, 0,   0.0081837,  0.00000,0.00000,0.00000,0.00000,0.00000,  0.00000,0.00000,   13.14671,0.03342,0.03342,  1, 0.00000,0.00000, 1, 0.00000,  1, 13.50801,13.11329, 1, 13.11329,  22.81,22.81, 0, 22.81, 0, 0,   0.000,   0.000, 1,   0.200,  0.394, -0.246, 10.000,  0.005,
unit_sim,  56205766.961, 0, 22.81250,22.81250, 13.79125,13.11329,0.00000,13.11329,   0.000,  0.000,  0.000,  0,  -162000.0,   0.53994, 0, 
pro_20220910, 2022-09-11T08:12:34,  56205766.961, 0.100,   0,  0,  0,  6,  22.8,13.113,     0.000,     0.000,13.14671,    13.79125,0.00000,13.11329,13.15000,  -0.036709, 0.53994,0.63345,0.62527,
echo:  Xu1, 4
unit_sel, 56205767.406, 0, 0,   0.0081834,  0.00000,0.00000,0.00000,0.00000,0.00000,  0.00000,0.00000,   13.14671,0.03342,0.03342,  1, 0.00000,0.00000, 1, 0.00000,  1, 13.51232,13.11329, 1, 13.11329,  22.81,22.81, 0, 22.81, 0, 0,   0.000,   0.000, 1,   0.200,  0.394, -0.246, 10.000,  0.005,
unit_sim,  56205767.406, 0, 22.81250,22.81250, 13.79125,13.11329,0.00000,13.11329,   0.000,  0.000,  0.000,  0,  -162000.0,   0.53994, 0, 
pro_20220910, 2022-09-11T08:12:34,  56205767.406, 0.100,   0,  0,  0,  6,  22.8,13.113,     0.000,     0.000,13.14671,    13.79125,0.00000,13.11329,13.15000,  -0.036708, 0.53994,0.63345,0.62527,
echo:  Xu1, 0
Fail tb 0 to 1
unit_sel, 56205767.806, 0, 0,   0.0081832,  0.00000,0.00000,0.00000,0.00000,0.00000,  0.00000,0.00000,   13.14671,0.03342,0.03342,  1, 0.00000,0.00000, 1, 0.00000,  1, 13.51232,13.11329, 1, 13.11329,  22.81,22.81, 0, 22.81, 0, 0,   0.000,   0.000, 1,   0.200,  0.394, -0.246, 10.000,  0.005,
unit_sim,  56205767.806, 0, 22.81250,22.81250, 13.79125,13.11329,0.00000,13.11329,   0.000,  0.000,  0.000,  0,  -162000.0,   0.53994, 0, 
pro_20220910, 2022-09-11T08:12:34,  56205767.806, 0.100,   0,  0,  0,  6,  22.8,13.113,     0.000,     0.000,13.14671,    13.79125,0.00000,13.11329,13.15000,  -0.036708, 0.53994,0.63345,0.62527,
unit_sel, 56205768.206, 0, 0,   0.0081829,  0.00000,0.00000,0.00000,0.00000,0.00000,  0.00000,0.00000,   13.14671,0.03342,0.03342,  1, 0.00000,0.00000, 1, 0.00000,  1, 13.50371,13.11329, 1, 13.11329,  22.81,22.81, 0, 22.81, 0, 0,   0.000,   0.000, 1,   0.200,  0.394, -0.246, 10.000,  0.005,
unit_sim,  56205768.206, 0, 22.81250,22.81250, 13.79125,13.11329,0.00000,13.11329,   0.000,  0.000,  0.000,  0,  -162000.0,   0.53994, 0, 
pro_20220910, 2022-09-11T08:12:36,  56205768.206, 0.100,   0,  0,  0,  6,  22.8,13.113,     0.000,     0.000,13.14671,    13.79125,0.00000,13.11329,13.15000,  -0.036708, 0.53994,0.63345,0.62527,
unit_sel, 56205768.661, 0, 0,   0.0081827,  0.00000,0.00000,0.00000,0.00000,0.00000,  0.00000,0.00000,   13.14671,0.03342,0.03342,  1, 0.00000,0.00000, 1, 0.00000,  1, 13.51232,13.11329, 1, 13.11329,  22.81,22.81, 0, 22.81, 0, 0,   0.000,   0.000, 1,   0.200,  0.394, -0.246, 10.000,  0.005,
unit_sim,  56205768.661, 0, 22.81250,22.81250, 13.79125,13.11329,0.00000,13.11329,   0.000,  0.000,  0.000,  0,  -162000.0,   0.53994, 0, 
pro_20220910, 2022-09-11T08:12:36,  56205768.661, 0.100,   0,  0,  0,  6,  22.8,13.113,     0.000,     0.000,13.14671,    13.79125,0.00000,13.11329,13.15000,  -0.036708, 0.53994,0.63345,0.62527,
unit_sel, 56205769.061, 0, 0,   0.0081824,  0.00000,0.00000,0.00000,0.00000,0.00000,  0.00000,0.00000,   13.14671,0.03342,0.03342,  1, 0.00000,0.00000, 1, 0.00000,  1, 13.52954,13.11329, 1, 13.11329,  22.81,22.81, 0, 22.81, 0, 0,   0.000,   0.000, 1,   0.200,  0.394, -0.246, 10.000,  0.005,
unit_sim,  56205769.061, 0, 22.81250,22.81250, 13.79125,13.11329,0.00000,13.11329,   0.000,  0.000,  0.000,  0,  -162000.0,   0.53994, 0, 
pro_20220910, 2022-09-11T08:12:36,  56205769.061, 0.100,   0,  0,  0,  6,  22.8,13.113,     0.000,     0.000,13.14671,    13.79125,0.00000,13.11329,13.15000,  -0.036708, 0.53994,0.63345,0.62527,
unit_sel, 56205769.461, 0, 0,   0.0081821,  0.00000,0.00000,0.00000,0.00000,0.00000,  0.00000,0.00000,   13.14671,0.03342,0.03342,  1, 0.00000,0.00000, 1, 0.00000,  1, 13.53385,13.11329, 1, 13.11329,  22.81,22.81, 0, 22.81, 0, 0,   0.000,   0.000, 1,   0.200,  0.394, -0.246, 10.000,  0.005,
unit_sim,  56205769.461, 0, 22.81250,22.81250, 13.79125,13.11329,0.00000,13.11329,   0.000,  0.000,  0.000,  0,  -162000.0,   0.53994, 0, 
pro_20220910, 2022-09-11T08:12:36,  56205769.461, 0.100,   0,  0,  0,  6,  22.8,13.113,     0.000,     0.000,13.14671,    13.79125,0.00000,13.11329,13.15000,  -0.036708, 0.53994,0.63345,0.62527,
unit_sel, 56205769.861, 0, 0,   0.0081819,  0.00000,0.00000,0.00000,0.00000,0.00000,  0.00000,0.00000,   13.14671,0.03342,0.03342,  1, 0.00000,0.00000, 1, 0.00000,  1, 13.51232,13.11329, 1, 13.11329,  22.81,22.81, 0, 22.81, 0, 0,   0.000,   0.000, 1,   0.200,  0.394, -0.246, 10.000,  0.005,
unit_sim,  56205769.861, 0, 22.81250,22.81250, 13.79125,13.11329,0.00000,13.11329,   0.000,  0.000,  0.000,  0,  -162000.0,   0.53994, 0, 
pro_20220910, 2022-09-11T08:12:36,  56205769.861, 0.100,   0,  0,  0,  6,  22.8,13.113,     0.000,     0.000,13.14671,    13.79125,0.00000,13.11329,13.15000,  -0.036708, 0.53994,0.63345,0.62527,
unit_sel, 56205770.261, 0, 0,   0.0081816,  0.00000,0.00000,0.00000,0.00000,0.00000,  0.00000,0.00000,   13.14671,0.03342,0.03342,  1, 0.00000,0.00000, 1, 0.00000,  1, 13.51232,13.11329, 1, 13.11329,  22.81,22.81, 0, 22.81, 0, 0,   0.000,   0.000, 1,   0.200,  0.394, -0.246, 10.000,  0.005,
unit_sim,  56205770.261, 0, 22.81250,22.81250, 13.79125,13.11329,0.00000,13.11329,   0.000,  0.000,  0.000,  0,  -162000.0,   0.53994, 0, 
pro_20220910, 2022-09-11T08:12:38,  56205770.261, 0.100,   0,  0,  0,  6,  22.8,13.113,     0.000,     0.000,13.14671,    13.79125,0.00000,13.11329,13.15000,  -0.036708, 0.53994,0.63345,0.62527,
unit_sel, 56205770.661, 0, 0,   0.0081813,  0.00000,0.00000,0.00000,0.00000,0.00000,  0.00000,0.00000,   13.14671,0.03342,0.03342,  1, 0.00000,0.00000, 1, 0.00000,  1, 13.50801,13.11329, 1, 13.11329,  22.81,22.81, 0, 22.81, 0, 0,   0.000,   0.000, 1,   0.200,  0.394, -0.246, 10.000,  0.005,
unit_sim,  56205770.661, 0, 22.81250,22.81250, 13.79125,13.11329,0.00000,13.11329,   0.000,  0.000,  0.000,  0,  -162000.0,   0.53994, 0, 
pro_20220910, 2022-09-11T08:12:38,  56205770.661, 0.100,   0,  0,  0,  6,  22.8,13.113,     0.000,     0.000,13.14671,    13.79125,0.00000,13.11329,13.15000,  -0.036708, 0.53994,0.63345,0.62527,
unit_sel, 56205771.061, 0, 0,   0.0081810,  0.00000,0.00000,0.00000,0.00000,0.00000,  0.00000,0.00000,   13.14671,0.03342,0.03342,  1, 0.00000,0.00000, 1, 0.00000,  1, 13.51232,13.11329, 1, 13.11329,  22.81,22.81, 0, 22.81, 0, 0,   0.000,   0.000, 1,   0.200,  0.394, -0.246, 10.000,  0.005,
unit_sim,  56205771.061, 0, 22.81250,22.81250, 13.79125,13.11329,0.00000,13.11329,   0.000,  0.000,  0.000,  0,  -162000.0,   0.53994, 0, 
pro_20220910, 2022-09-11T08:12:38,  56205771.061, 0.100,   0,  0,  0,  6,  22.8,13.113,     0.000,     0.000,13.14671,    13.79125,0.00000,13.11329,13.15000,  -0.036708, 0.53994,0.63345,0.62527,
unit_sel, 56205771.461, 0, 0,   0.0081808,  0.00000,0.00000,0.00000,0.00000,0.00000,  0.00000,0.00000,   13.14671,0.03342,0.03342,  1, 0.00000,0.00000, 1, 0.00000,  1, 13.51232,13.11329, 1, 13.11329,  22.81,22.81, 0, 22.81, 0, 0,   0.000,   0.000, 1,   0.200,  0.394, -0.246, 10.000,  0.005,
unit_sim,  56205771.461, 0, 22.81250,22.81250, 13.79125,13.11329,0.00000,13.11329,   0.000,  0.000,  0.000,  0,  -162000.0,   0.53994, 0, 
pro_20220910, 2022-09-11T08:12:38,  56205771.461, 0.100,   0,  0,  0,  6,  22.8,13.113,     0.000,     0.000,13.14671,    13.79125,0.00000,13.11329,13.15000,  -0.036708, 0.53994,0.63345,0.62527,
unit_sel, 56205771.861, 0, 0,   0.0081805,  0.00000,0.00000,0.00000,0.00000,0.00000,  0.00000,0.00000,   13.14671,0.03342,0.03342,  1, 0.00000,0.00000, 1, 0.00000,  1, 13.50801,13.11329, 1, 13.11329,  22.81,22.81, 0, 22.81, 0, 0,   0.000,   0.000, 1,   0.200,  0.394, -0.246, 10.000,  0.005,
unit_sim,  56205771.861, 0, 22.81250,22.81250, 13.79125,13.11329,0.00000,13.11329,   0.000,  0.000,  0.000,  0,  -162000.0,   0.53994, 0, 
pro_20220910, 2022-09-11T08:12:38,  56205771.861, 0.100,   0,  0,  0,  6,  22.8,13.113,     0.000,     0.000,13.14671,    13.79125,0.00000,13.11329,13.15000,  -0.036708, 0.53994,0.63345,0.62527,
unit_sel, 56205772.261, 0, 0,   0.0081802,  0.00000,0.00000,0.00000,0.00000,0.00000,  0.00000,0.00000,   13.14671,0.03342,0.03342,  1, 0.00000,0.00000, 1, 0.00000,  1, 13.51232,13.11329, 1, 13.11329,  22.81,22.81, 0, 22.81, 0, 0,   0.000,   0.000, 1,   0.200,  0.394, -0.246, 10.000,  0.005,
unit_sim,  56205772.261, 0, 22.81250,22.81250, 13.79125,13.11329,0.00000,13.11329,   0.000,  0.000,  0.000,  0,  -162000.0,   0.53994, 0, 
pro_20220910, 2022-09-11T08:12:40,  56205772.261, 0.100,   0,  0,  0,  6,  22.8,13.113,     0.000,     0.000,13.14671,    13.79125,0.00000,13.11329,13.14999,  -0.036707, 0.53994,0.63345,0.62527,
unit_sel, 56205772.662, 0, 0,   0.0081799,  0.00000,0.00000,0.00000,0.00000,0.00000,  0.00000,0.00000,   13.14671,0.03342,0.03342,  1, 0.00000,0.00000, 1, 0.00000,  1, 13.51232,13.11329, 1, 13.11329,  22.81,22.81, 0, 22.81, 0, 0,   0.000,   0.000, 1,   0.200,  0.394, -0.246, 10.000,  0.005,
unit_sim,  56205772.662, 0, 22.81250,22.81250, 13.79125,13.11329,0.00000,13.11329,   0.000,  0.000,  0.000,  0,  -162000.0,   0.53994, 0, 
pro_20220910, 2022-09-11T08:12:40,  56205772.662, 0.100,   0,  0,  0,  6,  22.8,13.113,     0.000,     0.000,13.14671,    13.79125,0.00000,13.11329,13.14999,  -0.036707, 0.53994,0.63345,0.62527,
unit_sel, 56205773.061, 0, 0,   0.0081796,  0.00000,0.00000,0.00000,0.00000,0.00000,  0.00000,0.00000,   13.14671,0.03342,0.03342,  1, 0.00000,0.00000, 1, 0.00000,  1, 13.52954,13.11329, 1, 13.11329,  22.81,22.81, 0, 22.81, 0, 0,   0.000,   0.000, 1,   0.200,  0.394, -0.246, 10.000,  0.005,
unit_sim,  56205773.061, 0, 22.81250,22.81250, 13.79125,13.11329,0.00000,13.11329,   0.000,  0.000,  0.000,  0,  -162000.0,   0.53994, 0, 
pro_20220910, 2022-09-11T08:12:40,  56205773.061, 0.100,   0,  0,  0,  6,  22.8,13.113,     0.000,     0.000,13.14671,    13.79125,0.00000,13.11329,13.14999,  -0.036707, 0.53994,0.63345,0.62527,
E: DS18, t=    22.9, ct=3, using lgv=    22.8
unit_sel, 56205773.506, 0, 0,   0.0081793,  0.00000,0.00000,0.00000,0.00000,0.00000,  0.00000,0.00000,   13.14671,0.03342,0.03342,  1, 0.00000,0.00000, 1, 0.00000,  1, 13.51232,13.11329, 1, 13.11329,  22.81,22.81, 0, 22.81, 1, 0,   0.000,   0.000, 1,   0.200,  0.394, -0.246, 10.000,  0.005,
unit_sim,  56205773.506, 0, 22.81250,22.81250, 13.79125,13.11329,0.00000,13.11329,   0.000,  0.000,  0.000,  0,  -162000.0,   0.53994, 0, 
pro_20220910, 2022-09-11T08:12:40,  56205773.506, 0.100,   0,  0,  0,  6,  22.8,13.113,     0.000,     0.000,13.14671,    13.79125,0.00000,13.11329,13.14999,  -0.036707, 0.53994,0.63345,0.62527,
unit_sel, 56205773.906, 0, 0,   0.0081790,  0.00000,0.00000,0.00000,0.00000,0.00000,  0.00000,0.00000,   13.14671,0.03342,0.03342,  1, 0.00000,0.00000, 1, 0.00000,  1, 13.51232,13.11329, 1, 13.11329,  22.81,22.81, 0, 22.81, 1, 0,   0.000,   0.000, 1,   0.200,  0.394, -0.246, 10.000,  0.005,
unit_sim,  56205773.906, 0, 22.81250,22.81250, 13.79125,13.11329,0.00000,13.11329,   0.000,  0.000,  0.000,  0,  -162000.0,   0.53994, 0, 
pro_20220910, 2022-09-11T08:12:40,  56205773.906, 0.100,   0,  0,  0,  6,  22.8,13.113,     0.000,     0.000,13.14671,    13.79125,0.00000,13.11329,13.14999,  -0.036707, 0.53994,0.63345,0.62527,
unit_sel, 56205774.306, 0, 0,   0.0081788,  0.00000,0.00000,0.00000,0.00000,0.00000,  0.00000,0.00000,   13.14671,0.03342,0.03342,  1, 0.00000,0.00000, 1, 0.00000,  1, 13.51232,13.11329, 1, 13.11329,  22.81,22.81, 0, 22.81, 1, 0,   0.000,   0.000, 1,   0.200,  0.394, -0.246, 10.000,  0.005,
unit_sim,  56205774.306, 0, 22.81250,22.81250, 13.79125,13.11329,0.00000,13.11329,   0.000,  0.000,  0.000,  0,  -162000.0,   0.53994, 0, 
pro_20220910, 2022-09-11T08:12:42,  56205774.306, 0.100,   0,  0,  0,  6,  22.8,13.113,     0.000,     0.000,13.14671,    13.79125,0.00000,13.11329,13.14999,  -0.036707, 0.53994,0.63345,0.62527,
unit_sel, 56205774.761, 0, 0,   0.0081785,  0.00000,0.00000,0.00000,0.00000,0.00000,  0.00000,0.00000,   13.14671,0.03342,0.03342,  1, 0.00000,0.00000, 1, 0.00000,  1, 13.51232,13.11329, 1, 13.11329,  22.81,22.81, 0, 22.81, 1, 0,   0.000,   0.000, 1,   0.200,  0.394, -0.246, 10.000,  0.005,
unit_sim,  56205774.761, 0, 22.81250,22.81250, 13.79125,13.11329,0.00000,13.11329,   0.000,  0.000,  0.000,  0,  -162000.0,   0.53994, 0, 
pro_20220910, 2022-09-11T08:12:42,  56205774.761, 0.100,   0,  0,  0,  6,  22.8,13.113,     0.000,     0.000,13.14671,    13.79125,0.00000,13.11329,13.14999,  -0.036706, 0.53994,0.63345,0.62527,
unit_sel, 56205775.161, 0, 0,   0.0081782,  0.00000,0.00000,0.00000,0.00000,0.00000,  0.00000,0.00000,   13.14671,0.03342,0.03342,  1, 0.00000,0.00000, 1, 0.00000,  1, 13.50801,13.11329, 1, 13.11329,  22.81,22.81, 0, 22.81, 1, 0,   0.000,   0.000, 1,   0.200,  0.394, -0.246, 10.000,  0.005,
unit_sim,  56205775.161, 0, 22.81250,22.81250, 13.79125,13.11329,0.00000,13.11329,   0.000,  0.000,  0.000,  0,  -162000.0,   0.53994, 0, 
pro_20220910, 2022-09-11T08:12:42,  56205775.161, 0.100,   0,  0,  0,  6,  22.8,13.113,     0.000,     0.000,13.14671,    13.79125,0.00000,13.11329,13.14999,  -0.036706, 0.53994,0.63345,0.62527,
unit_sel, 56205775.561, 0, 0,   0.0081779,  0.00000,0.00000,0.00000,0.00000,0.00000,  0.00000,0.00000,   13.14671,0.03342,0.03342,  1, 0.00000,0.00000, 1, 0.00000,  1, 13.51663,13.11329, 1, 13.11329,  22.81,22.81, 0, 22.81, 1, 0,   0.000,   0.000, 1,   0.200,  0.394, -0.246, 10.000,  0.005,
unit_sim,  56205775.561, 0, 22.81250,22.81250, 13.79125,13.11329,0.00000,13.11329,   0.000,  0.000,  0.000,  0,  -162000.0,   0.53994, 0, 
pro_20220910, 2022-09-11T08:12:42,  56205775.561, 0.100,   0,  0,  0,  6,  22.8,13.113,     0.000,     0.000,13.14671,    13.79125,0.00000,13.11329,13.14999,  -0.036706, 0.53994,0.63345,0.62527,
unit_sel, 56205775.961, 0, 0,   0.0081776,  0.00000,0.00000,0.00000,0.00000,0.00000,  0.00000,0.00000,   13.14671,0.03342,0.03342,  1, 0.00000,0.00000, 1, 0.00000,  1, 13.51232,13.11329, 1, 13.11329,  22.81,22.81, 0, 22.81, 1, 0,   0.000,   0.000, 1,   0.200,  0.394, -0.246, 10.000,  0.005,
unit_sim,  56205775.961, 0, 22.81250,22.81250, 13.79125,13.11329,0.00000,13.11329,   0.000,  0.000,  0.000,  0,  -162000.0,   0.53994, 0, 
pro_20220910, 2022-09-11T08:12:42,  56205775.961, 0.100,   0,  0,  0,  6,  22.8,13.113,     0.000,     0.000,13.14671,    13.79125,0.00000,13.11329,13.14999,  -0.036706, 0.53994,0.63345,0.62527,
unit_sel, 56205776.361, 0, 0,   0.0081772,  0.00000,0.00000,0.00000,0.00000,0.00000,  0.00000,0.00000,   13.14671,0.03342,0.03342,  1, 0.00000,0.00000, 1, 0.00000,  1, 13.51232,13.11329, 1, 13.11329,  22.81,22.81, 0, 22.81, 1, 0,   0.000,   0.000, 1,   0.200,  0.394, -0.246, 10.000,  0.005,
unit_sim,  56205776.361, 0, 22.81250,22.81250, 13.79125,13.11329,0.00000,13.11329,   0.000,  0.000,  0.000,  0,  -162000.0,   0.53994, 0, 
pro_20220910, 2022-09-11T08:12:44,  56205776.361, 0.100,   0,  0,  0,  6,  22.8,13.113,     0.000,     0.000,13.14671,    13.79125,0.00000,13.11329,13.14999,  -0.036706, 0.53994,0.63345,0.62527,
unit_sel, 56205776.761, 0, 0,   0.0081769,  0.00000,0.00000,0.00000,0.00000,0.00000,  0.00000,0.00000,   13.14671,0.03342,0.03342,  1, 0.00000,0.00000, 1, 0.00000,  1, 13.51232,13.11329, 1, 13.11329,  22.81,22.81, 0, 22.81, 1, 0,   0.000,   0.000, 1,   0.200,  0.394, -0.246, 10.000,  0.005,
unit_sim,  56205776.761, 0, 22.81250,22.81250, 13.79125,13.11329,0.00000,13.11329,   0.000,  0.000,  0.000,  0,  -162000.0,   0.53994, 0, 
pro_20220910, 2022-09-11T08:12:44,  56205776.761, 0.100,   0,  0,  0,  6,  22.8,13.113,     0.000,     0.000,13.14671,    13.79125,0.00000,13.11329,13.14999,  -0.036706, 0.53994,0.63345,0.62527,
unit_sel, 56205777.161, 0, 0,   0.0081766,  0.00000,0.00000,0.00000,0.00000,0.00000,  0.00000,0.00000,   13.14671,0.03342,0.03342,  1, 0.00000,0.00000, 1, 0.00000,  1, 13.53385,13.11329, 1, 13.11329,  22.81,22.81, 0, 22.81, 1, 0,   0.000,   0.000, 1,   0.200,  0.394, -0.246, 10.000,  0.005,
unit_sim,  56205777.161, 0, 22.81250,22.81250, 13.79125,13.11329,0.00000,13.11329,   0.000,  0.000,  0.000,  0,  -162000.0,   0.53994, 0, 
pro_20220910, 2022-09-11T08:12:44,  56205777.161, 0.100,   0,  0,  0,  6,  22.8,13.113,     0.000,     0.000,13.14671,    13.79125,0.00000,13.11329,13.14999,  -0.036706, 0.53994,0.63345,0.62527,
unit_sel, 56205777.561, 0, 0,   0.0081763,  0.00000,0.00000,0.00000,0.00000,0.00000,  0.00000,0.00000,   13.14671,0.03342,0.03342,  1, 0.00000,0.00000, 1, 0.00000,  1, 13.52954,13.11329, 1, 13.11329,  22.81,22.81, 0, 22.81, 1, 0,   0.000,   0.000, 1,   0.200,  0.394, -0.246, 10.000,  0.005,
unit_sim,  56205777.561, 0, 22.81250,22.81250, 13.79125,13.11329,0.00000,13.11329,   0.000,  0.000,  0.000,  0,  -162000.0,   0.53994, 0, 
pro_20220910, 2022-09-11T08:12:44,  56205777.561, 0.100,   0,  0,  0,  6,  22.8,13.113,     0.000,     0.000,13.14671,    13.79125,0.00000,13.11329,13.14999,  -0.036705, 0.53994,0.63345,0.62527,
unit_sel, 56205777.961, 0, 0,   0.0081760,  0.00000,0.00000,0.00000,0.00000,0.00000,  0.00000,0.00000,   13.14671,0.03342,0.03342,  1, 0.00000,0.00000, 1, 0.00000,  1, 13.51663,13.11329, 1, 13.11329,  22.81,22.81, 0, 22.81, 1, 0,   0.000,   0.000, 1,   0.200,  0.394, -0.246, 10.000,  0.005,
unit_sim,  56205777.961, 0, 22.81250,22.81250, 13.79125,13.11329,0.00000,13.11329,   0.000,  0.000,  0.000,  0,  -162000.0,   0.53994, 0, 
pro_20220910, 2022-09-11T08:12:44,  56205777.961, 0.100,   0,  0,  0,  6,  22.8,13.113,     0.000,     0.000,13.14671,    13.79125,0.00000,13.11329,13.14999,  -0.036705, 0.53994,0.63345,0.62527,
unit_sel, 56205778.361, 0, 0,   0.0081757,  0.00000,0.00000,0.00000,0.00000,0.00000,  0.00000,0.00000,   13.14671,0.03342,0.03342,  1, 0.00000,0.00000, 1, 0.00000,  1, 13.51232,13.11329, 1, 13.11329,  22.81,22.81, 0, 22.81, 1, 0,   0.000,   0.000, 1,   0.200,  0.394, -0.246, 10.000,  0.005,
unit_sim,  56205778.361, 0, 22.81250,22.81250, 13.79125,13.11329,0.00000,13.11329,   0.000,  0.000,  0.000,  0,  -162000.0,   0.53994, 0, 
pro_20220910, 2022-09-11T08:12:46,  56205778.361, 0.100,   0,  0,  0,  6,  22.8,13.113,     0.000,     0.000,13.14671,    13.79125,0.00000,13.11329,13.14999,  -0.036705, 0.53994,0.63345,0.62527,
unit_sel, 56205778.761, 0, 0,   0.0081754,  0.00000,0.00000,0.00000,0.00000,0.00000,  0.00000,0.00000,   13.14671,0.03342,0.03342,  1, 0.00000,0.00000, 1, 0.00000,  1, 13.50801,13.11329, 1, 13.11329,  22.81,22.81, 0, 22.81, 1, 0,   0.000,   0.000, 1,   0.200,  0.394, -0.246, 10.000,  0.005,
unit_sim,  56205778.761, 0, 22.81250,22.81250, 13.79125,13.11329,0.00000,13.11329,   0.000,  0.000,  0.000,  0,  -162000.0,   0.53994, 0, 
pro_20220910, 2022-09-11T08:12:46,  56205778.761, 0.100,   0,  0,  0,  6,  22.8,13.113,     0.000,     0.000,13.14671,    13.79125,0.00000,13.11329,13.14999,  -0.036705, 0.53994,0.63344,0.62527,
unit_sel, 56205779.161, 0, 0,   0.0081750,  0.00000,0.00000,0.00000,0.00000,0.00000,  0.00000,0.00000,   13.14671,0.03342,0.03342,  1, 0.00000,0.00000, 1, 0.00000,  1, 13.51232,13.11329, 1, 13.11329,  22.81,22.81, 0, 22.81, 1, 0,   0.000,   0.000, 1,   0.200,  0.394, -0.246, 10.000,  0.005,
unit_sim,  56205779.161, 0, 22.81250,22.81250, 13.79125,13.11329,0.00000,13.11329,   0.000,  0.000,  0.000,  0,  -162000.0,   0.53994, 0, 
pro_20220910, 2022-09-11T08:12:46,  56205779.161, 0.100,   0,  0,  0,  6,  22.8,13.113,     0.000,     0.000,13.14671,    13.79125,0.00000,13.11329,13.14999,  -0.036705, 0.53994,0.63344,0.62527,
E: DS18, t=    22.9, ct=3, using lgv=    22.8
Sel chg:  Amp->bare=0, NoAmp->bare=0, ib_diff_fa=0, wh_fa=0, wl_fa=0, wv_fa=0, cc_diff_fa_=9,
 rp.ib_select=0, ib_sel_stat=1, vb_sel_stat=1, tb_sel_stat=0, vb_fail=0, Tb_fail=1,
ibss=1, ibssl=1, vbss=1, vbssl=1, tbss=0, tbssl=1
unit_sel, 56205779.606, 0, 0,   0.0081964,  0.00000,0.00000,0.00000,0.00000,0.00000,  0.00000,0.00000,   13.09579,0.04266,0.03205,  1, 0.00000,0.00000, 1, 0.00000,  1, 13.50801,13.05313, 1, 13.05313,  22.81,15.00, 0, 15.00, 1, 1,   0.000,   0.000, 0,   0.200,  0.394, -0.246, 10.000,  0.005,
unit_sim,  56205779.606, 0, 15.00000,22.80494, 13.76000,13.05313,0.00000,13.05313,   0.000,  0.000,  0.000,  0,  -161973.4,   0.53998, 0, 
pro_20220910, 2022-09-11T08:12:46,  56205779.606, 0.100,   0,  0,  0,  6,  15.0,13.053,     0.000,     0.000,13.09579,    13.76000,0.00000,13.05313,13.09991,  -0.046776, 0.53998,0.63352,0.62532,
unit_sel, 56205780.006, 0, 0,   0.0082209,  0.00000,0.00000,0.00000,0.00000,0.00000,  0.00000,0.00000,   13.09581,0.04267,0.03398,  1, 0.00000,0.00000, 1, 0.00000,  1, 13.51232,13.05315, 1, 13.05315,  22.81,15.00, 0, 15.00, 1, 1,   0.000,   0.000, 0,   0.200,  0.394, -0.246, 10.000,  0.005,
unit_sim,  56205780.006, 0, 15.00000,22.79814, 13.76000,13.05315,0.00000,13.05315,   0.000,  0.000,  0.000,  0,  -161949.4,   0.54001, 0, 
pro_20220910, 2022-09-11T08:12:46,  56205780.006, 0.100,   0,  0,  0,  6,  15.0,13.053,     0.000,     0.000,13.09582,    13.76000,0.00000,13.05315,13.09994,  -0.046791, 0.54001,0.63359,0.62536,
unit_sel, 56205780.462, 0, 0,   0.0082455,  0.00000,0.00000,0.00000,0.00000,0.00000,  0.00000,0.00000,   13.09583,0.04267,0.03575,  1, 0.00000,0.00000, 1, 0.00000,  1, 13.51232,13.05317, 1, 13.05317,  22.81,15.00, 0, 15.00, 1, 1,   0.000,   0.000, 0,   0.200,  0.394, -0.246, 10.000,  0.005,
unit_sim,  56205780.462, 0, 15.00000,22.79041, 13.76000,13.05317,0.00000,13.05317,   0.000,  0.000,  0.000,  0,  -161922.2,   0.54005, 0, 
pro_20220910, 2022-09-11T08:12:48,  56205780.462, 0.155,   0,  0,  0,  6,  15.0,13.053,     0.000,     0.000,13.09584,    13.76000,0.00000,13.05317,13.09998,  -0.046811, 0.54005,0.63366,0.62541,
unit_sel, 56205780.861, 0, 0,   0.0082735,  0.00000,0.00000,0.00000,0.00000,0.00000,  0.00000,0.00000,   13.09585,0.04267,0.03700,  1, 0.00000,0.00000, 1, 0.00000,  1, 13.51232,13.05319, 1, 13.05319,  22.81,15.00, 0, 15.00, 1, 1,   0.000,   0.000, 0,   0.200,  0.394, -0.246, 10.000,  0.005,
unit_sim,  56205780.861, 0, 15.00000,22.78361, 13.76000,13.05319,0.00000,13.05319,   0.000,  0.000,  0.000,  0,  -161898.3,   0.54009, 0, 
pro_20220910, 2022-09-11T08:12:48,  56205780.861, 0.100,   0,  0,  0,  6,  15.0,13.053,     0.000,     0.000,13.09586,    13.76000,0.00000,13.05319,13.10001,  -0.046824, 0.54009,0.63373,0.62545,
unit_sel, 56205781.261, 0, 0,   0.0082980,  0.00000,0.00000,0.00000,0.00000,0.00000,  0.00000,0.00000,   13.09588,0.04268,0.03803,  1, 0.00000,0.00000, 1, 0.00000,  1, 13.53385,13.05321, 1, 13.05321,  22.81,15.00, 0, 15.00, 1, 1,   0.000,   0.000, 0,   0.200,  0.394, -0.246, 10.000,  0.005,
unit_sim,  56205781.261, 0, 15.00000,22.77681, 13.76000,13.05321,0.00000,13.05321,   0.000,  0.000,  0.000,  0,  -161874.3,   0.54013, 0, 
pro_20220910, 2022-09-11T08:12:48,  56205781.261, 0.100,   0,  0,  0,  6,  15.0,13.053,     0.000,     0.000,13.09588,    13.76000,0.00000,13.05321,13.10004,  -0.046839, 0.54013,0.63379,0.62549,
unit_sel, 56205781.662, 0, 0,   0.0083226,  0.00000,0.00000,0.00000,0.00000,0.00000,  0.00000,0.00000,   13.09590,0.04268,0.03887,  1, 0.00000,0.00000, 1, 0.00000,  1, 13.51663,13.05322, 1, 13.05322,  22.81,15.00, 0, 15.00, 1, 1,   0.000,   0.000, 0,   0.200,  0.394, -0.246, 10.000,  0.005,
unit_sim,  56205781.662, 0, 15.00000,22.77001, 13.76000,13.05322,0.00000,13.05322,   0.000,  0.000,  0.000,  0,  -161850.4,   0.54016, 0, 
pro_20220910, 2022-09-11T08:12:48,  56205781.662, 0.100,   0,  0,  0,  6,  15.0,13.053,     0.000,     0.000,13.09590,    13.76000,0.00000,13.05322,13.10008,  -0.046854, 0.54016,0.63386,0.62553,
unit_sel, 56205782.061, 0, 0,   0.0083471,  0.00000,0.00000,0.00000,0.00000,0.00000,  0.00000,0.00000,   13.09592,0.04268,0.03956,  1, 0.00000,0.00000, 1, 0.00000,  1, 13.50801,13.05324, 1, 13.05324,  22.81,15.00, 0, 15.00, 1, 1,   0.000,   0.000, 0,   0.200,  0.394, -0.246, 10.000,  0.005,
unit_sim,  56205782.061, 0, 15.00000,22.76322, 13.76000,13.05324,0.00000,13.05324,   0.000,  0.000,  0.000,  0,  -161826.4,   0.54020, 0, 
pro_20220910, 2022-09-11T08:12:48,  56205782.061, 0.100,   0,  0,  0,  6,  15.0,13.053,     0.000,     0.000,13.09592,    13.76000,0.00000,13.05324,13.10011,  -0.046869, 0.54020,0.63393,0.62557,
unit_sel, 56205782.461, 0, 0,   0.0083716,  0.00000,0.00000,0.00000,0.00000,0.00000,  0.00000,0.00000,   13.09594,0.04268,0.04013,  1, 0.00000,0.00000, 1, 0.00000,  1, 13.50801,13.05326, 1, 13.05326,  22.81,15.00, 0, 15.00, 1, 1,   0.000,   0.000, 0,   0.200,  0.394, -0.246, 10.000,  0.005,
unit_sim,  56205782.461, 0, 15.00000,22.75642, 13.76000,13.05326,0.00000,13.05326,   0.000,  0.000,  0.000,  0,  -161802.5,   0.54023, 0, 
pro_20220910, 2022-09-11T08:12:50,  56205782.461, 0.100,   0,  0,  0,  6,  15.0,13.053,     0.000,     0.000,13.09594,    13.76000,0.00000,13.05326,13.10014,  -0.046885, 0.54023,0.63399,0.62562,
unit_sel, 56205782.862, 0, 0,   0.0083961,  0.00000,0.00000,0.00000,0.00000,0.00000,  0.00000,0.00000,   13.09596,0.04269,0.04059,  1, 0.00000,0.00000, 1, 0.00000,  1, 13.51663,13.05328, 1, 13.05328,  22.81,15.00, 0, 15.00, 1, 1,   0.000,   0.000, 0,   0.200,  0.394, -0.246, 10.000,  0.005,
unit_sim,  56205782.862, 0, 15.00000,22.74962, 13.76000,13.05328,0.00000,13.05328,   0.000,  0.000,  0.000,  0,  -161778.6,   0.54027, 0, 
pro_20220910, 2022-09-11T08:12:50,  56205782.862, 0.100,   0,  0,  0,  6,  15.0,13.053,     0.000,     0.000,13.09597,    13.76000,0.00000,13.05328,13.10018,  -0.046900, 0.54027,0.63406,0.62566,
unit_sel, 56205783.261, 0, 0,   0.0084206,  0.00000,0.00000,0.00000,0.00000,0.00000,  0.00000,0.00000,   13.09598,0.04269,0.04097,  1, 0.00000,0.00000, 1, 0.00000,  1, 13.51232,13.05330, 1, 13.05330,  22.81,15.00, 0, 15.00, 1, 1,   0.000,   0.000, 0,   0.200,  0.394, -0.246, 10.000,  0.005,
unit_sim,  56205783.261, 0, 15.00000,22.74282, 13.76000,13.05330,0.00000,13.05330,   0.000,  0.000,  0.000,  0,  -161754.7,   0.54031, 0, 
pro_20220910, 2022-09-11T08:12:50,  56205783.261, 0.100,   0,  0,  0,  6,  15.0,13.053,     0.000,     0.000,13.09599,    13.76000,0.00000,13.05330,13.10021,  -0.046915, 0.54031,0.63413,0.62570,
unit_sel, 56205783.661, 0, 0,   0.0084450,  0.00000,0.00000,0.00000,0.00000,0.00000,  0.00000,0.00000,   13.09600,0.04269,0.04128,  1, 0.00000,0.00000, 1, 0.00000,  1, 13.51232,13.05331, 1, 13.05331,  22.81,15.00, 0, 15.00, 1, 1,   0.000,   0.000, 0,   0.200,  0.394, -0.246, 10.000,  0.005,
unit_sim,  56205783.661, 0, 15.00000,22.73602, 13.76000,13.05331,0.00000,13.05331,   0.000,  0.000,  0.000,  0,  -161730.7,   0.54034, 0, 
pro_20220910, 2022-09-11T08:12:50,  56205783.661, 0.100,   0,  0,  0,  6,  15.0,13.053,     0.000,     0.000,13.09601,    13.76000,0.00000,13.05331,13.10024,  -0.046930, 0.54034,0.63419,0.62574,
unit_sel, 56205784.062, 0, 0,   0.0084695,  0.00000,0.00000,0.00000,0.00000,0.00000,  0.00000,0.00000,   13.09602,0.04270,0.04154,  1, 0.00000,0.00000, 1, 0.00000,  1, 13.51663,13.05333, 1, 13.05333,  22.81,15.00, 0, 15.00, 1, 1,   0.000,   0.000, 0,   0.200,  0.394, -0.246, 10.000,  0.005,
unit_sim,  56205784.062, 0, 15.00000,22.72923, 13.76000,13.05333,0.00000,13.05333,   0.000,  0.000,  0.000,  0,  -161706.8,   0.54038, 0, 
pro_20220910, 2022-09-11T08:12:50,  56205784.062, 0.100,   0,  0,  0,  6,  15.0,13.053,     0.000,     0.000,13.09603,    13.76000,0.00000,13.05333,13.10028,  -0.046946, 0.54038,0.63426,0.62578,
unit_sel, 56205784.461, 0, 0,   0.0084940,  0.00000,0.00000,0.00000,0.00000,0.00000,  0.00000,0.00000,   13.09604,0.04270,0.04175,  1, 0.00000,0.00000, 1, 0.00000,  1, 13.51232,13.05335, 1, 13.05335,  22.81,15.00, 0, 15.00, 1, 1,   0.000,   0.000, 0,   0.200,  0.394, -0.246, 10.000,  0.005,
unit_sim,  56205784.461, 0, 15.00000,22.72243, 13.76000,13.05335,0.00000,13.05335,   0.000,  0.000,  0.000,  0,  -161682.9,   0.54041, 0, 
pro_20220910, 2022-09-11T08:12:52,  56205784.461, 0.100,   0,  0,  0,  6,  15.0,13.053,     0.000,     0.000,13.09605,    13.76000,0.00000,13.05335,13.10031,  -0.046960, 0.54041,0.63433,0.62583,
unit_sel, 56205784.861, 0, 0,   0.0085184,  0.00000,0.00000,0.00000,0.00000,0.00000,  0.00000,0.00000,   13.09606,0.04270,0.04192,  1, 0.00000,0.00000, 1, 0.00000,  1, 13.51663,13.05337, 1, 13.05337,  22.81,15.00, 0, 15.00, 1, 1,   0.000,   0.000, 0,   0.200,  0.394, -0.246, 10.000,  0.005,
unit_sim,  56205784.861, 0, 15.00000,22.71563, 13.76000,13.05337,0.00000,13.05337,   0.000,  0.000,  0.000,  0,  -161659.0,   0.54045, 0, 
pro_20220910, 2022-09-11T08:12:52,  56205784.861, 0.100,   0,  0,  0,  6,  15.0,13.053,     0.000,     0.000,13.09607,    13.76000,0.00000,13.05337,13.10034,  -0.046975, 0.54045,0.63439,0.62587,
E: DS18, t=    22.9, ct=3, using lgv=    22.8
unit_sel, 56205785.307, 0, 0,   0.0085429,  0.00000,0.00000,0.00000,0.00000,0.00000,  0.00000,0.00000,   13.09609,0.04270,0.04208,  1, 0.00000,0.00000, 1, 0.00000,  1, 13.51232,13.05338, 1, 13.05338,  22.81,15.00, 0, 15.00, 1, 1,   0.000,   0.000, 0,   0.200,  0.394, -0.246, 10.000,  0.005,
unit_sim,  56205785.307, 0, 15.00000,22.70807, 13.76000,13.05338,0.00000,13.05338,   0.000,  0.000,  0.000,  0,  -161632.4,   0.54049, 0, 
pro_20220910, 2022-09-11T08:12:52,  56205785.307, 0.145,   0,  0,  0,  6,  15.0,13.053,     0.000,     0.000,13.09609,    13.76000,0.00000,13.05338,13.10038,  -0.046995, 0.54049,0.63447,0.62591,
unit_sel, 56205785.706, 0, 0,   0.0085701,  0.00000,0.00000,0.00000,0.00000,0.00000,  0.00000,0.00000,   13.09611,0.04271,0.04219,  1, 0.00000,0.00000, 1, 0.00000,  1, 13.50801,13.05340, 1, 13.05340,  22.81,15.00, 0, 15.00, 1, 1,   0.000,   0.000, 0,   0.200,  0.394, -0.246, 10.000,  0.005,
unit_sim,  56205785.706, 0, 15.00000,22.70127, 13.76000,13.05340,0.00000,13.05340,   0.000,  0.000,  0.000,  0,  -161608.4,   0.54053, 0, 
pro_20220910, 2022-09-11T08:12:52,  56205785.706, 0.100,   0,  0,  0,  6,  15.0,13.053,     0.000,     0.000,13.09611,    13.76000,0.00000,13.05340,13.10041,  -0.047009, 0.54053,0.63453,0.62596,
unit_sel, 56205786.106, 0, 0,   0.0085945,  0.00000,0.00000,0.00000,0.00000,0.00000,  0.00000,0.00000,   13.09613,0.04271,0.04229,  1, 0.00000,0.00000, 1, 0.00000,  1, 13.51232,13.05342, 1, 13.05342,  22.81,15.00, 0, 15.00, 1, 1,   0.000,   0.000, 0,   0.200,  0.394, -0.246, 10.000,  0.005,
unit_sim,  56205786.106, 0, 15.00000,22.69447, 13.76000,13.05342,0.00000,13.05342,   0.000,  0.000,  0.000,  0,  -161584.5,   0.54056, 0, 
pro_20220910, 2022-09-11T08:12:52,  56205786.106, 0.100,   0,  0,  0,  6,  15.0,13.053,     0.000,     0.000,13.09614,    13.76000,0.00000,13.05342,13.10045,  -0.047024, 0.54056,0.63460,0.62600,
unit_sel, 56205786.561, 0, 0,   0.0086224,  0.00000,0.00000,0.00000,0.00000,0.00000,  0.00000,0.00000,   13.09615,0.04271,0.04237,  1, 0.00000,0.00000, 1, 0.00000,  1, 13.50801,13.05344, 1, 13.05344,  22.81,15.00, 0, 15.00, 1, 1,   0.000,   0.000, 0,   0.200,  0.394, -0.246, 10.000,  0.005,
unit_sim,  56205786.561, 0, 15.00000,22.68674, 13.76000,13.05344,0.00000,13.05344,   0.000,  0.000,  0.000,  0,  -161557.3,   0.54060, 0, 
pro_20220910, 2022-09-11T08:12:54,  56205786.561, 0.100,   0,  0,  0,  6,  15.0,13.053,     0.000,     0.000,13.09616,    13.76000,0.00000,13.05344,13.10048,  -0.047040, 0.54060,0.63467,0.62605,
unit_sel, 56205786.961, 0, 0,   0.0086468,  0.00000,0.00000,0.00000,0.00000,0.00000,  0.00000,0.00000,   13.09618,0.04272,0.04244,  1, 0.00000,0.00000, 1, 0.00000,  1, 13.51232,13.05346, 1, 13.05346,  22.81,15.00, 0, 15.00, 1, 1,   0.000,   0.000, 0,   0.200,  0.394, -0.246, 10.000,  0.005,
unit_sim,  56205786.961, 0, 15.00000,22.67994, 13.76000,13.05346,0.00000,13.05346,   0.000,  0.000,  0.000,  0,  -161533.4,   0.54064, 0, 
pro_20220910, 2022-09-11T08:12:54,  56205786.961, 0.100,   0,  0,  0,  6,  15.0,13.053,     0.000,     0.000,13.09618,    13.76000,0.00000,13.05346,13.10052,  -0.047055, 0.54064,0.63474,0.62609,
unit_sel, 56205787.361, 0, 0,   0.0086712,  0.00000,0.00000,0.00000,0.00000,0.00000,  0.00000,0.00000,   13.09620,0.04272,0.04249,  1, 0.00000,0.00000, 1, 0.00000,  1, 13.51232,13.05348, 1, 13.05348,  22.81,15.00, 0, 15.00, 1, 1,   0.000,   0.000, 0,   0.200,  0.394, -0.246, 10.000,  0.005,
unit_sim,  56205787.361, 0, 15.00000,22.67314, 13.76000,13.05348,0.00000,13.05348,   0.000,  0.000,  0.000,  0,  -161509.5,   0.54067, 0, 
pro_20220910, 2022-09-11T08:12:54,  56205787.361, 0.100,   0,  0,  0,  6,  15.0,13.053,     0.000,     0.000,13.09620,    13.76000,0.00000,13.05348,13.10055,  -0.047071, 0.54067,0.63481,0.62613,
unit_sel, 56205787.761, 0, 0,   0.0086955,  0.00000,0.00000,0.00000,0.00000,0.00000,  0.00000,0.00000,   13.09622,0.04272,0.04253,  1, 0.00000,0.00000, 1, 0.00000,  1, 13.51663,13.05350, 1, 13.05350,  22.81,15.00, 0, 15.00, 1, 1,   0.000,   0.000, 0,   0.200,  0.394, -0.246, 10.000,  0.005,
unit_sim,  56205787.761, 0, 15.00000,22.66635, 13.76000,13.05350,0.00000,13.05350,   0.000,  0.000,  0.000,  0,  -161485.6,   0.54071, 0, 
pro_20220910, 2022-09-11T08:12:54,  56205787.761, 0.100,   0,  0,  0,  6,  15.0,13.053,     0.000,     0.000,13.09622,    13.76000,0.00000,13.05350,13.10058,  -0.047087, 0.54071,0.63487,0.62617,
echo:  Xp0, 4
echo:  Xu0, 4
echo:  Xv1, 4
echo:  Ca.5, 4
echo:  v0, 4
echo:  Rf, 4
echo:  Pf, 4
echo:  Xp0, 0
echo:  Xm7, 0
modeling 6 to 7
Chg...reset
Modeling 7
tweak_test 0
mod_ib 1
mod_vb 1
mod_tb 1
soft reset...
E: DS18, t=     0.0, ct=1, using lgv=    22.8
unit,               hm,                  cTime,       dt,       chm,sat,sel,mod,  Tb,  Vb,  Ib,   ioc,  voc_soc,    Vsat,dV_dyn,Voc_stat,Voc_ekf,     y_ekf,    soc_s,soc_ekf,soc,
unit_m,  c_time,       chm_s,  Tb_s,Tbl_s,  vsat_s, voc_stat_s, dv_dyn_s, vb_s, ib_s, ib_in_s, ioc_s, sat_s, dq_s, soc_s, reset_s,
unit_s,c_time,res,user_sel,   cc_dif,  ibmh,ibnh,ibmm,ibnm,ibm,   ib_diff, ib_diff_f,    voc_soc,e_w,e_w_f,  ib_sel,Ib_h,Ib_s,mib,Ib, vb_sel,Vb_h,Vb_s,mvb,Vb,  Tb_h,Tb_s,mtb,Tb_f,   fltw, falw, ib_rate, ib_quiet, tb_sel, ccd_thr, ewh_thr, ewl_thr, ibd_thr, ibq_thr,
echo:  Xf0., 0
Injected freq set   0.000 Hz =   0.000 r/s
echo:  Xa0.Xb0.XS, 0
Inj amp set   0.000 & inj_bias set   0.000
echo:  Mk1, 0
amp tweak_sclr   1.000 to   1.000
echo:  Nk1, 0
Noa tweak_sclr   1.000 to   1.000
echo:  Dn0.998500Di0, 0
ShuntNoAmp.add   0.000 to   0.998
echo:  Dm0, 0
ShuntAmp.add    0.000 to   0.000
echo:  Dn0, 0
ShuntNoAmp.add   0.998 to   0.000
echo:  Dv0, 0
Sen->vb_add   0.000 to   0.000
echo:  DT0, 0
Sen.Tb_noise_amp_   0.000 to   0.000
echo:  DV0.0, 0
Sen.Vb_noise_amp_   0.000 to   0.000
echo:  DI0, 0
I ? 'h'
echo:  Xu0, 0
Fail tb 1 to 0
echo:  Xv1., 0
Stale tb time sclr    0.0020 to    1.0000
echo:  Dr100, 0
ReadSensors 100 to 100
echo:  DP4, 0
Print interval 4 to 4
echo:  Xu0, 0
Fail tb 0 to 0
unit_sel, 56205788.063, 0, 0,   0.0391134,  0.00000,0.00000,0.00000,0.00000,0.00000,  0.00000,0.00000,   13.09624,0.06229,0.04368,  1, 0.00000,0.00000, 1, 0.00000,  1, 13.51663,13.03395, 1, 13.03395,  22.81,15.00, 1, 15.00, 1, 1,   0.000,   0.000, 0,   0.200,  0.394, -0.246, 10.000,  0.005,
unit_sim,  56205788.063, 0, 15.00000,15.00000, 13.76000,13.03395,0.00000,13.03395,   0.000,  0.000,  0.000,  0,  -161479.6,   0.50161, 0, 
pro_20220910, 2022-09-11T08:12:54,  56205788.063, 0.100,   0,  0,  0,  7,  15.0,13.034,     0.000,     0.000,13.03395,    13.76000,0.00000,13.03395,13.05351,  -0.019558, 0.50161,0.54072,0.50161,
echo:  Xv1, 0
Stale tb time sclr    1.0000 to    1.0000
echo:  Ca.5, 0
soc=  0.500, modeling = 7, delta_q=-162000.000, soc_model=  0.5000,   delta_q_model=-162000.000, soc_ekf=  0.5407, delta_q_ekf=-148805.997,
soft reset...
Sel chg:  Amp->bare=0, NoAmp->bare=0, ib_diff_fa=0, wh_fa=0, wl_fa=0, wv_fa=0, cc_diff_fa_=9,
 rp.ib_select=0, ib_sel_stat=1, vb_sel_stat=1, tb_sel_stat=1, vb_fail=0, Tb_fail=0,
ibss=1, ibssl=1, vbss=1, vbssl=1, tbss=1, tbssl=0
unit,               hm,                  cTime,       dt,       chm,sat,sel,mod,  Tb,  Vb,  Ib,   ioc,  voc_soc,    Vsat,dV_dyn,Voc_stat,Voc_ekf,     y_ekf,    soc_s,soc_ekf,soc,
unit_m,  c_time,       chm_s,  Tb_s,Tbl_s,  vsat_s, voc_stat_s, dv_dyn_s, vb_s, ib_s, ib_in_s, ioc_s, sat_s, dq_s, soc_s, reset_s,
unit_s,c_time,res,user_sel,   cc_dif,  ibmh,ibnh,ibmm,ibnm,ibm,   ib_diff, ib_diff_f,    voc_soc,e_w,e_w_f,  ib_sel,Ib_h,Ib_s,mib,Ib, vb_sel,Vb_h,Vb_s,mvb,Vb,  Tb_h,Tb_s,mtb,Tb_f,   fltw, falw, ib_rate, ib_quiet, tb_sel, ccd_thr, ewh_thr, ewl_thr, ibd_thr, ibq_thr,
echo:  W3, 0
echo:  W, 0
..Wait.
unit_sel, 56205788.365, 0, 0,  -0.0751853,  0.00000,0.00000,0.00000,0.00000,0.00000,  0.00000,0.00000,   13.13500,-0.01500,0.00402,  1, 0.00000,0.00000, 1, 0.00000,  1, 13.50801,13.15000, 1, 13.15000,   0.06,25.00, 1, 25.00, 0, 0,   0.000,   0.000, 1,   0.200,  1.574, -0.984, 10.000,  0.005,
unit_sim,  56205788.365, 0, 25.00000,25.00000, 13.80000,13.15000,0.00000,13.15000,   0.000,  0.000,  0.000,  0,  -162000.0,   0.55000, 0, 
pro_20220910, 2022-09-11T08:12:56,  56205788.365, 0.100,   0,  0,  0,  7,  25.0,13.150,     0.000,     0.000,13.08817,    13.80000,0.00000,13.15000,13.03315,   0.116854, 0.55000,0.24815,0.32333,
echo:  W, 0
..Wait.
echo:  W, 0
..Wait.
echo:  v0, 0
echo:  Rf, 0
Reset latches
reset ib flt
reset vb flts
reset tb flts
echo:  Pf, 0

Sen::Fault:
 cc_diff = -0.075; thr=  0.200 Fc^
 ib_diff =  0.000; thr= 10.000 Fd^
 e_wrap  = -0.062; thr= -0.984 Fo^;   1.574 Fi^
 ib_quiet=  0.000; thr=  0.005 Fq v
 voc_soc= 13.088;
 soc=  0.323;
 voc= 13.150;
 dis_ib_fa=0;
 dis_tb_fa=0;
 dis_vb_fa=0;
 imh=  0.000;
 inh=  0.000;
 imm=  0.000;
 inm=  0.000;
 ibd_f=  0.000;
 mod_tb=1, mod_vb=1, mod_ib=1
 tb_s_st=1, vb_s_st=1, ib_s_st=1
 nbar=0;
 mbar=0;
 ib_dsc_ft=0;'Fq v'
 ibd_lo_ft=0;'Fd ^, *SA/*SB'
 ibd_hi_ft=0;'Fd ^, *SA/*SB'
 red_loss=0;
 wl_ft=0;    'Fo ^'
 wh_ft=0;    'Fi ^'
    4
 ibn_ft=0;   'Fi 1'
 ibm_ft=0;   'Fi 1'
 vb_ft=0;    'Fv 1'
 tb_ft=0;    'Ft 1'
  0000000000000;
  CBA98765x3210
 fltw=0;
 ib_dsc_fa=0;'Fq v'
 ibd_lo_fa=0;'Fd ^, *SA/*SB'
 ibd_hi_fa=0;'Fd ^, *SA/*SB'
 wv_fa=0;    'Fd, Fi/Fo ^'
 wl_fa=0;    'Fo ^'
 wh_fa=0;    'Fi ^'
 cc_dif_fa=0;'Fc ^'
 ibn_fa=0;   'Fi 1'
 ibm_fa=0;   'Fi 1'
 vb_fa=0;    'Fv 1'
 tb_fa=0;    'Ft 1'
  00000000000;
  A9876543210
 falw=0;
