echo:  Pf, 4
echo:  Pf, 0

Sen::Fault:
 cc_diff    0.023  thr=  0.200 Fc^
 ib_diff   -0.273  thr= 10.000 Fd^
 e_wrap    -0.001  thr= -0.246 Fo^  0.394 Fi^
 ib_quiet   0.146  thr=  0.005 Fq v

 soc    0.967  voc  13.267  voc_soc  13.266
 dis_tb_fa 0  dis_vb_fa 0  dis_ib_fa 0
 bms_off   0

 Tbh= 24.245  Tbm= 24.245
 Vbh  14.175  Vbm  13.302
 imh   3.544  imm   3.544
 inh   3.564  inm   3.544

 mod_tb  0  mod_vb  0  mod_ib  0
 tb_s_st 1  vb_s_st 1  ib_s_st 1

 bare n  0  x 
 bare m  0  x 
 ib_dsc  0  0 'Fq v'
 ibd_lo  0  0 'Fd ^  *SA/*SB'
 ibd_hi  0  0 'Fd ^  *SA/*SB'
 loss wv 1  1   'Fd, Fi/Fo ^'
 wl      0  0 'Fo ^'
 wh      0  0 'Fi ^'
 cc_dif  x  0 'Fc ^'
 ib n    0  0 'Fi 1'
 ib m    0  0 'Fi 1'
 vb      0  0 'Fv 1  *SV, *Dc/*Dv'
 tb      0  0 'Ft 1'
  0000010000000   00010000000
  CBA98765x3210 xxA9876543210
  fltw=128     falw=128
echo:  v2, 4
echo:  v2, 0
unit,               hm,                  cTime,       dt,       chm,sat,sel,mod,  Tb,  Vb,  Ib,   ioc,  voc_soc,    Vsat,dV_dyn,Voc_stat,Voc_ekf,     y_ekf,    soc_s,soc_ekf,soc,
unit_m,  c_time,       chm_s,  Tb_s,Tbl_s,  vsat_s, voc_stat_s, dv_dyn_s, vb_s, ib_s, ib_in_s, ioc_s, sat_s, dq_s, soc_s, reset_s,
unit_s,c_time,res,user_sel,   cc_dif,  ibmh,ibnh,ibmm,ibnm,ibm,   ib_diff, ib_diff_f,    voc_soc,e_w,e_w_f,  ib_sel,Ib_h,Ib_s,mib,Ib, vb_sel,Vb_h,Vb_s,mvb,Vb,  Tb_h,Tb_s,mtb,Tb_f,   fltw, falw, ib_rate, ib_quiet, tb_sel, ccd_thr, ewh_thr, ewl_thr, ibd_thr, ibq_thr,
unit_sel, 57262430.764, 0, 1,   0.0229798,  3.41009,3.74168,3.41009,3.41009,3.41009,  -0.33159,-0.30553,   13.26601,-0.00106,-0.00125,  1, 3.41009,3.41009, 0, 3.41009,  1, 14.20549,13.30204, 0, 13.30204,  24.24,24.24, 0, 24.24, 128, 128,   0.133,  -0.057, 1,   0.200,  0.394, -0.246, 10.000,  0.005,
unit_sim,  57262430.764, 0, 24.24500,24.24500, 13.79698,13.26601,0.03478,13.30204,   3.410,  3.410,  0.275,  0,   -12693.4,   0.96723, 0, 
soc0_20220917d, 2022-09-23T13:42:50,  57262430.764, 0.100,   0,  0,  1,  0,  24.2,13.302,     3.410,     0.275,13.26601,    13.79698,0.03483,13.26596,13.28862,  -0.022651, 0.96723,0.99021,0.96723,
unit_sel, 57262431.164, 0, 1,   0.0229765,  3.34316,3.74168,3.34316,3.34316,3.34316,  -0.39852,-0.31606,   13.26601,-0.00126,-0.00125,  1, 3.34316,3.34316, 0, 3.34316,  1, 14.20119,13.30187, 0, 13.30187,  24.24,24.24, 0, 24.24, 128, 128,  -0.152,  -0.069, 1,   0.200,  0.394, -0.246, 10.000,  0.005,
unit_sim,  57262431.164, 0, 24.24500,24.24500, 13.79698,13.26601,0.03461,13.30187,   3.343,  3.343,  0.275,  0,   -12692.1,   0.96723, 0, 
soc0_20220917d, 2022-09-23T13:42:50,  57262431.164, 0.100,   0,  0,  1,  0,  24.2,13.302,     3.343,     0.275,13.26601,    13.79698,0.03461,13.26602,13.28863,  -0.022609, 0.96723,0.99021,0.96723,
unit_sel, 57262431.564, 0, 1,   0.0229731,  3.34316,3.74168,3.34316,3.34316,3.34316,  -0.39852,-0.31902,   13.26601,-0.00124,-0.00125,  1, 3.34316,3.34316, 0, 3.34316,  1, 14.20549,13.30188, 0, 13.30188,  24.24,24.24, 0, 24.24, 128, 128,  -0.016,  -0.085, 1,   0.200,  0.394, -0.246, 10.000,  0.005,
unit_sim,  57262431.564, 0, 24.24500,24.24500, 13.79698,13.26601,0.03462,13.30188,   3.343,  3.343,  0.275,  0,   -12690.8,   0.96723, 0, 
soc0_20220917d, 2022-09-23T13:42:50,  57262431.564, 0.100,   0,  0,  1,  0,  24.2,13.302,     3.343,     0.275,13.26602,    13.79698,0.03463,13.26601,13.28864,  -0.022630, 0.96723,0.99021,0.96723,
unit_sel, 57262431.964, 0, 1,   0.0229698,  3.34316,3.74168,3.27624,3.27624,3.27624,  -0.39852,-0.31880,   13.26602,-0.00127,-0.00126,  1, 3.34316,3.27624, 0, 3.34316,  1, 14.20119,13.30163, 0, 13.30163,  24.24,24.24, 0, 24.24, 128, 128,  -0.047,  -0.109, 1,   0.200,  0.394, -0.246, 10.000,  0.005,
unit_sim,  57262431.964, 0, 24.24500,24.24500, 13.79698,13.26602,0.03437,13.30163,   3.276,  3.343,  0.275,  0,   -12689.4,   0.96724, 0, 
soc0_20220917d, 2022-09-23T13:42:50,  57262431.964, 0.100,   0,  0,  1,  0,  24.2,13.302,     3.343,     0.275,13.26602,    13.79698,0.03456,13.26582,13.28864,  -0.022822, 0.96724,0.99021,0.96724,
unit_sel, 57262432.364, 0, 1,   0.0229664,  3.34316,3.56388,3.34316,3.34316,3.34316,  -0.22072,-0.32266,   13.26602,-0.00120,-0.00125,  1, 3.34316,3.34316, 0, 3.34316,  1, 14.20980,13.30191, 0, 13.30191,  24.24,24.24, 0, 24.24, 128, 128,  -0.054,  -0.108, 1,   0.200,  0.394, -0.246, 10.000,  0.005,
unit_sim,  57262432.364, 0, 24.24500,24.24500, 13.79698,13.26602,0.03464,13.30191,   3.343,  3.343,  0.275,  0,   -12688.1,   0.96724, 0, 
soc0_20220917d, 2022-09-23T13:42:50,  57262432.364, 0.100,   0,  0,  1,  0,  24.2,13.302,     3.343,     0.275,13.26602,    13.79698,0.03467,13.26599,13.28865,  -0.022659, 0.96724,0.99021,0.96724,
unit_sel, 57262432.764, 0, 1,   0.0229631,  3.34316,3.74168,3.27624,3.27624,3.27624,  -0.39852,-0.33104,   13.26602,-0.00141,-0.00126,  1, 3.34316,3.27624, 0, 3.34316,  1, 14.20980,13.30175, 0, 13.30175,  24.24,24.24, 0, 24.24, 128, 128,   0.055,  -0.093, 1,   0.200,  0.394, -0.246, 10.000,  0.005,
unit_sim,  57262432.764, 0, 24.24500,24.24500, 13.79698,13.26602,0.03448,13.30175,   3.276,  3.343,  0.276,  0,   -12686.8,   0.96724, 0, 
soc0_20220917d, 2022-09-23T13:42:52,  57262432.764, 0.100,   0,  0,  1,  0,  24.2,13.302,     3.343,     0.276,13.26602,    13.79698,0.03465,13.26585,13.28865,  -0.022801, 0.96724,0.99021,0.96724,
unit_sel, 57262433.165, 0, 1,   0.0229597,  3.27624,3.56388,3.27624,3.27624,3.27624,  -0.28764,-0.33447,   13.26602,-0.00126,-0.00126,  1, 3.27624,3.27624, 0, 3.27624,  1, 14.19688,13.30172, 0, 13.30172,  24.24,24.24, 0, 24.24, 128, 128,  -0.130,  -0.081, 1,   0.200,  0.394, -0.246, 10.000,  0.005,
unit_sim,  57262433.165, 0, 24.24500,24.24500, 13.79698,13.26602,0.03445,13.30172,   3.276,  3.276,  0.276,  0,   -12685.5,   0.96725, 0, 
soc0_20220917d, 2022-09-23T13:42:52,  57262433.165, 0.100,   0,  0,  1,  0,  24.2,13.302,     3.276,     0.276,13.26602,    13.79698,0.03445,13.26602,13.28864,  -0.022623, 0.96725,0.99021,0.96725,
unit_sel, 57262433.564, 0, 1,   0.0229563,  3.34316,3.74168,3.27624,3.27624,3.27624,  -0.39852,-0.33776,   13.26602,-0.00122,-0.00126,  1, 3.34316,3.27624, 0, 3.34316,  1, 14.22272,13.30170, 0, 13.30170,  24.24,24.24, 0, 24.24, 128, 128,   0.227,  -0.084, 1,   0.200,  0.394, -0.246, 10.000,  0.005,
unit_sim,  57262433.564, 0, 24.24500,24.24500, 13.79698,13.26602,0.03443,13.30170,   3.276,  3.343,  0.276,  0,   -12684.2,   0.96725, 0, 
soc0_20220917d, 2022-09-23T13:42:52,  57262433.564, 0.100,   0,  0,  1,  0,  24.2,13.302,     3.343,     0.276,13.26602,    13.79698,0.03465,13.26580,13.28864,  -0.022846, 0.96725,0.99021,0.96725,
unit_sel, 57262433.964, 0, 1,   0.0229529,  3.27624,3.56388,3.27624,3.27624,3.27624,  -0.28764,-0.33518,   13.26602,-0.00111,-0.00126,  1, 3.27624,3.27624, 0, 3.27624,  1, 14.20119,13.30172, 0, 13.30172,  24.24,24.24, 0, 24.24, 128, 128,  -0.115,  -0.083, 1,   0.200,  0.394, -0.246, 10.000,  0.005,
unit_sim,  57262433.964, 0, 24.24500,24.24500, 13.79698,13.26602,0.03444,13.30172,   3.276,  3.276,  0.276,  0,   -12682.9,   0.96725, 0, 
soc0_20220917d, 2022-09-23T13:42:52,  57262433.964, 0.100,   0,  0,  1,  0,  24.2,13.302,     3.276,     0.276,13.26602,    13.79698,0.03447,13.26599,13.28864,  -0.022652, 0.96725,0.99021,0.96725,
unit_sel, 57262434.364, 0, 1,   0.0229495,  3.27624,3.56388,3.27624,3.27624,3.27624,  -0.28764,-0.33405,   13.26602,-0.00107,-0.00126,  1, 3.27624,3.27624, 0, 3.27624,  1, 14.20119,13.30170, 0, 13.30170,  24.24,24.24, 0, 24.24, 128, 128,  -0.016,  -0.090, 1,   0.200,  0.394, -0.246, 10.000,  0.005,
unit_sim,  57262434.364, 0, 24.24500,24.24500, 13.79698,13.26602,0.03443,13.30170,   3.276,  3.276,  0.277,  0,   -12681.6,   0.96726, 0, 
soc0_20220917d, 2022-09-23T13:42:52,  57262434.364, 0.100,   0,  0,  1,  0,  24.2,13.302,     3.276,     0.277,13.26602,    13.79698,0.03448,13.26597,13.28864,  -0.022666, 0.96726,0.99021,0.96726,
unit_sel, 57262434.764, 0, 1,   0.0229461,  3.20931,3.74168,3.20931,3.20931,3.20931,  -0.53237,-0.34385,   13.26602,-0.00124,-0.00126,  1, 3.20931,3.20931, 0, 3.20931,  1, 14.22703,13.30150, 0, 13.30150,  24.24,24.24, 0, 24.24, 128, 128,   0.228,  -0.089, 1,   0.200,  0.394, -0.246, 10.000,  0.005,
unit_sim,  57262434.764, 0, 24.24500,24.24500, 13.79698,13.26602,0.03423,13.30150,   3.209,  3.209,  0.277,  0,   -12680.3,   0.96726, 0, 
soc0_20220917d, 2022-09-23T13:42:54,  57262434.764, 0.100,   0,  0,  1,  0,  24.2,13.302,     3.209,     0.277,13.26602,    13.79698,0.03423,13.26601,13.28863,  -0.022616, 0.96726,0.99021,0.96726,
unit_sel, 57262435.164, 0, 1,   0.0229427,  3.27624,3.56388,3.20931,3.20931,3.20931,  -0.28764,-0.34334,   13.26602,-0.00125,-0.00126,  1, 3.27624,3.20931, 0, 3.27624,  1, 14.20980,13.30153, 0, 13.30153,  24.24,24.24, 0, 24.24, 128, 128,  -0.031,  -0.079, 1,   0.200,  0.394, -0.246, 10.000,  0.005,
unit_sim,  57262435.164, 0, 24.24500,24.24500, 13.79698,13.26602,0.03426,13.30153,   3.209,  3.276,  0.277,  0,   -12679.0,   0.96726, 0, 
soc0_20220917d, 2022-09-23T13:42:54,  57262435.164, 0.100,   0,  0,  1,  0,  24.2,13.302,     3.276,     0.277,13.26602,    13.79698,0.03446,13.26581,13.28862,  -0.022807, 0.96726,0.99021,0.96726,
unit_sel, 57262435.564, 0, 1,   0.0229393,  3.14239,3.74168,3.20931,3.20931,3.20931,  -0.59929,-0.35253,   13.26602,-0.00115,-0.00126,  1, 3.14239,3.20931, 0, 3.14239,  1, 14.22703,13.30155, 0, 13.30155,  24.24,24.24, 0, 24.24, 128, 128,   0.178,  -0.067, 1,   0.200,  0.394, -0.246, 10.000,  0.005,
unit_sim,  57262435.564, 0, 24.24500,24.24500, 13.79698,13.26602,0.03427,13.30155,   3.209,  3.142,  0.277,  0,   -12677.7,   0.96727, 0, 
soc0_20220917d, 2022-09-23T13:42:54,  57262435.564, 0.100,   0,  0,  1,  0,  24.2,13.302,     3.142,     0.277,13.26602,    13.79698,0.03408,13.26621,13.28861,  -0.022402, 0.96727,0.99021,0.96727,
unit_sel, 57262435.964, 0, 1,   0.0229359,  3.20931,3.74168,3.20931,3.20931,3.20931,  -0.53237,-0.35873,   13.26602,-0.00107,-0.00126,  1, 3.20931,3.20931, 0, 3.20931,  1, 14.22272,13.30149, 0, 13.30149,  24.24,24.24, 0, 24.24, 128, 128,   0.128,  -0.059, 1,   0.200,  0.394, -0.246, 10.000,  0.005,
unit_sim,  57262435.964, 0, 24.24500,24.24500, 13.79698,13.26602,0.03421,13.30149,   3.209,  3.209,  0.277,  0,   -12676.5,   0.96727, 0, 
soc0_20220917d, 2022-09-23T13:42:54,  57262435.964, 0.100,   0,  0,  1,  0,  24.2,13.301,     3.209,     0.277,13.26602,    13.79698,0.03426,13.26597,13.28860,  -0.022632, 0.96727,0.99021,0.96727,
echo:  Rf, 4
echo:  Rf, 0
Reset latches
reset ib flt
reset vb flts
reset tb flts
Rf1
unit_sel, 57262436.365, 0, 1,   0.0229325,  3.20931,3.74168,3.14239,3.14239,3.14239,  -0.53237,-0.53237,   13.26602,-0.00127,-0.00127,  1, 3.20931,3.14239, 0, 3.20931,  1, 14.21411,13.30132, 0, 14.21411,  24.24,24.24, 0, 24.24, 128, 0,   0.146,   0.146, 1,   0.200,  0.394, -0.246, 10.000,  0.005,
unit_sim,  57262436.365, 0, 24.24500,24.24500, 13.79698,13.26602,0.03404,13.30132,   3.142,  3.209,  0.278,  0,   -12675.2,   0.96727, 0, 
soc0_20220917d, 2022-09-23T13:42:54,  57262436.365, 0.100,   0,  0,  1,  0,  24.2,14.214,     3.209,     0.278,13.26602,    13.79698,0.03424,14.17861,13.28858,   0.890026, 0.96727,0.99024,0.96727,
reset ib flt
reset vb flts
reset tb flts
Rf2
reset ib flt
reset vb flts
reset tb flts
unit_sel, 57262436.764, 0, 1,   0.0230597,  3.07547,3.56388,3.07547,3.07547,3.07547,  -0.48841,-0.48496,   13.26602,-0.92289,-0.08931,  1, 3.07547,3.07547, 0, 3.07547,  1, 14.21841,13.30109, 0, 14.21841,  24.24,24.24, 0, 24.24, 128, 0,  -0.302,  -0.195, 1,   0.200,  0.394, -0.246, 10.000,  0.005,
unit_sim,  57262436.764, 0, 24.24500,24.24500, 13.79698,13.26602,0.03380,13.30109,   3.075,  3.075,  0.278,  0,   -12674.0,   0.96728, 0, 
soc0_20220917d, 2022-09-23T13:42:56,  57262436.764, 0.100,   0,  0,  1,  0,  24.2,14.218,     3.075,     0.278,13.26602,    13.79698,0.03377,14.18338,13.30031,   0.883062, 0.96728,0.99039,0.96728,
unit_sel, 57262437.164, 0, 1,   0.0233434,  3.14239,3.38607,3.14239,3.14239,3.14239,  -0.24368,-0.47111,   13.26602,-0.90976,-0.23904,  1, 3.14239,3.14239, 0, 3.14239,  1, 14.20980,13.30130, 0, 14.20980,  24.24,24.24, 0, 24.24, 128, 0,  -0.030,  -0.202, 1,   0.200,  0.394, -0.246, 10.000,  0.005,
unit_sim,  57262437.164, 0, 24.24500,24.24500, 13.79698,13.26602,0.03401,13.30130,   3.142,  3.142,  0.278,  0,   -12672.7,   0.96728, 0, 
soc0_20220917d, 2022-09-23T13:42:56,  57262437.164, 0.100,   0,  0,  1,  0,  24.2,14.210,     3.142,     0.278,13.26602,    13.79698,0.03404,14.17449,13.32614,   0.848350, 0.96728,0.99072,0.96728,
unit_sel, 57262437.564, 0, 1,   0.0238336,  3.07547,3.56388,3.14239,3.14239,3.14239,  -0.48841,-0.46444,   13.26602,-0.91839,-0.36225,  1, 3.07547,3.14239, 0, 3.07547,  1, 14.21411,13.30129, 0, 14.21411,  24.24,24.24, 0, 24.24, 192, 0,   0.167,  -0.195, 1,   0.200,  0.394, -0.246, 10.000,  0.005,
unit_sim,  57262437.564, 0, 24.24500,24.24500, 13.79698,13.26602,0.03400,13.30129,   3.142,  3.075,  0.278,  0,   -12671.5,   0.96728, 0, 
soc0_20220917d, 2022-09-23T13:42:56,  57262437.564, 0.100,   0,  0,  1,  0,  24.2,14.214,     3.075,     0.278,13.26602,    13.79698,0.03385,14.17900,13.37055,   0.808445, 0.96728,0.99128,0.96728,
unit_sel, 57262437.964, 0, 1,   0.0246255,  3.20931,3.38607,3.07547,3.07547,3.07547,  -0.17676,-0.45335,   13.26602,-0.92720,-0.46316,  1, 3.20931,3.07547, 0, 3.20931,  1, 14.22272,13.30109, 0, 14.22272,  24.24,24.24, 0, 24.24, 192, 0,  -0.081,  -0.173, 1,   0.200,  0.394, -0.246, 10.000,  0.005,
unit_sim,  57262437.964, 0, 24.24500,24.24500, 13.79698,13.26602,0.03380,13.30109,   3.075,  3.209,  0.278,  0,   -12670.3,   0.96729, 0, 
soc0_20220917d, 2022-09-23T13:42:56,  57262437.964, 0.100,   0,  0,  1,  0,  24.2,14.223,     3.209,     0.278,13.26602,    13.79698,0.03421,14.18725,13.44211,   0.745135, 0.96729,0.99217,0.96729,
unit_sel, 57262438.364, 0, 1,   0.0257792,  3.34316,3.56388,3.20931,3.20931,3.20931,  -0.22072,-0.44907,   13.26602,-0.91375,-0.54659,  1, 3.34316,3.20931, 0, 3.34316,  1, 14.21841,13.30162, 0, 14.21841,  24.24,24.24, 0, 24.24, 192, 0,   0.511,  -0.125, 1,   0.200,  0.394, -0.246, 10.000,  0.005,
unit_sim,  57262438.364, 0, 24.24500,24.24500, 13.79698,13.26602,0.03433,13.30162,   3.209,  3.343,  0.279,  0,   -12669.0,   0.96729, 0, 
soc0_20220917d, 2022-09-23T13:42:56,  57262438.364, 0.100,   0,  0,  1,  0,  24.2,14.218,     3.343,     0.279,13.26602,    13.79698,0.03479,14.18236,13.54624,   0.636123, 0.96729,0.99340,0.96729,
unit_sel, 57262438.764, 0, 1,   0.0271748,  3.27624,3.38607,3.20931,3.20931,3.20931,  -0.10984,-0.43571,   13.26602,-0.91788,-0.61408,  1, 3.27624,3.20931, 0, 3.27624,  1, 14.22272,13.30180, 0, 14.22272,  24.24,24.24, 0, 24.24, 192, 0,  -0.059,  -0.058, 1,   0.200,  0.394, -0.246, 10.000,  0.005,
unit_sim,  57262438.764, 0, 24.24500,24.24500, 13.79698,13.26602,0.03451,13.30180,   3.209,  3.276,  0.279,  0,   -12667.7,   0.96729, 0, 
soc0_20220917d, 2022-09-23T13:42:58,  57262438.764, 0.100,   0,  0,  1,  0,  24.2,14.223,     3.276,     0.279,13.26602,    13.79698,0.03469,14.18676,13.67214,   0.514623, 0.96729,0.99483,0.96729,
unit_sel, 57262439.165, 0, 1,   0.0285255,  3.34316,3.56388,3.27624,3.27624,3.27624,  -0.22072,-0.41835,   13.26603,-0.92616,-0.66892,  1, 3.34316,3.27624, 0, 3.34316,  1, 14.21841,13.30213, 0, 14.21841,  24.24,24.24, 0, 24.24, 192, 0,   0.212,  -0.015, 1,   0.200,  0.394, -0.246, 10.000,  0.005,
unit_sim,  57262439.165, 0, 24.24500,24.24500, 13.79698,13.26603,0.03484,13.30213,   3.276,  3.343,  0.279,  0,   -12666.4,   0.96730, 0, 
soc0_20220917d, 2022-09-23T13:42:58,  57262439.165, 0.100,   0,  0,  1,  0,  24.2,14.218,     3.343,     0.279,13.26603,    13.79698,0.03502,14.18212,13.84828,   0.333842, 0.96730,0.99611,0.96730,
unit_sel, 57262439.564, 0, 1,   0.0294669,  3.34316,3.38607,3.27624,3.27624,3.27624,  -0.04291,-0.40007,   13.26603,-0.90894,-0.71416,  1, 3.34316,3.27624, 0, 3.34316,  1, 14.22272,13.30213, 0, 14.22272,  24.24,24.24, 0, 24.24, 192, 0,   0.003,   0.015, 1,   0.200,  0.394, -0.246, 10.000,  0.005,
unit_sim,  57262439.564, 0, 24.24500,24.24500, 13.79698,13.26603,0.03484,13.30213,   3.276,  3.343,  0.279,  0,   -12665.0,   0.96730, 0, 
soc0_20220917d, 2022-09-23T13:42:58,  57262439.564, 0.100,   0,  0,  1,  0,  24.2,14.223,     3.343,     0.279,13.26603,    13.79698,0.03504,14.18641,13.99567,   0.190746, 0.96730,0.99693,0.96730,
unit_sel, 57262439.964, 0, 1,   0.0299897,  3.27624,3.56388,3.34316,3.34316,3.34316,  -0.28764,-0.37870,   13.26603,-0.93449,-0.75282,  1, 3.27624,3.34316, 0, 3.27624,  1, 14.23564,13.30241, 0, 14.23564,  24.24,24.24, 0, 24.24, 192, 0,   0.068,   0.019, 1,   0.200,  0.394, -0.246, 10.000,  0.005,
unit_sim,  57262439.964, 0, 24.24500,24.24500, 13.79698,13.26603,0.03512,13.30241,   3.343,  3.276,  0.280,  0,   -12663.7,   0.96730, 0, 
soc0_20220917d, 2022-09-23T13:42:58,  57262439.964, 0.100,   0,  0,  1,  0,  24.2,14.236,     3.276,     0.280,13.26603,    13.79698,0.03494,14.19942,14.07775,   0.121671, 0.96730,0.99738,0.96730,
unit_sel, 57262440.364, 0, 1,   0.0302478,  3.34316,3.56388,3.34316,3.34316,3.34316,  -0.22072,-0.36569,   13.26603,-0.91730,-0.78376,  1, 3.34316,3.34316, 0, 3.34316,  1, 14.22703,13.30238, 0, 14.22703,  24.24,24.24, 0, 24.24, 192, 0,   0.247,   0.025, 1,   0.200,  0.394, -0.246, 10.000,  0.005,
unit_sim,  57262440.364, 0, 24.24500,24.24500, 13.79698,13.26603,0.03509,13.30238,   3.343,  3.343,  0.280,  0,   -12662.4,   0.96731, 0, 
soc0_20220917d, 2022-09-23T13:42:58,  57262440.364, 0.100,   0,  0,  1,  0,  24.2,14.227,     3.343,     0.280,13.26603,    13.79698,0.03514,14.19061,14.11856,   0.072057, 0.96731,0.99760,0.96731,
unit_sel, 57262440.765, 0, 1,   0.0303955,  3.34316,3.56388,3.34316,3.34316,3.34316,  -0.22072,-0.35582,   13.26603,-0.92154,-0.80971,  1, 3.34316,3.34316, 0, 3.34316,  1, 14.22272,13.30245, 0, 14.22272,  24.24,24.24, 0, 24.24, 192, 0,   0.131,   0.041, 1,   0.200,  0.394, -0.246, 10.000,  0.005,
unit_sim,  57262440.765, 0, 24.24500,24.24500, 13.79698,13.26603,0.03515,13.30245,   3.343,  3.343,  0.280,  0,   -12661.1,   0.96731, 0, 
soc0_20220917d, 2022-09-23T13:43:00,  57262440.765, 0.100,   0,  0,  1,  0,  24.2,14.223,     3.343,     0.280,13.26603,    13.79698,0.03519,14.18626,14.14214,   0.044123, 0.96731,0.99773,0.96731,
unit_sel, 57262441.164, 0, 1,   0.0304727,  3.41009,3.56388,3.47701,3.47701,3.47701,  -0.15379,-0.33899,   13.26603,-0.92958,-0.82995,  1, 3.41009,3.47701, 0, 3.41009,  1, 14.23133,13.30302, 0, 14.23133,  24.24,24.24, 0, 24.24, 192, 0,   0.180,   0.063, 1,   0.200,  0.394, -0.246, 10.000,  0.005,
unit_sim,  57262441.164, 0, 24.24500,24.24500, 13.79698,13.26603,0.03572,13.30302,   3.477,  3.410,  0.280,  0,   -12659.7,   0.96731, 0, 
soc0_20220917d, 2022-09-23T13:43:00,  57262441.164, 0.100,   0,  0,  1,  0,  24.2,14.231,     3.410,     0.280,13.26603,    13.79698,0.03560,14.19446,14.15473,   0.039738, 0.96731,0.99780,0.96731,
unit_sel, 57262441.564, 0, 1,   0.0305319,  3.54394,3.56388,3.47701,3.47701,3.47701,  -0.01994,-0.31285,   13.26603,-0.91226,-0.84773,  1, 3.54394,3.47701, 0, 3.54394,  1, 14.20549,13.30312, 0, 14.20549,  24.24,24.24, 0, 24.24, 192, 0,   0.301,   0.072, 1,   0.200,  0.394, -0.246, 10.000,  0.005,
unit_sim,  57262441.564, 0, 24.24500,24.24500, 13.79698,13.26603,0.03581,13.30312,   3.477,  3.544,  0.280,  0,   -12658.3,   0.96732, 0, 
soc0_20220917d, 2022-09-23T13:43:00,  57262441.564, 0.100,   0,  0,  1,  0,  24.2,14.205,     3.544,     0.280,13.26603,    13.79698,0.03606,14.16816,14.16453,   0.003635, 0.96732,0.99785,0.96732,
unit_sel, 57262441.965, 0, 1,   0.0305688,  3.47701,3.56388,3.47701,3.47701,3.47701,  -0.08687,-0.29550,   13.26603,-0.93801,-0.86207,  1, 3.47701,3.47701, 0, 3.47701,  1, 14.22703,13.30321, 0, 14.22703,  24.24,24.24, 0, 24.24, 192, 0,   0.097,   0.087, 1,   0.200,  0.394, -0.246, 10.000,  0.005,
unit_sim,  57262441.965, 0, 24.24500,24.24500, 13.79698,13.26603,0.03590,13.30321,   3.477,  3.477,  0.281,  0,   -12656.9,   0.96732, 0, 
soc0_20220917d, 2022-09-23T13:43:00,  57262441.965, 0.100,   0,  0,  1,  0,  24.2,14.227,     3.477,     0.281,13.26603,    13.79698,0.03592,14.18983,14.17085,   0.018980, 0.96732,0.99790,0.96732,
unit_sel, 57262442.364, 0, 1,   0.0305924,  3.54394,3.74168,3.54394,3.54394,3.54394,  -0.19775,-0.28713,   13.26603,-0.92484,-0.87348,  1, 3.54394,3.54394, 0, 3.54394,  1, 14.22703,13.30346, 0, 14.22703,  24.24,24.24, 0, 24.24, 192, 0,   0.402,   0.106, 1,   0.200,  0.394, -0.246, 10.000,  0.005,
unit_sim,  57262442.364, 0, 24.24500,24.24500, 13.79698,13.26603,0.03616,13.30346,   3.544,  3.544,  0.281,  0,   -12655.5,   0.96732, 0, 
soc0_20220917d, 2022-09-23T13:43:00,  57262442.364, 0.100,   0,  0,  1,  0,  24.2,14.227,     3.544,     0.281,13.26603,    13.79698,0.03622,14.18953,14.17509,   0.014443, 0.96732,0.99792,0.96732,
unit_sel, 57262442.764, 0, 1,   0.0306136,  3.54394,3.74168,3.54394,3.54394,3.54394,  -0.19775,-0.27901,   13.26603,-0.92898,-0.88355,  1, 3.54394,3.54394, 0, 3.54394,  1, 14.22703,13.30363, 0, 14.22703,  24.24,24.24, 0, 24.24, 192, 0,   0.165,   0.138, 1,   0.200,  0.394, -0.246, 10.000,  0.005,
unit_sim,  57262442.764, 0, 24.24500,24.24500, 13.79698,13.26603,0.03632,13.30363,   3.544,  3.544,  0.281,  0,   -12654.1,   0.96733, 0, 
soc0_20220917d, 2022-09-23T13:43:02,  57262442.764, 0.100,   0,  0,  1,  0,  24.2,14.227,     3.544,     0.281,13.26603,    13.79698,0.03632,14.18943,14.17898,   0.010455, 0.96733,0.99795,0.96733,
unit_sel, 57262443.164, 0, 1,   0.0306269,  3.54394,3.74168,3.54394,3.54394,3.54394,  -0.19775,-0.27952,   13.26603,-0.92896,-0.89143,  1, 3.54394,3.54394, 0, 3.54394,  1, 14.24425,13.30365, 0, 14.24425,  24.24,24.24, 0, 24.24, 192, 0,   0.156,   0.164, 1,   0.200,  0.394, -0.246, 10.000,  0.005,
unit_sim,  57262443.164, 0, 24.24500,24.24500, 13.79698,13.26603,0.03634,13.30365,   3.544,  3.544,  0.281,  0,   -12652.7,   0.96733, 0, 
soc0_20220917d, 2022-09-23T13:43:02,  57262443.164, 0.100,   0,  0,  1,  0,  24.2,14.244,     3.544,     0.281,13.26603,    13.79698,0.03634,14.20663,14.18162,   0.025011, 0.96733,0.99797,0.96733,
unit_sel, 57262443.564, 0, 1,   0.0306427,  3.54394,3.74168,3.54394,3.54394,3.54394,  -0.19775,-0.27794,   13.26603,-0.92034,-0.89894,  1, 3.54394,3.54394, 0, 3.54394,  1, 14.23994,13.30365, 0, 14.23994,  24.24,24.24, 0, 24.24, 192, 0,   0.127,   0.164, 1,   0.200,  0.394, -0.246, 10.000,  0.005,
unit_sim,  57262443.564, 0, 24.24500,24.24500, 13.79698,13.26603,0.03634,13.30365,   3.544,  3.544,  0.282,  0,   -12651.3,   0.96733, 0, 
soc0_20220917d, 2022-09-23T13:43:02,  57262443.564, 0.100,   0,  0,  1,  0,  24.2,14.240,     3.544,     0.282,13.26603,    13.79698,0.03636,14.20230,14.18465,   0.017652, 0.96733,0.99798,0.96734,
unit_sel, 57262443.964, 0, 1,   0.0306597,  3.54394,3.91949,3.54394,3.54394,3.54394,  -0.37555,-0.28199,   13.26603,-0.93320,-0.90612,  1, 3.54394,3.54394, 0, 3.54394,  1, 14.24425,13.30371, 0, 14.24425,  24.24,24.24, 0, 24.24, 192, 0,   0.042,   0.160, 1,   0.200,  0.394, -0.246, 10.000,  0.005,
unit_sim,  57262443.964, 0, 24.24500,24.24500, 13.79698,13.26603,0.03640,13.30371,   3.544,  3.544,  0.282,  0,   -12649.9,   0.96734, 0, 
soc0_20220917d, 2022-09-23T13:43:02,  57262443.964, 0.100,   0,  0,  1,  0,  24.2,14.244,     3.544,     0.282,13.26603,    13.79698,0.03641,14.20656,14.18786,   0.018693, 0.96734,0.99800,0.96734,
unit_sel, 57262444.364, 0, 1,   0.0306694,  3.54394,3.74168,3.54394,3.54394,3.54394,  -0.19775,-0.28473,   13.26603,-0.93755,-0.91124,  1, 3.54394,3.54394, 0, 3.54394,  1, 14.25286,13.30367, 0, 14.25286,  24.24,24.24, 0, 24.24, 192, 0,  -0.152,   0.144, 1,   0.200,  0.394, -0.246, 10.000,  0.005,
unit_sim,  57262444.364, 0, 24.24500,24.24500, 13.79698,13.26603,0.03636,13.30367,   3.544,  3.544,  0.282,  0,   -12648.5,   0.96734, 0, 
soc0_20220917d, 2022-09-23T13:43:02,  57262444.364, 0.100,   0,  0,  1,  0,  24.2,14.253,     3.544,     0.282,13.26603,    13.79698,0.03641,14.21518,14.18994,   0.025237, 0.96734,0.99802,0.96734,
unit_sel, 57262444.764, 0, 1,   0.0306793,  3.41009,3.74168,3.41009,3.41009,3.41009,  -0.33159,-0.29133,   13.26603,-0.92929,-0.91595,  1, 3.41009,3.41009, 0, 3.41009,  1, 14.22703,13.30333, 0, 14.22703,  24.24,24.24, 0, 24.24, 192, 0,  -0.186,   0.113, 1,   0.200,  0.394, -0.246, 10.000,  0.005,
unit_sim,  57262444.764, 0, 24.24500,24.24500, 13.79698,13.26603,0.03601,13.30333,   3.410,  3.410,  0.282,  0,   -12647.1,   0.96735, 0, 
soc0_20220917d, 2022-09-23T13:43:04,  57262444.764, 0.100,   0,  0,  1,  0,  24.2,14.227,     3.410,     0.282,13.26603,    13.79698,0.03594,14.18980,14.19204,  -0.002236, 0.96735,0.99803,0.96735,
unit_sel, 57262445.164, 0, 1,   0.0306844,  3.34316,3.56388,3.34316,3.34316,3.34316,  -0.22072,-0.29142,   13.26604,-0.93396,-0.91922,  1, 3.34316,3.34316, 0, 3.34316,  1, 14.23994,13.30296, 0, 14.23994,  24.24,24.24, 0, 24.24, 192, 0,  -0.373,   0.049, 1,   0.200,  0.394, -0.246, 10.000,  0.005,
unit_sim,  57262445.164, 0, 24.24500,24.24500, 13.79698,13.26604,0.03564,13.30296,   3.343,  3.343,  0.283,  0,   -12645.7,   0.96735, 0, 
soc0_20220917d, 2022-09-23T13:43:04,  57262445.164, 0.100,   0,  0,  1,  0,  24.2,14.240,     3.343,     0.283,13.26604,    13.79698,0.03561,14.20305,14.19337,   0.009677, 0.96735,0.99804,0.96735,
unit_sel, 57262445.564, 0, 1,   0.0306877,  3.27624,3.74168,3.27624,3.27624,3.27624,  -0.46544,-0.29340,   13.26604,-0.92994,-0.92170,  1, 3.27624,3.27624, 0, 3.27624,  1, 14.23133,13.30267, 0, 14.23133,  24.24,24.24, 0, 24.24, 192, 0,  -0.176,  -0.034, 1,   0.200,  0.394, -0.246, 10.000,  0.005,
unit_sim,  57262445.564, 0, 24.24500,24.24500, 13.79698,13.26604,0.03535,13.30267,   3.276,  3.276,  0.283,  0,   -12644.4,   0.96735, 0, 
soc0_20220917d, 2022-09-23T13:43:04,  57262445.564, 0.100,   0,  0,  1,  0,  24.2,14.231,     3.276,     0.283,13.26604,    13.79698,0.03533,14.19472,14.19441,   0.000308, 0.96735,0.99804,0.96735,
unit_sel, 57262445.964, 0, 1,   0.0306927,  3.07547,3.38607,3.14239,3.14239,3.14239,  -0.31061,-0.29297,   13.26604,-0.93482,-0.92444,  1, 3.07547,3.14239, 0, 3.07547,  1, 14.22703,13.30210, 0, 14.22703,  24.24,24.24, 0, 24.24, 192, 0,  -0.655,  -0.119, 1,   0.200,  0.394, -0.246, 10.000,  0.005,
unit_sim,  57262445.964, 0, 24.24500,24.24500, 13.79698,13.26604,0.03478,13.30210,   3.142,  3.075,  0.283,  0,   -12643.2,   0.96736, 0, 
soc0_20220917d, 2022-09-23T13:43:04,  57262445.964, 0.100,   0,  0,  1,  0,  24.2,14.227,     3.075,     0.283,13.26604,    13.79698,0.03455,14.19119,14.19570,  -0.004509, 0.96736,0.99805,0.96736,
unit_sel, 57262446.364, 0, 1,   0.0305337,  2.80777,3.03047,2.87469,2.87469,2.87469,  -0.22270,-0.29345,   13.26604,-0.00158,-0.87996,  1, 2.80777,2.87469, 0, 2.80777,  1, 14.24855,13.30101, 0, 13.30101,  24.24,24.24, 0, 24.24, 192, 192,  -1.069,  -0.234, 1,   0.200,  0.394, -0.246, 10.000,  0.005,
unit_sim,  57262446.364, 0, 24.24500,24.24500, 13.79698,13.26604,0.03369,13.30101,   2.875,  2.808,  0.283,  0,   -12642.0,   0.96736, 0, 
soc0_20220917d, 2022-09-23T13:43:04,  57262446.364, 0.100,   0,  0,  1,  0,  24.2,13.301,     2.808,     0.283,13.26604,    13.79698,0.03339,13.26634,14.17136,  -0.905021, 0.96736,0.99775,0.96736,
unit_sel, 57262446.764, 0, 1,   0.0299898,  2.40622,2.67486,2.54007,2.54007,2.54007,  -0.26864,-0.29232,   13.26604,-0.00177,-0.72072,  1, 2.40622,2.54007, 0, 2.40622,  1, 14.22703,13.29957, 0, 13.29957,  24.24,24.24, 0, 24.24, 192, 192,  -1.496,  -0.399, 1,   0.200,  0.394, -0.246, 10.000,  0.005,
unit_sim,  57262446.764, 0, 24.24500,24.24500, 13.79698,13.26604,0.03224,13.29957,   2.540,  2.406,  0.283,  0,   -12641.0,   0.96736, 0, 
soc0_20220917d, 2022-09-23T13:43:06,  57262446.764, 0.100,   0,  0,  1,  0,  24.2,13.300,     2.406,     0.283,13.26604,    13.79698,0.03169,13.26659,14.08692,  -0.820335, 0.96736,0.99723,0.96736,
unit_sel, 57262447.164, 0, 1,   0.0295503,  2.07160,2.31925,2.13852,2.13852,2.13852,  -0.24765,-0.29131,   13.26604,-0.00164,-0.59037,  1, 2.07160,2.13852, 0, 2.07160,  1, 14.22703,13.29768, 0, 13.29768,  24.24,24.24, 0, 24.24, 192, 192,  -1.763,  -0.616, 1,   0.200,  0.394, -0.246, 10.000,  0.005,
unit_sim,  57262447.164, 0, 24.24500,24.24500, 13.79698,13.26604,0.03035,13.29768,   2.139,  2.072,  0.284,  0,   -12640.1,   0.96736, 0, 
soc0_20220917d, 2022-09-23T13:43:06,  57262447.164, 0.100,   0,  0,  1,  0,  24.2,13.298,     2.072,     0.284,13.26604,    13.79698,0.03002,13.26637,14.01871,  -0.752338, 0.96736,0.99682,0.96736,
unit_sel, 57262447.564, 0, 1,   0.0291845,  2.13852,2.31925,2.07160,2.07160,2.07160,  -0.18073,-0.29122,   13.26604,-0.00118,-0.48359,  1, 2.13852,2.07160, 0, 2.13852,  1, 14.23133,13.29706, 0, 13.29706,  24.24,24.24, 0, 24.24, 192, 192,  -0.785,  -0.805, 1,   0.200,  0.394, -0.246, 10.000,  0.005,
unit_sim,  57262447.564, 0, 24.24500,24.24500, 13.79698,13.26604,0.02974,13.29707,   2.072,  2.139,  0.284,  0,   -12639.3,   0.96737, 0, 
soc0_20220917d, 2022-09-23T13:43:06,  57262447.564, 0.100,   0,  0,  1,  0,  24.2,13.297,     2.139,     0.284,13.26604,    13.79698,0.02995,13.26583,13.96198,  -0.696150, 0.96737,0.99647,0.96737,
unit_sel, 57262447.964, 0, 1,   0.0288732,  2.40622,2.67486,2.33930,2.33930,2.33930,  -0.26864,-0.28817,   13.26604,-0.00097,-0.39610,  1, 2.40622,2.33930, 0, 2.40622,  1, 14.21411,13.29807, 0, 13.29807,  24.24,24.24, 0, 24.24, 192, 192,   0.394,  -0.846, 1,   0.200,  0.394, -0.246, 10.000,  0.005,
unit_sim,  57262447.964, 0, 24.24500,24.24500, 13.79698,13.26604,0.03075,13.29807,   2.339,  2.406,  0.284,  0,   -12638.4,   0.96737, 0, 
soc0_20220917d, 2022-09-23T13:43:06,  57262447.964, 0.100,   0,  0,  1,  0,  24.2,13.298,     2.406,     0.284,13.26604,    13.79698,0.03106,13.26573,13.91378,  -0.648052, 0.96737,0.99617,0.96737,
unit_sel, 57262448.364, 0, 1,   0.0286038,  2.94162,3.20827,2.74084,2.74084,2.74084,  -0.26665,-0.28742,   13.26604,-0.00075,-0.32444,  1, 2.94162,2.74084, 0, 2.94162,  1, 14.23994,13.29980, 0, 13.29980,  24.24,24.24, 0, 24.24, 192, 192,   1.595,  -0.681, 1,   0.200,  0.394, -0.246, 10.000,  0.005,
unit_sim,  57262448.364, 0, 24.24500,24.24500, 13.79698,13.26604,0.03247,13.29980,   2.741,  2.942,  0.284,  0,   -12637.3,   0.96737, 0, 
soc0_20220917d, 2022-09-23T13:43:06,  57262448.364, 0.100,   0,  0,  1,  0,  24.2,13.300,     2.942,     0.284,13.26604,    13.79698,0.03325,13.26526,13.87220,  -0.606934, 0.96737,0.99591,0.96737,
unit_sel, 57262448.764, 0, 1,   0.0283675,  3.14239,3.56388,3.14239,3.14239,3.14239,  -0.42149,-0.28803,   13.26604,-0.00094,-0.26577,  1, 3.14239,3.14239, 0, 3.14239,  1, 14.23564,13.30176, 0, 13.30176,  24.24,24.24, 0, 24.24, 192, 192,   1.578,  -0.345, 1,   0.200,  0.394, -0.246, 10.000,  0.005,
unit_sim,  57262448.764, 0, 24.24500,24.24500, 13.79698,13.26604,0.03443,13.30176,   3.142,  3.142,  0.284,  0,   -12636.0,   0.96737, 0, 
soc0_20220917d, 2022-09-23T13:43:08,  57262448.764, 0.100,   0,  0,  1,  0,  24.2,13.302,     3.142,     0.284,13.26604,    13.79698,0.03456,13.26591,13.83583,  -0.569920, 0.96737,0.99569,0.96737,
unit_sel, 57262449.164, 0, 1,   0.0281579,  3.27624,3.74168,3.27624,3.27624,3.27624,  -0.46544,-0.29198,   13.26604,-0.00102,-0.21778,  1, 3.27624,3.27624, 0, 3.27624,  1, 14.23994,13.30247, 0, 13.30247,  24.24,24.24, 0, 24.24, 128, 192,   1.204,   0.007, 1,   0.200,  0.394, -0.246, 10.000,  0.005,
unit_sim,  57262449.164, 0, 24.24500,24.24500, 13.79698,13.26604,0.03514,13.30247,   3.276,  3.276,  0.284,  0,   -12634.8,   0.96738, 0, 
soc0_20220917d, 2022-09-23T13:43:08,  57262449.164, 0.100,   0,  0,  1,  0,  24.2,13.302,     3.276,     0.284,13.26604,    13.79698,0.03523,13.26595,13.80366,  -0.537712, 0.96738,0.99549,0.96738,
unit_sel, 57262449.564, 0, 1,   0.0279703,  3.14239,3.38607,3.20931,3.20931,3.20931,  -0.24368,-0.29459,   13.26604,-0.00130,-0.17854,  1, 3.14239,3.20931, 0, 3.14239,  1, 14.24855,13.30238, 0, 13.30238,  24.24,24.24, 0, 24.24, 128, 192,   0.128,   0.265, 1,   0.200,  0.394, -0.246, 10.000,  0.005,
unit_sim,  57262449.564, 0, 24.24500,24.24500, 13.79698,13.26604,0.03504,13.30238,   3.209,  3.142,  0.285,  0,   -12633.5,   0.96738, 0, 
soc0_20220917d, 2022-09-23T13:43:08,  57262449.564, 0.100,   0,  0,  1,  0,  24.2,13.302,     3.142,     0.285,13.26604,    13.79698,0.03484,13.26624,13.77491,  -0.508663, 0.96738,0.99531,0.96738,
unit_sel, 57262449.964, 0, 1,   0.0278010,  3.07547,3.56388,3.07547,3.07547,3.07547,  -0.48841,-0.29682,   13.26604,-0.00150,-0.14642,  1, 3.07547,3.07547, 0, 3.07547,  1, 14.23994,13.30189, 0, 13.30189,  24.24,24.24, 0, 24.24, 128, 192,  -0.004,   0.362, 1,   0.200,  0.394, -0.246, 10.000,  0.005,
unit_sim,  57262449.964, 0, 24.24500,24.24500, 13.79698,13.26604,0.03455,13.30189,   3.075,  3.075,  0.285,  0,   -12632.2,   0.96738, 0, 
soc0_20220917d, 2022-09-23T13:43:08,  57262449.964, 0.100,   0,  0,  1,  0,  24.2,13.302,     3.075,     0.285,13.26604,    13.79698,0.03450,13.26610,13.74899,  -0.482894, 0.96738,0.99515,0.96738,
unit_sel, 57262450.365, 0, 1,   0.0276472,  3.00854,3.38607,3.07547,3.07547,3.07547,  -0.37753,-0.30048,   13.26604,-0.00115,-0.12012,  1, 3.00854,3.07547, 0, 3.00854,  1, 14.24425,13.30174, 0, 13.30174,  24.24,24.24, 0, 24.24, 128, 192,  -0.155,   0.356, 1,   0.200,  0.394, -0.246, 10.000,  0.005,
unit_sim,  57262450.365, 0, 24.24500,24.24500, 13.79698,13.26604,0.03440,13.30174,   3.075,  3.009,  0.285,  0,   -12631.0,   0.96739, 0, 
soc0_20220917d, 2022-09-23T13:43:08,  57262450.365, 0.100,   0,  0,  1,  0,  24.2,13.302,     3.009,     0.285,13.26604,    13.79698,0.03423,13.26621,13.72549,  -0.459272, 0.96739,0.99500,0.96739,
unit_sel, 57262450.764, 0, 1,   0.0275055,  3.14239,3.56388,3.07547,3.07547,3.07547,  -0.42149,-0.30598,   13.26604,-0.00110,-0.09857,  1, 3.14239,3.07547, 0, 3.14239,  1, 14.25286,13.30170, 0, 13.30170,  24.24,24.24, 0, 24.24, 128, 192,   0.237,   0.300, 1,   0.200,  0.394, -0.246, 10.000,  0.005,
unit_sim,  57262450.764, 0, 24.24500,24.24500, 13.79698,13.26604,0.03437,13.30170,   3.075,  3.142,  0.285,  0,   -12629.8,   0.96739, 0, 
soc0_20220917d, 2022-09-23T13:43:10,  57262450.764, 0.100,   0,  0,  1,  0,  24.2,13.302,     3.142,     0.285,13.26604,    13.79698,0.03462,13.26579,13.71070,  -0.444909, 0.96739,0.99486,0.96739,
unit_sel, 57262451.165, 0, 1,   0.0273706,  2.94162,3.20827,2.94162,2.94162,2.94162,  -0.26665,-0.31183,   13.26604,-0.00150,-0.08096,  1, 2.94162,2.94162, 0, 2.94162,  1, 14.23564,13.30131, 0, 13.30131,  24.24,24.24, 0, 24.24, 128, 192,  -0.379,   0.233, 1,   0.200,  0.394, -0.246, 10.000,  0.005,
unit_sim,  57262451.165, 0, 24.24500,24.24500, 13.79698,13.26604,0.03398,13.30131,   2.942,  2.942,  0.285,  0,   -12628.6,   0.96739, 0, 
soc0_20220917d, 2022-09-23T13:43:10,  57262451.165, 0.100,   0,  0,  1,  0,  24.2,13.301,     2.942,     0.285,13.26604,    13.79698,0.03392,13.26610,13.69883,  -0.432730, 0.96739,0.99473,0.96739,
unit_sel, 57262451.564, 0, 1,   0.0272415,  2.80777,3.03047,2.74084,2.74084,2.74084,  -0.22270,-0.31087,   13.26604,-0.00141,-0.06655,  1, 2.80777,2.74084, 0, 2.80777,  1, 14.24855,13.30040, 0, 13.30040,  24.24,24.24, 0, 24.24, 128, 192,  -0.670,   0.105, 1,   0.200,  0.394, -0.246, 10.000,  0.005,
unit_sim,  57262451.564, 0, 24.24500,24.24500, 13.79698,13.26604,0.03306,13.30040,   2.741,  2.808,  0.286,  0,   -12627.5,   0.96740, 0, 
soc0_20220917d, 2022-09-23T13:43:10,  57262451.564, 0.100,   0,  0,  1,  0,  24.2,13.300,     2.808,     0.286,13.26604,    13.79698,0.03321,13.26590,13.68747,  -0.421573, 0.96740,0.99461,0.96740,
unit_sel, 57262451.964, 0, 1,   0.0271179,  2.60699,2.85266,2.54007,2.54007,2.54007,  -0.24567,-0.30925,   13.26604,-0.00148,-0.05476,  1, 2.60699,2.54007, 0, 2.60699,  1, 14.24425,13.29955, 0, 13.29955,  24.24,24.24, 0, 24.24, 128, 192,  -0.789,  -0.056, 1,   0.200,  0.394, -0.246, 10.000,  0.005,
unit_sim,  57262451.964, 0, 24.24500,24.24500, 13.79698,13.26604,0.03221,13.29955,   2.540,  2.607,  0.286,  0,   -12626.5,   0.96740, 0, 
soc0_20220917d, 2022-09-23T13:43:10,  57262451.964, 0.100,   0,  0,  1,  0,  24.2,13.300,     2.607,     0.286,13.26604,    13.79698,0.03232,13.26593,13.67659,  -0.410652, 0.96740,0.99449,0.96740,
unit_sel, 57262452.365, 0, 1,   0.0269994,  2.33930,2.67486,2.40622,2.40622,2.40622,  -0.33556,-0.31635,   13.26604,-0.00140,-0.04510,  1, 2.33930,2.40622, 0, 2.33930,  1, 14.22703,13.29885, 0, 13.29885,  24.24,24.24, 0, 24.24, 128, 192,  -0.789,  -0.215, 1,   0.200,  0.394, -0.246, 10.000,  0.005,
unit_sim,  57262452.365, 0, 24.24500,24.24500, 13.79698,13.26604,0.03151,13.29885,   2.406,  2.339,  0.286,  0,   -12625.5,   0.96740, 0, 
soc0_20220917d, 2022-09-23T13:43:10,  57262452.365, 0.100,   0,  0,  1,  0,  24.2,13.299,     2.339,     0.286,13.26604,    13.79698,0.03125,13.26630,13.66614,  -0.399841, 0.96740,0.99437,0.96740,
unit_sel, 57262452.764, 0, 1,   0.0268856,  2.20545,2.49706,2.20545,2.20545,2.20545,  -0.29161,-0.31652,   13.26604,-0.00140,-0.03720,  1, 2.20545,2.20545, 0, 2.20545,  1, 14.24425,13.29791, 0, 13.29791,  24.24,24.24, 0, 24.24, 128, 192,  -0.875,  -0.371, 1,   0.200,  0.394, -0.246, 10.000,  0.005,
unit_sim,  57262452.764, 0, 24.24500,24.24500, 13.79698,13.26604,0.03057,13.29791,   2.205,  2.205,  0.286,  0,   -12624.6,   0.96740, 0, 
soc0_20220917d, 2022-09-23T13:43:12,  57262452.764, 0.100,   0,  0,  1,  0,  24.2,13.298,     2.205,     0.286,13.26604,    13.79698,0.03051,13.26610,13.65611,  -0.390006, 0.96740,0.99426,0.96740,
unit_sel, 57262453.164, 0, 1,   0.0267763,  2.00467,2.31925,2.07160,2.07160,2.07160,  -0.31458,-0.31382,   13.26604,-0.00122,-0.03073,  1, 2.00467,2.07160, 0, 2.00467,  1, 14.23564,13.29718, 0, 13.29718,  24.24,24.24, 0, 24.24, 128, 192,  -0.779,  -0.518, 1,   0.200,  0.394, -0.246, 10.000,  0.005,
unit_sim,  57262453.164, 0, 24.24500,24.24500, 13.79698,13.26604,0.02984,13.29718,   2.072,  2.005,  0.286,  0,   -12623.8,   0.96741, 0, 
soc0_20220917d, 2022-09-23T13:43:12,  57262453.164, 0.100,   0,  0,  1,  0,  24.2,13.297,     2.005,     0.286,13.26604,    13.79698,0.02963,13.26625,13.64645,  -0.380201, 0.96741,0.99416,0.96741,
unit_sel, 57262453.564, 0, 1,   0.0266711,  1.87083,2.14145,1.87083,1.87083,1.87083,  -0.27062,-0.30880,   13.26605,-0.00160,-0.02543,  1, 1.87083,1.87083, 0, 1.87083,  1, 14.22272,13.29643, 0, 13.29643,  24.24,24.24, 0, 24.24, 128, 128,  -0.838,  -0.620, 1,   0.200,  0.394, -0.246, 10.000,  0.005,
unit_sim,  57262453.564, 0, 24.24500,24.24500, 13.79698,13.26605,0.02909,13.29643,   1.871,  1.871,  0.286,  0,   -12623.0,   0.96741, 0, 
soc0_20220917d, 2022-09-23T13:43:12,  57262453.564, 0.100,   0,  0,  1,  0,  24.2,13.296,     1.871,     0.286,13.26605,    13.79698,0.02898,13.26615,13.63717,  -0.371020, 0.96741,0.99405,0.96741,
unit_sel, 57262453.964, 0, 1,   0.0265699,  1.87083,1.96364,1.87083,1.87083,1.87083,  -0.09282,-0.29344,   13.26605,-0.00129,-0.02106,  1, 1.87083,1.87083, 0, 1.87083,  1, 14.23994,13.29619, 0, 13.29619,  24.24,24.24, 0, 24.24, 128, 128,  -0.556,  -0.695, 1,   0.200,  0.394, -0.246, 10.000,  0.005,
unit_sim,  57262453.964, 0, 24.24500,24.24500, 13.79698,13.26605,0.02884,13.29619,   1.871,  1.871,  0.286,  0,   -12622.3,   0.96741, 0, 
soc0_20220917d, 2022-09-23T13:43:12,  57262453.964, 0.100,   0,  0,  1,  0,  24.2,13.296,     1.871,     0.286,13.26605,    13.79698,0.02884,13.26605,13.62823,  -0.362186, 0.96741,0.99396,0.96741,
unit_sel, 57262454.364, 0, 1,   0.0264724,  1.73698,1.78584,1.80390,1.80390,1.80390,  -0.04886,-0.27413,   13.26605,-0.00133,-0.01749,  1, 1.73698,1.80390, 0, 1.73698,  1, 14.22272,13.29589, 0, 13.29589,  24.24,24.24, 0, 24.24, 128, 128,  -0.625,  -0.722, 1,   0.200,  0.394, -0.246, 10.000,  0.005,
unit_sim,  57262454.364, 0, 24.24500,24.24500, 13.79698,13.26605,0.02855,13.29589,   1.804,  1.737,  0.287,  0,   -12621.6,   0.96741, 0, 
soc0_20220917d, 2022-09-23T13:43:12,  57262454.364, 0.100,   0,  0,  1,  0,  24.2,13.296,     1.737,     0.287,13.26605,    13.79698,0.02833,13.26627,13.61962,  -0.353355, 0.96741,0.99386,0.96741,
unit_sel, 57262454.764, 0, 1,   0.0263785,  1.60313,1.60804,1.60313,1.60313,1.60313,  -0.00491,-0.25550,   13.26605,-0.00140,-0.01460,  1, 1.60313,1.60313, 0, 1.60313,  1, 14.22703,13.29501, 0, 13.29501,  24.24,24.24, 0, 24.24, 128, 128,  -0.716,  -0.735, 1,   0.200,  0.394, -0.246, 10.000,  0.005,
unit_sim,  57262454.764, 0, 24.24500,24.24500, 13.79698,13.26605,0.02766,13.29501,   1.603,  1.603,  0.287,  0,   -12620.9,   0.96741, 0, 
soc0_20220917d, 2022-09-23T13:43:14,  57262454.764, 0.100,   0,  0,  1,  0,  24.2,13.295,     1.603,     0.287,13.26605,    13.79698,0.02760,13.26610,13.61132,  -0.345213, 0.96741,0.99377,0.96741,
unit_sel, 57262455.164, 0, 1,   0.0262878,  1.53620,1.60804,1.53620,1.53620,1.53620,  -0.07183,-0.23250,   13.26605,-0.00120,-0.01221,  1, 1.53620,1.53620, 0, 1.53620,  1, 14.22703,13.29454, 0, 13.29454,  24.24,24.24, 0, 24.24, 128, 128,  -0.405,  -0.748, 1,   0.200,  0.394, -0.246, 10.000,  0.005,
unit_sim,  57262455.164, 0, 24.24500,24.24500, 13.79698,13.26605,0.02719,13.29454,   1.536,  1.536,  0.287,  0,   -12620.3,   0.96741, 0, 
soc0_20220917d, 2022-09-23T13:43:14,  57262455.164, 0.100,   0,  0,  1,  0,  24.2,13.295,     1.536,     0.287,13.26605,    13.79698,0.02720,13.26605,13.60330,  -0.337251, 0.96741,0.99368,0.96742,
unit_sel, 57262455.564, 0, 1,   0.0262003,  1.60313,1.60804,1.53620,1.53620,1.53620,  -0.00491,-0.21678,   13.26605,-0.00116,-0.01023,  1, 1.60313,1.53620, 0, 1.60313,  1, 14.22703,13.29447, 0, 13.29447,  24.24,24.24, 0, 24.24, 128, 128,   0.030,  -0.710, 1,   0.200,  0.394, -0.246, 10.000,  0.005,
unit_sim,  57262455.564, 0, 24.24500,24.24500, 13.79698,13.26605,0.02712,13.29447,   1.536,  1.603,  0.287,  0,   -12619.7,   0.96742, 0, 
soc0_20220917d, 2022-09-23T13:43:14,  57262455.564, 0.100,   0,  0,  1,  0,  24.2,13.294,     1.603,     0.287,13.26605,    13.79698,0.02734,13.26583,13.59557,  -0.329738, 0.96742,0.99360,0.96742,
unit_sel, 57262455.964, 0, 1,   0.0261157,  1.67005,1.78584,1.67005,1.67005,1.67005,  -0.11579,-0.20014,   13.26605,-0.00112,-0.00859,  1, 1.67005,1.67005, 0, 1.67005,  1, 14.23994,13.29501, 0, 13.29501,  24.24,24.24, 0, 24.24, 128, 128,   0.306,  -0.602, 1,   0.200,  0.394, -0.246, 10.000,  0.005,
unit_sim,  57262455.964, 0, 24.24500,24.24500, 13.79698,13.26605,0.02766,13.29501,   1.670,  1.670,  0.287,  0,   -12619.1,   0.96742, 0, 
soc0_20220917d, 2022-09-23T13:43:14,  57262455.964, 0.100,   0,  0,  1,  0,  24.2,13.295,     1.670,     0.287,13.26605,    13.79698,0.02770,13.26601,13.58811,  -0.322104, 0.96742,0.99351,0.96742,
unit_sel, 57262456.364, 0, 1,   0.0260340,  1.67005,1.60804,1.73698,1.73698,1.73698,  0.06202,-0.17868,   13.26605,-0.00110,-0.00726,  1, 1.67005,1.73698, 0, 1.67005,  1, 14.22703,13.29526, 0, 13.29526,  24.24,24.24, 0, 24.24, 128, 128,   0.074,  -0.464, 1,   0.200,  0.394, -0.246, 10.000,  0.005,
unit_sim,  57262456.364, 0, 24.24500,24.24500, 13.79698,13.26605,0.02791,13.29526,   1.737,  1.670,  0.287,  0,   -12618.4,   0.96742, 0, 
soc0_20220917d, 2022-09-23T13:43:14,  57262456.364, 0.100,   0,  0,  1,  0,  24.2,13.295,     1.670,     0.287,13.26605,    13.79698,0.02776,13.26620,13.58091,  -0.314713, 0.96742,0.99343,0.96742,
unit_sel, 57262456.764, 0, 1,   0.0259550,  1.73698,1.60804,1.67005,1.67005,1.67005,  0.12894,-0.16230,   13.26605,-0.00132,-0.00619,  1, 1.73698,1.67005, 0, 1.73698,  1, 14.23133,13.29504, 0, 13.29504,  24.24,24.24, 0, 24.24, 128, 128,   0.189,  -0.338, 1,   0.200,  0.394, -0.246, 10.000,  0.005,
unit_sim,  57262456.764, 0, 24.24500,24.24500, 13.79698,13.26605,0.02769,13.29504,   1.670,  1.737,  0.287,  0,   -12617.7,   0.96742, 0, 
soc0_20220917d, 2022-09-23T13:43:16,  57262456.764, 0.100,   0,  0,  1,  0,  24.2,13.295,     1.737,     0.287,13.26605,    13.79698,0.02788,13.26586,13.57396,  -0.308101, 0.96742,0.99336,0.96742,
unit_sel, 57262457.165, 0, 1,   0.0258785,  2.07160,1.96364,1.93775,1.93775,1.93775,  0.10795,-0.14624,   13.26605,-0.00102,-0.00526,  1, 2.07160,1.93775, 0, 2.07160,  1, 14.22703,13.29604, 0, 13.29604,  24.24,24.24, 0, 24.24, 128, 128,   0.919,  -0.194, 1,   0.200,  0.394, -0.246, 10.000,  0.005,
unit_sim,  57262457.165, 0, 24.24500,24.24500, 13.79698,13.26605,0.02869,13.29604,   1.938,  2.072,  0.287,  0,   -12616.9,   0.96742, 0, 
soc0_20220917d, 2022-09-23T13:43:16,  57262457.165, 0.100,   0,  0,  1,  0,  24.2,13.296,     2.072,     0.287,13.26605,    13.79698,0.02918,13.26555,13.56725,  -0.301702, 0.96742,0.99328,0.96742,
unit_sel, 57262457.564, 0, 1,   0.0258045,  2.47315,2.49706,2.27237,2.27237,2.27237,  -0.02391,-0.13314,   13.26605,-0.00096,-0.00447,  1, 2.47315,2.27237, 0, 2.47315,  1, 14.22272,13.29750, 0, 13.29750,  24.24,24.24, 0, 24.24, 128, 128,   1.653,   0.012, 1,   0.200,  0.394, -0.246, 10.000,  0.005,
unit_sim,  57262457.564, 0, 24.24500,24.24500, 13.79698,13.26605,0.03015,13.29750,   2.272,  2.473,  0.287,  0,   -12616.0,   0.96743, 0, 
soc0_20220917d, 2022-09-23T13:43:16,  57262457.564, 0.100,   0,  0,  1,  0,  24.2,13.298,     2.473,     0.287,13.26605,    13.79698,0.03088,13.26532,13.56079,  -0.295473, 0.96743,0.99321,0.96743,
unit_sel, 57262457.964, 0, 1,   0.0257327,  2.87469,2.85266,2.74084,2.74084,2.74084,  0.02203,-0.12847,   13.26605,-0.00065,-0.00381,  1, 2.87469,2.74084, 0, 2.87469,  1, 14.23994,13.29953, 0, 13.29953,  24.24,24.24, 0, 24.24, 128, 128,   1.925,   0.309, 1,   0.200,  0.394, -0.246, 10.000,  0.005,
unit_sim,  57262457.964, 0, 24.24500,24.24500, 13.79698,13.26605,0.03218,13.29953,   2.741,  2.875,  0.288,  0,   -12615.0,   0.96743, 0, 
soc0_20220917d, 2022-09-23T13:43:16,  57262457.964, 0.100,   0,  0,  1,  0,  24.2,13.300,     2.875,     0.288,13.26605,    13.79698,0.03277,13.26546,13.55459,  -0.289131, 0.96743,0.99314,0.96743,
unit_sel, 57262458.364, 0, 1,   0.0256632,  3.07547,3.20827,3.00854,3.00854,3.00854,  -0.13281,-0.12842,   13.26605,-0.00114,-0.00329,  1, 3.07547,3.00854, 0, 3.07547,  1, 14.23994,13.30100, 0, 13.30100,  24.24,24.24, 0, 24.24, 128, 128,   1.660,   0.623, 1,   0.200,  0.394, -0.246, 10.000,  0.005,
unit_sim,  57262458.364, 0, 24.24500,24.24500, 13.79698,13.26605,0.03364,13.30100,   3.009,  3.075,  0.288,  0,   -12613.8,   0.96743, 0, 
soc0_20220917d, 2022-09-23T13:43:16,  57262458.364, 0.100,   0,  0,  1,  0,  24.2,13.301,     3.075,     0.288,13.26605,    13.79698,0.03392,13.26577,13.54861,  -0.282847, 0.96743,0.99308,0.96743,
unit_sel, 57262458.765, 0, 1,   0.0255958,  3.20931,3.38607,3.20931,3.20931,3.20931,  -0.17676,-0.13811,   13.26605,-0.00105,-0.00289,  1, 3.20931,3.20931, 0, 3.20931,  1, 14.23994,13.30194, 0, 13.30194,  24.24,24.24, 0, 24.24, 128, 128,   1.283,   0.886, 1,   0.200,  0.394, -0.246, 10.000,  0.005,
unit_sim,  57262458.765, 0, 24.24500,24.24500, 13.79698,13.26605,0.03458,13.30194,   3.209,  3.209,  0.288,  0,   -12612.5,   0.96743, 0, 
soc0_20220917d, 2022-09-23T13:43:18,  57262458.765, 0.100,   0,  0,  1,  0,  24.2,13.302,     3.209,     0.288,13.26605,    13.79698,0.03467,13.26597,13.54284,  -0.276875, 0.96743,0.99301,0.96744,
unit_sel, 57262459.164, 0, 1,   0.0255304,  3.41009,3.56388,3.34316,3.34316,3.34316,  -0.15379,-0.14779,   13.26605,-0.00109,-0.00257,  1, 3.41009,3.34316, 0, 3.41009,  1, 14.25286,13.30262, 0, 13.30262,  24.24,24.24, 0, 24.24, 128, 128,   0.864,   1.053, 1,   0.200,  0.394, -0.246, 10.000,  0.005,
unit_sim,  57262459.164, 0, 24.24500,24.24500, 13.79698,13.26605,0.03526,13.30262,   3.343,  3.410,  0.288,  0,   -12611.2,   0.96744, 0, 
soc0_20220917d, 2022-09-23T13:43:18,  57262459.164, 0.100,   0,  0,  1,  0,  24.2,13.303,     3.410,     0.288,13.26605,    13.79698,0.03553,13.26578,13.53726,  -0.271477, 0.96744,0.99295,0.96744,
unit_sel, 57262459.564, 0, 1,   0.0254669,  3.54394,3.74168,3.54394,3.54394,3.54394,  -0.19775,-0.15668,   13.26605,-0.00088,-0.00230,  1, 3.54394,3.54394, 0, 3.54394,  1, 14.23994,13.30346, 0, 13.30346,  24.24,24.24, 0, 24.24, 128, 128,   0.836,   1.121, 1,   0.200,  0.394, -0.246, 10.000,  0.005,
unit_sim,  57262459.564, 0, 24.24500,24.24500, 13.79698,13.26605,0.03610,13.30346,   3.544,  3.544,  0.288,  0,   -12609.8,   0.96744, 0, 
soc0_20220917d, 2022-09-23T13:43:18,  57262459.564, 0.100,   0,  0,  1,  0,  24.2,13.303,     3.544,     0.288,13.26605,    13.79698,0.03622,13.26592,13.53187,  -0.265945, 0.96744,0.99289,0.96744,
unit_sel, 57262459.964, 0, 1,   0.0254052,  3.67779,4.09729,3.61086,3.61086,3.61086,  -0.41950,-0.17308,   13.26605,-0.00109,-0.00210,  1, 3.67779,3.61086, 0, 3.67779,  1, 14.23564,13.30392, 0, 13.30392,  24.24,24.24, 0, 24.24, 128, 128,   0.911,   1.124, 1,   0.200,  0.394, -0.246, 10.000,  0.005,
unit_sim,  57262459.964, 0, 24.24500,24.24500, 13.79698,13.26605,0.03655,13.30392,   3.611,  3.678,  0.289,  0,   -12608.3,   0.96745, 0, 
soc0_20220917d, 2022-09-23T13:43:18,  57262459.964, 0.100,   0,  0,  1,  0,  24.2,13.304,     3.678,     0.289,13.26605,    13.79698,0.03683,13.26578,13.52665,  -0.260869, 0.96745,0.99284,0.96745,
unit_sel, 57262460.364, 0, 1,   0.0253452,  3.61086,4.09729,3.61086,3.61086,3.61086,  -0.48643,-0.18829,   13.26605,-0.00116,-0.00195,  1, 3.61086,3.61086, 0, 3.61086,  1, 14.26147,13.30403, 0, 13.30403,  24.24,24.24, 0, 24.24, 128, 128,   0.444,   1.065, 1,   0.200,  0.394, -0.246, 10.000,  0.005,
unit_sim,  57262460.364, 0, 24.24500,24.24500, 13.79698,13.26605,0.03667,13.30403,   3.611,  3.611,  0.289,  0,   -12606.9,   0.96745, 0, 
soc0_20220917d, 2022-09-23T13:43:18,  57262460.364, 0.100,   0,  0,  1,  0,  24.2,13.304,     3.611,     0.289,13.26605,    13.79698,0.03670,13.26602,13.52159,  -0.255567, 0.96745,0.99278,0.96745,
unit_sel, 57262460.764, 0, 1,   0.0252869,  3.67779,3.91949,3.61086,3.61086,3.61086,  -0.24170,-0.19749,   13.26605,-0.00115,-0.00184,  1, 3.67779,3.61086, 0, 3.67779,  1, 14.25286,13.30406, 0, 13.30406,  24.24,24.24, 0, 24.24, 128, 128,   0.172,   0.944, 1,   0.200,  0.394, -0.246, 10.000,  0.005,
unit_sim,  57262460.764, 0, 24.24500,24.24500, 13.79698,13.26605,0.03669,13.30406,   3.611,  3.678,  0.289,  0,   -12605.5,   0.96745, 0, 
soc0_20220917d, 2022-09-23T13:43:20,  57262460.764, 0.100,   0,  0,  1,  0,  24.2,13.304,     3.678,     0.289,13.26605,    13.79698,0.03693,13.26581,13.51667,  -0.250858, 0.96745,0.99273,0.96745,
unit_sel, 57262461.165, 0, 1,   0.0252301,  3.54394,3.91949,3.54394,3.54394,3.54394,  -0.37555,-0.20562,   13.26605,-0.00119,-0.00175,  1, 3.54394,3.54394, 0, 3.54394,  1, 14.24855,13.30383, 0, 13.30383,  24.24,24.24, 0, 24.24, 128, 128,  -0.091,   0.771, 1,   0.200,  0.394, -0.246, 10.000,  0.005,
unit_sim,  57262461.165, 0, 24.24500,24.24500, 13.79698,13.26605,0.03646,13.30383,   3.544,  3.544,  0.289,  0,   -12604.1,   0.96746, 0, 
soc0_20220917d, 2022-09-23T13:43:20,  57262461.165, 0.100,   0,  0,  1,  0,  24.2,13.304,     3.544,     0.289,13.26605,    13.79698,0.03648,13.26604,13.51189,  -0.245857, 0.96746,0.99267,0.96746,
unit_sel, 57262461.564, 0, 1,   0.0251749,  3.41009,3.74168,3.47701,3.47701,3.47701,  -0.33159,-0.21494,   13.26605,-0.00133,-0.00168,  1, 3.41009,3.47701, 0, 3.41009,  1, 14.26578,13.30360, 0, 13.30360,  24.24,24.24, 0, 24.24, 128, 128,  -0.162,   0.578, 1,   0.200,  0.394, -0.246, 10.000,  0.005,
unit_sim,  57262461.564, 0, 24.24500,24.24500, 13.79698,13.26605,0.03623,13.30360,   3.477,  3.410,  0.290,  0,   -12602.7,   0.96746, 0, 
soc0_20220917d, 2022-09-23T13:43:20,  57262461.564, 0.100,   0,  0,  1,  0,  24.2,13.304,     3.410,     0.290,13.26606,    13.79698,0.03602,13.26626,13.50725,  -0.240987, 0.96746,0.99262,0.96746,
unit_sel, 57262461.964, 0, 1,   0.0251212,  3.34316,3.56388,3.34316,3.34316,3.34316,  -0.22072,-0.22635,   13.26606,-0.00140,-0.00164,  1, 3.34316,3.34316, 0, 3.34316,  1, 14.24425,13.30308, 0, 13.30308,  24.24,24.24, 0, 24.24, 128, 128,  -0.507,   0.394, 1,   0.200,  0.394, -0.246, 10.000,  0.005,
unit_sim,  57262461.964, 0, 24.24500,24.24500, 13.79698,13.26606,0.03571,13.30308,   3.343,  3.343,  0.290,  0,   -12601.3,   0.96746, 0, 
soc0_20220917d, 2022-09-23T13:43:20,  57262461.964, 0.100,   0,  0,  1,  0,  24.2,13.303,     3.343,     0.290,13.26606,    13.79698,0.03567,13.26610,13.50272,  -0.236624, 0.96746,0.99257,0.96746,
unit_sel, 57262462.364, 0, 1,   0.0250688,  3.47701,3.74168,3.41009,3.41009,3.41009,  -0.26467,-0.23564,   13.26606,-0.00112,-0.00157,  1, 3.47701,3.41009, 0, 3.47701,  1, 14.26578,13.30322, 0, 13.30322,  24.24,24.24, 0, 24.24, 128, 128,   0.055,   0.228, 1,   0.200,  0.394, -0.246, 10.000,  0.005,
unit_sim,  57262462.364, 0, 24.24500,24.24500, 13.79698,13.26606,0.03585,13.30322,   3.410,  3.477,  0.290,  0,   -12600.0,   0.96747, 0, 
soc0_20220917d, 2022-09-23T13:43:20,  57262462.364, 0.100,   0,  0,  1,  0,  24.2,13.303,     3.477,     0.290,13.26606,    13.79698,0.03611,13.26580,13.49832,  -0.232523, 0.96747,0.99252,0.96747,
unit_sel, 57262462.764, 0, 1,   0.0250178,  3.54394,3.91949,3.47701,3.47701,3.47701,  -0.37555,-0.24007,   13.26606,-0.00129,-0.00151,  1, 3.54394,3.47701, 0, 3.54394,  1, 14.25717,13.30364, 0, 13.30364,  24.24,24.24, 0, 24.24, 128, 128,   0.286,   0.130, 1,   0.200,  0.394, -0.246, 10.000,  0.005,
unit_sim,  57262462.764, 0, 24.24500,24.24500, 13.79698,13.26606,0.03627,13.30364,   3.477,  3.544,  0.290,  0,   -12598.6,   0.96747, 0, 
soc0_20220917d, 2022-09-23T13:43:22,  57262462.764, 0.100,   0,  0,  1,  0,  24.2,13.304,     3.544,     0.290,13.26606,    13.79698,0.03649,13.26584,13.49406,  -0.228219, 0.96747,0.99248,0.96747,
unit_sel, 57262463.165, 0, 1,   0.0249681,  3.54394,3.91949,3.47701,3.47701,3.47701,  -0.37555,-0.25430,   13.26606,-0.00132,-0.00147,  1, 3.54394,3.47701, 0, 3.54394,  1, 14.25717,13.30371, 0, 13.30371,  24.24,24.24, 0, 24.24, 128, 128,   0.235,   0.098, 1,   0.200,  0.394, -0.246, 10.000,  0.005,
unit_sim,  57262463.165, 0, 24.24500,24.24500, 13.79698,13.26606,0.03633,13.30371,   3.477,  3.544,  0.290,  0,   -12597.2,   0.96747, 0, 
soc0_20220917d, 2022-09-23T13:43:22,  57262463.165, 0.100,   0,  0,  1,  0,  24.2,13.304,     3.544,     0.290,13.26606,    13.79698,0.03654,13.26585,13.48991,  -0.224055, 0.96747,0.99243,0.96748,
unit_sel, 57262463.564, 0, 1,   0.0249197,  3.61086,3.91949,3.54394,3.54394,3.54394,  -0.30862,-0.26012,   13.26606,-0.00115,-0.00143,  1, 3.61086,3.54394, 0, 3.61086,  1, 14.27008,13.30397, 0, 13.30397,  24.24,24.24, 0, 24.24, 128, 128,   0.095,   0.089, 1,   0.200,  0.394, -0.246, 10.000,  0.005,
unit_sim,  57262463.564, 0, 24.24500,24.24500, 13.79698,13.26606,0.03660,13.30397,   3.544,  3.611,  0.291,  0,   -12595.8,   0.96748, 0, 
soc0_20220917d, 2022-09-23T13:43:22,  57262463.564, 0.100,   0,  0,  1,  0,  24.2,13.304,     3.611,     0.291,13.26606,    13.79698,0.03684,13.26582,13.48588,  -0.220060, 0.96748,0.99239,0.96748,
unit_sel, 57262463.964, 0, 1,   0.0248725,  3.54394,3.91949,3.47701,3.47701,3.47701,  -0.37555,-0.26812,   13.26606,-0.00138,-0.00142,  1, 3.54394,3.47701, 0, 3.54394,  1, 14.25717,13.30383, 0, 13.30383,  24.24,24.24, 0, 24.24, 128, 128,  -0.066,   0.081, 1,   0.200,  0.394, -0.246, 10.000,  0.005,
unit_sim,  57262463.964, 0, 24.24500,24.24500, 13.79698,13.26606,0.03645,13.30383,   3.477,  3.544,  0.291,  0,   -12594.4,   0.96748, 0, 
soc0_20220917d, 2022-09-23T13:43:22,  57262463.964, 0.100,   0,  0,  1,  0,  24.2,13.304,     3.544,     0.291,13.26606,    13.79698,0.03663,13.26588,13.48195,  -0.216072, 0.96748,0.99234,0.96748,
unit_sel, 57262464.364, 0, 1,   0.0248264,  3.47701,3.91949,3.47701,3.47701,3.47701,  -0.44247,-0.27807,   13.26606,-0.00133,-0.00140,  1, 3.47701,3.47701, 0, 3.47701,  1, 14.26578,13.30382, 0, 13.30382,  24.24,24.24, 0, 24.24, 128, 128,  -0.111,   0.065, 1,   0.200,  0.394, -0.246, 10.000,  0.005,
unit_sim,  57262464.364, 0, 24.24500,24.24500, 13.79698,13.26606,0.03644,13.30382,   3.477,  3.477,  0.291,  0,   -12593.0,   0.96748, 0, 
soc0_20220917d, 2022-09-23T13:43:22,  57262464.364, 0.100,   0,  0,  1,  0,  24.2,13.304,     3.477,     0.291,13.26606,    13.79698,0.03643,13.26606,13.47813,  -0.212074, 0.96748,0.99230,0.96749,
unit_sel, 57262464.764, 0, 1,   0.0247815,  3.54394,3.91949,3.41009,3.41009,3.41009,  -0.37555,-0.28640,   13.26606,-0.00122,-0.00140,  1, 3.54394,3.41009, 0, 3.54394,  1, 14.27870,13.30352, 0, 13.30352,  24.24,24.24, 0, 24.24, 128, 128,   0.018,   0.035, 1,   0.200,  0.394, -0.246, 10.000,  0.005,
unit_sim,  57262464.764, 0, 24.24500,24.24500, 13.79698,13.26606,0.03614,13.30352,   3.410,  3.544,  0.291,  0,   -12591.6,   0.96749, 0, 
soc0_20220917d, 2022-09-23T13:43:24,  57262464.764, 0.100,   0,  0,  1,  0,  24.2,13.304,     3.544,     0.291,13.26606,    13.79698,0.03655,13.26565,13.47441,  -0.208761, 0.96749,0.99226,0.96749,
unit_sel, 57262465.164, 0, 1,   0.0247377,  3.47701,3.91949,3.54394,3.54394,3.54394,  -0.44247,-0.29631,   13.26606,-0.00094,-0.00137,  1, 3.47701,3.54394, 0, 3.47701,  1, 14.26147,13.30398, 0, 13.30398,  24.24,24.24, 0, 24.24, 128, 128,   0.211,   0.014, 1,   0.200,  0.394, -0.246, 10.000,  0.005,
unit_sim,  57262465.164, 0, 24.24500,24.24500, 13.79698,13.26606,0.03660,13.30398,   3.544,  3.477,  0.292,  0,   -12590.2,   0.96749, 0, 
soc0_20220917d, 2022-09-23T13:43:24,  57262465.164, 0.100,   0,  0,  1,  0,  24.2,13.304,     3.477,     0.292,13.26606,    13.79698,0.03650,13.26616,13.47079,  -0.204626, 0.96749,0.99222,0.96749,
unit_sel, 57262465.564, 0, 1,   0.0246949,  3.41009,3.74168,3.41009,3.41009,3.41009,  -0.33159,-0.30029,   13.26606,-0.00120,-0.00138,  1, 3.41009,3.41009, 0, 3.41009,  1, 14.26147,13.30356, 0, 13.30356,  24.24,24.24, 0, 24.24, 128, 128,  -0.187,  -0.011, 1,   0.200,  0.394, -0.246, 10.000,  0.005,
unit_sim,  57262465.564, 0, 24.24500,24.24500, 13.79698,13.26606,0.03617,13.30356,   3.410,  3.410,  0.292,  0,   -12588.9,   0.96750, 0, 
soc0_20220917d, 2022-09-23T13:43:24,  57262465.564, 0.100,   0,  0,  1,  0,  24.2,13.304,     3.410,     0.292,13.26606,    13.79698,0.03619,13.26604,13.46726,  -0.201214, 0.96750,0.99218,0.96750,
unit_sel, 57262465.964, 0, 1,   0.0246532,  3.27624,3.74168,3.34316,3.34316,3.34316,  -0.46544,-0.31124,   13.26606,-0.00137,-0.00138,  1, 3.27624,3.34316, 0, 3.27624,  1, 14.26147,13.30336, 0, 13.30336,  24.24,24.24, 0, 24.24, 128, 128,  -0.280,  -0.039, 1,   0.200,  0.394, -0.246, 10.000,  0.005,
unit_sim,  57262465.964, 0, 24.24500,24.24500, 13.79698,13.26606,0.03597,13.30336,   3.343,  3.276,  0.292,  0,   -12587.5,   0.96750, 0, 
soc0_20220917d, 2022-09-23T13:43:24,  57262465.964, 0.100,   0,  0,  1,  0,  24.2,13.303,     3.276,     0.292,13.26606,    13.79698,0.03575,13.26628,13.46381,  -0.197524, 0.96750,0.99214,0.96750,
unit_sel, 57262466.364, 0, 1,   0.0246124,  3.34316,3.74168,3.34316,3.34316,3.34316,  -0.39852,-0.31709,   13.26606,-0.00114,-0.00137,  1, 3.34316,3.34316, 0, 3.34316,  1, 14.27008,13.30324, 0, 13.30324,  24.24,24.24, 0, 24.24, 128, 128,   0.005,  -0.079, 1,   0.200,  0.394, -0.246, 10.000,  0.005,
unit_sim,  57262466.364, 0, 24.24500,24.24500, 13.79698,13.26606,0.03585,13.30324,   3.343,  3.343,  0.292,  0,   -12586.2,   0.96750, 0, 
soc0_20220917d, 2022-09-23T13:43:24,  57262466.364, 0.100,   0,  0,  1,  0,  24.2,13.303,     3.343,     0.292,13.26606,    13.79698,0.03590,13.26601,13.46045,  -0.194438, 0.96750,0.99211,0.96750,
unit_sel, 57262466.764, 0, 1,   0.0245726,  3.27624,3.56388,3.34316,3.34316,3.34316,  -0.28764,-0.32367,   13.26606,-0.00114,-0.00136,  1, 3.27624,3.34316, 0, 3.27624,  1, 14.27870,13.30327, 0, 13.30327,  24.24,24.24, 0, 24.24, 128, 128,  -0.191,  -0.099, 1,   0.200,  0.394, -0.246, 10.000,  0.005,
unit_sim,  57262466.764, 0, 24.24500,24.24500, 13.79698,13.26606,0.03588,13.30327,   3.343,  3.276,  0.293,  0,   -12584.9,   0.96751, 0, 
soc0_20220917d, 2022-09-23T13:43:26,  57262466.764, 0.100,   0,  0,  1,  0,  24.2,13.303,     3.276,     0.293,13.26606,    13.79698,0.03573,13.26621,13.45717,  -0.190956, 0.96751,0.99207,0.96751,
unit_sel, 57262467.164, 0, 1,   0.0245337,  3.27624,3.74168,3.27624,3.27624,3.27624,  -0.46544,-0.32774,   13.26606,-0.00133,-0.00136,  1, 3.27624,3.27624, 0, 3.27624,  1, 14.25286,13.30308, 0, 13.30308,  24.24,24.24, 0, 24.24, 128, 128,  -0.080,  -0.119, 1,   0.200,  0.394, -0.246, 10.000,  0.005,
unit_sim,  57262467.164, 0, 24.24500,24.24500, 13.79698,13.26606,0.03569,13.30308,   3.276,  3.276,  0.293,  0,   -12583.6,   0.96751, 0, 
soc0_20220917d, 2022-09-23T13:43:26,  57262467.164, 0.100,   0,  0,  1,  0,  24.2,13.303,     3.276,     0.293,13.26606,    13.79698,0.03569,13.26606,13.45397,  -0.187912, 0.96751,0.99203,0.96751,
echo:  Rf, 4
echo:  Rf, 0
Reset latches
reset ib flt
reset vb flts
reset tb flts
Rf1
unit_sel, 57262467.565, 0, 1,   0.0244958,  3.27624,3.56388,3.20931,3.20931,3.20931,  -0.28764,-0.28764,   13.26606,-0.00150,-0.00150,  1, 3.27624,3.20931, 0, 3.27624,  1, 14.26578,13.30287, 0, 14.26578,  24.24,24.24, 0, 24.24, 128, 0,  -0.177,  -0.177, 1,   0.200,  0.394, -0.246, 10.000,  0.005,
unit_sim,  57262467.565, 0, 24.24500,24.24500, 13.79698,13.26606,0.03547,13.30287,   3.209,  3.276,  0.293,  0,   -12582.3,   0.96751, 0, 
soc0_20220917d, 2022-09-23T13:43:26,  57262467.565, 0.100,   0,  0,  1,  0,  24.2,14.266,     3.276,     0.293,13.26606,    13.79698,0.03564,14.22881,13.45086,   0.777953, 0.96751,0.99205,0.96751,
reset ib flt
reset vb flts
reset tb flts
Rf2
reset ib flt
reset vb flts
reset tb flts
unit_sel, 57262467.964, 0, 1,   0.0246078,  3.20931,3.56388,3.20931,3.20931,3.20931,  -0.35456,-0.35456,   13.26606,-0.97289,-0.09355,  1, 3.20931,3.20931, 0, 3.20931,  1, 14.27870,13.30283, 0, 14.27870,  24.24,24.24, 0, 24.24, 128, 0,  -0.121,  -0.180, 1,   0.200,  0.394, -0.246, 10.000,  0.005,
unit_sim,  57262467.964, 0, 24.24500,24.24500, 13.79698,13.26606,0.03543,13.30283,   3.209,  3.209,  0.293,  0,   -12581.0,   0.96752, 0, 
soc0_20220917d, 2022-09-23T13:43:26,  57262467.964, 0.100,   0,  0,  1,  0,  24.2,14.279,     3.209,     0.293,13.26606,    13.79698,0.03543,14.24194,13.46124,   0.780697, 0.96752,0.99217,0.96752,
unit_sel, 57262468.364, 0, 1,   0.0247825,  3.27624,3.74168,3.20931,3.20931,3.20931,  -0.46544,-0.36008,   13.26606,-0.96859,-0.25353,  1, 3.27624,3.20931, 0, 3.27624,  1, 14.26147,13.30283, 0, 14.26147,  24.24,24.24, 0, 24.24, 192, 0,   0.131,  -0.162, 1,   0.200,  0.394, -0.246, 10.000,  0.005,
unit_sim,  57262468.364, 0, 24.24500,24.24500, 13.79698,13.26606,0.03543,13.30283,   3.209,  3.276,  0.293,  0,   -12579.7,   0.96752, 0, 
soc0_20220917d, 2022-09-23T13:43:26,  57262468.364, 0.100,   0,  0,  1,  0,  24.2,14.261,     3.276,     0.293,13.26606,    13.79698,0.03564,14.22450,13.47725,   0.747247, 0.96752,0.99235,0.96752,
unit_sel, 57262468.764, 0, 1,   0.0249681,  3.20931,3.56388,3.20931,3.20931,3.20931,  -0.35456,-0.35968,   13.26607,-0.98580,-0.38384,  1, 3.20931,3.20931, 0, 3.20931,  1, 14.27870,13.30284, 0, 14.27870,  24.24,24.24, 0, 24.24, 192, 0,  -0.089,  -0.136, 1,   0.200,  0.394, -0.246, 10.000,  0.005,
unit_sim,  57262468.764, 0, 24.24500,24.24500, 13.79698,13.26607,0.03544,13.30284,   3.209,  3.209,  0.294,  0,   -12578.4,   0.96752, 0, 
soc0_20220917d, 2022-09-23T13:43:28,  57262468.764, 0.100,   0,  0,  1,  0,  24.2,14.279,     3.209,     0.294,13.26607,    13.79698,0.03545,14.24191,13.49426,   0.747653, 0.96752,0.99254,0.96752,
unit_sel, 57262469.164, 0, 1,   0.0251644,  3.27624,3.74168,3.20931,3.20931,3.20931,  -0.46544,-0.36620,   13.26607,-0.95138,-0.48959,  1, 3.27624,3.20931, 0, 3.27624,  1, 14.27439,13.30282, 0, 14.27439,  24.24,24.24, 0, 24.24, 192, 0,   0.335,  -0.115, 1,   0.200,  0.394, -0.246, 10.000,  0.005,
unit_sim,  57262469.164, 0, 24.24500,24.24500, 13.79698,13.26607,0.03542,13.30282,   3.209,  3.276,  0.294,  0,   -12577.2,   0.96753, 0, 
soc0_20220917d, 2022-09-23T13:43:28,  57262469.164, 0.100,   0,  0,  1,  0,  24.2,14.274,     3.276,     0.294,13.26607,    13.79698,0.03565,14.23741,13.51223,   0.725175, 0.96753,0.99274,0.96753,
unit_sel, 57262469.564, 0, 1,   0.0253745,  3.41009,3.74168,3.27624,3.27624,3.27624,  -0.33159,-0.36994,   13.26607,-0.98113,-0.57758,  1, 3.41009,3.27624, 0, 3.41009,  1, 14.26578,13.30321, 0, 14.26578,  24.24,24.24, 0, 24.24, 192, 0,   0.292,  -0.059, 1,   0.200,  0.394, -0.246, 10.000,  0.005,
unit_sim,  57262469.564, 0, 24.24500,24.24500, 13.79698,13.26607,0.03581,13.30321,   3.276,  3.410,  0.294,  0,   -12575.8,   0.96753, 0, 
soc0_20220917d, 2022-09-23T13:43:28,  57262469.564, 0.100,   0,  0,  1,  0,  24.2,14.266,     3.410,     0.294,13.26607,    13.79698,0.03621,14.22823,13.53145,   0.696784, 0.96753,0.99296,0.96753,
unit_sel, 57262469.964, 0, 1,   0.0255947,  3.47701,3.74168,3.27624,3.27624,3.27624,  -0.26467,-0.36785,   13.26607,-0.97250,-0.64879,  1, 3.47701,3.27624, 0, 3.47701,  1, 14.29161,13.30323, 0, 14.29161,  24.24,24.24, 0, 24.24, 192, 0,   0.349,  -0.020, 1,   0.200,  0.394, -0.246, 10.000,  0.005,
unit_sim,  57262469.964, 0, 24.24500,24.24500, 13.79698,13.26607,0.03582,13.30323,   3.276,  3.477,  0.294,  0,   -12574.5,   0.96753, 0, 
soc0_20220917d, 2022-09-23T13:43:28,  57262469.964, 0.100,   0,  0,  1,  0,  24.2,14.292,     3.477,     0.294,13.26607,    13.79698,0.03643,14.25385,13.55157,   0.702279, 0.96753,0.99319,0.96753,
unit_sel, 57262470.364, 0, 1,   0.0258293,  3.67779,3.91949,3.67779,3.67779,3.67779,  -0.24170,-0.35811,   13.26607,-0.97971,-0.70904,  1, 3.67779,3.67779, 0, 3.67779,  1, 14.27439,13.30463, 0, 14.27439,  24.24,24.24, 0, 24.24, 192, 0,   0.789,   0.040, 1,   0.200,  0.394, -0.246, 10.000,  0.005,
unit_sim,  57262470.364, 0, 24.24500,24.24500, 13.79698,13.26607,0.03723,13.30463,   3.678,  3.678,  0.294,  0,   -12573.1,   0.96754, 0, 
soc0_20220917d, 2022-09-23T13:43:28,  57262470.364, 0.100,   0,  0,  1,  0,  24.2,14.274,     3.678,     0.294,13.26607,    13.79698,0.03747,14.23558,13.57302,   0.662567, 0.96754,0.99343,0.96754,
unit_sel, 57262470.764, 0, 1,   0.0260726,  3.87856,4.09729,3.74471,3.74471,3.74471,  -0.21873,-0.35427,   13.26607,-0.98767,-0.75772,  1, 3.87856,3.74471, 0, 3.87856,  1, 14.28300,13.30528, 0, 14.28300,  24.24,24.24, 0, 24.24, 192, 0,   0.918,   0.151, 1,   0.200,  0.394, -0.246, 10.000,  0.005,
unit_sim,  57262470.764, 0, 24.24500,24.24500, 13.79698,13.26607,0.03788,13.30528,   3.745,  3.879,  0.295,  0,   -12571.6,   0.96754, 0, 
soc0_20220917d, 2022-09-23T13:43:30,  57262470.764, 0.100,   0,  0,  1,  0,  24.2,14.283,     3.879,     0.295,13.26607,    13.79698,0.03837,14.24329,13.59526,   0.648033, 0.96754,0.99368,0.96754,
unit_sel, 57262471.164, 0, 1,   0.0263245,  4.01241,4.27509,3.94548,3.94548,3.94548,  -0.26269,-0.34135,   13.26607,-0.98241,-0.79735,  1, 4.01241,3.94548, 0, 4.01241,  1, 14.29161,13.30624, 0, 14.29161,  24.24,24.24, 0, 24.24, 192, 0,   0.876,   0.269, 1,   0.200,  0.394, -0.246, 10.000,  0.005,
unit_sim,  57262471.164, 0, 24.24500,24.24500, 13.79698,13.26607,0.03883,13.30624,   3.945,  4.012,  0.295,  0,   -12570.0,   0.96754, 0, 
soc0_20220917d, 2022-09-23T13:43:30,  57262471.164, 0.100,   0,  0,  1,  0,  24.2,14.292,     4.012,     0.295,13.26607,    13.79698,0.03913,14.25114,13.61829,   0.632857, 0.96754,0.99393,0.96755,
unit_sel, 57262471.564, 0, 1,   0.0265865,  4.14626,4.45290,4.07933,4.07933,4.07933,  -0.30664,-0.33835,   13.26607,-0.97742,-0.83097,  1, 4.14626,4.07933, 0, 4.14626,  1, 14.27870,13.30692, 0, 14.27870,  24.24,24.24, 0, 24.24, 192, 0,   0.980,   0.391, 1,   0.200,  0.394, -0.246, 10.000,  0.005,
unit_sim,  57262471.564, 0, 24.24500,24.24500, 13.79698,13.26607,0.03951,13.30692,   4.079,  4.146,  0.295,  0,   -12568.4,   0.96755, 0, 
soc0_20220917d, 2022-09-23T13:43:30,  57262471.564, 0.100,   0,  0,  1,  0,  24.2,14.279,     4.146,     0.295,13.26607,    13.79698,0.03980,14.23755,13.64225,   0.595299, 0.96755,0.99420,0.96755,
unit_sel, 57262471.964, 0, 1,   0.0268524,  4.41395,4.80850,4.28011,4.28011,4.28011,  -0.39455,-0.33506,   13.26607,-0.98083,-0.85768,  1, 4.41395,4.28011, 0, 4.41395,  1, 14.30453,13.30782, 0, 14.30453,  24.24,24.24, 0, 24.24, 192, 0,   1.151,   0.500, 1,   0.200,  0.394, -0.246, 10.000,  0.005,
unit_sim,  57262471.964, 0, 24.24500,24.24500, 13.79698,13.26607,0.04041,13.30782,   4.280,  4.414,  0.296,  0,   -12566.7,   0.96755, 0, 
soc0_20220917d, 2022-09-23T13:43:30,  57262471.964, 0.100,   0,  0,  1,  0,  24.2,14.305,     4.414,     0.296,13.26607,    13.79698,0.04094,14.26225,13.66657,   0.595678, 0.96755,0.99448,0.96755,
unit_sel, 57262472.364, 0, 1,   0.0271246,  4.68165,4.80850,4.61473,4.61473,4.61473,  -0.12685,-0.32584,   13.26607,-0.97069,-0.88032,  1, 4.68165,4.61473, 0, 4.68165,  1, 14.30023,13.30935, 0, 14.30023,  24.24,24.24, 0, 24.24, 192, 0,   1.168,   0.620, 1,   0.200,  0.394, -0.246, 10.000,  0.005,
unit_sim,  57262472.364, 0, 24.24500,24.24500, 13.79698,13.26607,0.04194,13.30935,   4.615,  4.682,  0.296,  0,   -12564.9,   0.96756, 0, 
soc0_20220917d, 2022-09-23T13:43:30,  57262472.364, 0.100,   0,  0,  1,  0,  24.2,14.300,     4.682,     0.296,13.26607,    13.79698,0.04231,14.25657,13.69149,   0.565084, 0.96756,0.99475,0.96756,
unit_sel, 57262472.764, 0, 1,   0.0274031,  4.81550,4.98631,4.81550,4.81550,4.81550,  -0.17081,-0.31769,   13.26607,-0.99111,-0.90048,  1, 4.81550,4.81550, 0, 4.81550,  1, 14.29592,13.31047, 0, 14.29592,  24.24,24.24, 0, 24.24, 192, 0,   0.953,   0.738, 1,   0.200,  0.394, -0.246, 10.000,  0.005,
unit_sim,  57262472.764, 0, 24.24500,24.24500, 13.79698,13.26607,0.04305,13.31047,   4.816,  4.816,  0.296,  0,   -12563.0,   0.96756, 0, 
soc0_20220917d, 2022-09-23T13:43:32,  57262472.764, 0.100,   0,  0,  1,  0,  24.2,14.296,     4.816,     0.296,13.26607,    13.79698,0.04316,14.25141,13.71701,   0.534404, 0.96756,0.99504,0.96756,
unit_sel, 57262473.164, 0, 1,   0.0276801,  5.08320,5.34192,4.94935,4.94935,4.94935,  -0.25872,-0.31117,   13.26607,-0.99470,-0.91628,  1, 5.08320,4.94935, 0, 5.08320,  1, 14.30453,13.31118, 0, 14.30453,  24.24,24.24, 0, 24.24, 192, 0,   1.338,   0.815, 1,   0.200,  0.394, -0.246, 10.000,  0.005,
unit_sim,  57262473.164, 0, 24.24500,24.24500, 13.79698,13.26607,0.04376,13.31118,   4.949,  5.083,  0.296,  0,   -12561.0,   0.96757, 0, 
soc0_20220917d, 2022-09-23T13:43:32,  57262473.164, 0.100,   0,  0,  1,  0,  24.2,14.305,     5.083,     0.296,13.26607,    13.79698,0.04427,14.25892,13.75881,   0.500103, 0.96757,0.99532,0.96757,
unit_sel, 57262473.564, 0, 1,   0.0279582,  5.35090,5.51972,5.21705,5.21705,5.21705,  -0.16882,-0.30494,   13.26607,-0.98049,-0.93047,  1, 5.35090,5.21705, 0, 5.35090,  1, 14.30023,13.31248, 0, 14.30023,  24.24,24.24, 0, 24.24, 192, 0,   1.283,   0.892, 1,   0.200,  0.394, -0.246, 10.000,  0.005,
unit_sim,  57262473.564, 0, 24.24500,24.24500, 13.79698,13.26607,0.04505,13.31248,   5.217,  5.351,  0.297,  0,   -12558.9,   0.96757, 0, 
soc0_20220917d, 2022-09-23T13:43:32,  57262473.564, 0.100,   0,  0,  1,  0,  24.2,14.300,     5.351,     0.297,13.26607,    13.79698,0.04558,14.25330,13.80303,   0.450275, 0.96757,0.99560,0.96757,
unit_sel, 57262473.964, 0, 1,   0.0282335,  5.48474,5.87533,5.35090,5.35090,5.35090,  -0.39058,-0.31246,   13.26608,-1.00976,-0.94377,  1, 5.48474,5.35090, 0, 5.48474,  1, 14.30453,13.31335, 0, 14.30453,  24.24,24.24, 0, 24.24, 192, 0,   1.254,   0.969, 1,   0.200,  0.394, -0.246, 10.000,  0.005,
unit_sim,  57262473.964, 0, 24.24500,24.24500, 13.79698,13.26608,0.04592,13.31335,   5.351,  5.485,  0.297,  0,   -12556.8,   0.96758, 0, 
soc0_20220917d, 2022-09-23T13:43:32,  57262473.964, 0.100,   0,  0,  1,  0,  24.2,14.305,     5.485,     0.297,13.26608,    13.79698,0.04637,14.25681,13.84684,   0.409975, 0.96758,0.99588,0.96758,
unit_sel, 57262474.364, 0, 1,   0.0284898,  5.68552,6.05313,5.61859,5.61859,5.61859,  -0.36761,-0.32218,   13.26608,-1.00432,-0.95291,  1, 5.68552,5.61859, 0, 5.68552,  1, 14.32176,13.31448, 0, 14.32176,  24.24,24.24, 0, 24.24, 192, 0,   1.159,   1.030, 1,   0.200,  0.394, -0.246, 10.000,  0.005,
unit_sim,  57262474.364, 0, 24.24500,24.24500, 13.79698,13.26608,0.04705,13.31448,   5.619,  5.686,  0.298,  0,   -12554.6,   0.96758, 0, 
soc0_20220917d, 2022-09-23T13:43:32,  57262474.364, 0.100,   0,  0,  1,  0,  24.2,14.322,     5.686,     0.298,13.26608,    13.79698,0.04740,14.27301,13.88773,   0.385273, 0.96758,0.99614,0.96759,
unit_sel, 57262474.764, 0, 1,   0.0287380,  5.88629,6.40874,5.81937,5.81937,5.81937,  -0.52245,-0.33502,   13.26608,-1.00754,-0.96269,  1, 5.88629,5.81937, 0, 5.88629,  1, 14.31745,13.31557, 0, 14.31745,  24.24,24.24, 0, 24.24, 192, 0,   1.178,   1.072, 1,   0.200,  0.394, -0.246, 10.000,  0.005,
unit_sim,  57262474.764, 0, 24.24500,24.24500, 13.79698,13.26608,0.04814,13.31557,   5.819,  5.886,  0.298,  0,   -12552.3,   0.96759, 0, 
soc0_20220917d, 2022-09-23T13:43:34,  57262474.764, 0.100,   0,  0,  1,  0,  24.2,14.317,     5.886,     0.298,13.26608,    13.79698,0.04846,14.26764,13.92738,   0.340257, 0.96759,0.99639,0.96759,
unit_sel, 57262475.164, 0, 1,   0.0289691,  6.08706,6.58654,6.08706,6.08706,6.08706,  -0.49948,-0.34726,   13.26608,-1.01491,-0.97135,  1, 6.08706,6.08706, 0, 6.08706,  1, 14.34329,13.31681, 0, 14.34329,  24.24,24.24, 0, 24.24, 192, 0,   1.249,   1.100, 1,   0.200,  0.394, -0.246, 10.000,  0.005,
unit_sim,  57262475.164, 0, 24.24500,24.24500, 13.79698,13.26608,0.04938,13.31681,   6.087,  6.087,  0.298,  0,   -12549.9,   0.96760, 0, 
soc0_20220917d, 2022-09-23T13:43:34,  57262475.164, 0.100,   0,  0,  1,  0,  24.2,14.343,     6.087,     0.298,13.26608,    13.79698,0.04955,14.29238,13.96439,   0.327989, 0.96760,0.99662,0.96760,
unit_sel, 57262475.564, 0, 1,   0.0291844,  6.28784,6.94215,6.15399,6.15399,6.15399,  -0.65431,-0.36836,   13.26608,-1.01854,-0.97969,  1, 6.28784,6.15399, 0, 6.28784,  1, 14.33467,13.31749, 0, 14.33467,  24.24,24.24, 0, 24.24, 192, 0,   1.123,   1.124, 1,   0.200,  0.394, -0.246, 10.000,  0.005,
unit_sim,  57262475.564, 0, 24.24500,24.24500, 13.79698,13.26608,0.05006,13.31749,   6.154,  6.288,  0.299,  0,   -12547.4,   0.96760, 0, 
soc0_20220917d, 2022-09-23T13:43:34,  57262475.564, 0.100,   0,  0,  1,  0,  24.2,14.335,     6.288,     0.299,13.26608,    13.79698,0.05051,14.28281,13.99897,   0.283838, 0.96760,0.99684,0.96760,
unit_sel, 57262475.965, 0, 1,   0.0293833,  6.48861,7.11995,6.48861,6.48861,6.48861,  -0.63134,-0.38772,   13.26608,-1.02563,-0.98795,  1, 6.48861,6.48861, 0, 6.48861,  1, 14.33467,13.31902, 0, 14.33467,  24.24,24.24, 0, 24.24, 192, 0,   1.160,   1.151, 1,   0.200,  0.394, -0.246, 10.000,  0.005,
unit_sim,  57262475.965, 0, 24.24500,24.24500, 13.79698,13.26608,0.05158,13.31902,   6.489,  6.489,  0.299,  0,   -12544.8,   0.96761, 0, 
soc0_20220917d, 2022-09-23T13:43:34,  57262475.965, 0.100,   0,  0,  1,  0,  24.2,14.335,     6.489,     0.299,13.26608,    13.79698,0.05171,14.28161,14.03105,   0.250559, 0.96761,0.99704,0.96761,
unit_sel, 57262476.364, 0, 1,   0.0295594,  6.89016,7.65336,6.75631,6.75631,6.75631,  -0.76321,-0.40904,   13.26608,-1.03296,-0.99432,  1, 6.89016,6.75631, 0, 6.89016,  1, 14.35620,13.32030, 0, 14.35620,  24.24,24.24, 0, 24.24, 192, 0,   1.721,   1.172, 1,   0.200,  0.394, -0.246, 10.000,  0.005,
unit_sim,  57262476.364, 0, 24.24500,24.24500, 13.79698,13.26608,0.05286,13.32030,   6.756,  6.890,  0.300,  0,   -12542.1,   0.96762, 0, 
soc0_20220917d, 2022-09-23T13:43:34,  57262476.364, 0.100,   0,  0,  1,  0,  24.2,14.356,     6.890,     0.300,13.26608,    13.79698,0.05344,14.30141,14.05958,   0.241823, 0.96762,0.99722,0.96762,
unit_sel, 57262476.764, 0, 1,   0.0297252,  7.09093,7.83117,7.09093,7.09093,7.09093,  -0.74024,-0.43205,   13.26608,-1.03997,-1.00214,  1, 7.09093,7.09093, 0, 7.09093,  1, 14.34759,13.32191, 0, 14.34759,  24.24,24.24, 0, 24.24, 192, 0,   1.589,   1.216, 1,   0.200,  0.394, -0.246, 10.000,  0.005,
unit_sim,  57262476.764, 0, 24.24500,24.24500, 13.79698,13.26608,0.05446,13.32191,   7.091,  7.091,  0.300,  0,   -12539.3,   0.96762, 0, 
soc0_20220917d, 2022-09-23T13:43:36,  57262476.764, 0.100,   0,  0,  1,  0,  24.2,14.348,     7.091,     0.300,13.26608,    13.79698,0.05468,14.29155,14.08659,   0.204960, 0.96762,0.99739,0.96762,
unit_sel, 57262477.165, 0, 1,   0.0298736,  7.35863,8.00897,7.29170,7.29170,7.29170,  -0.65034,-0.45225,   13.26608,-1.04742,-1.00916,  1, 7.35863,7.29170, 0, 7.35863,  1, 14.35620,13.32307, 0, 14.35620,  24.24,24.24, 0, 24.24, 192, 0,   1.379,   1.250, 1,   0.200,  0.394, -0.246, 10.000,  0.005,
unit_sim,  57262477.165, 0, 24.24500,24.24500, 13.79698,13.26608,0.05561,13.32307,   7.292,  7.359,  0.301,  0,   -12536.4,   0.96763, 0, 
soc0_20220917d, 2022-09-23T13:43:36,  57262477.165, 0.100,   0,  0,  1,  0,  24.2,14.356,     7.359,     0.301,13.26608,    13.79698,0.05600,14.29884,14.11090,   0.187935, 0.96763,0.99754,0.96763,
unit_sel, 57262477.564, 0, 1,   0.0296535,  -0.94000,0.18561,2.80777,2.80777,2.80777,  -1.12561,-0.49009,   13.26608,-0.01512,-0.91622,  1, -0.94000,2.80777, 0, -0.94000,  1, 14.32606,13.31023, 0, 13.31023,  24.24,24.24, 0, 24.24, 192, 192,  -5.000,   1.114, 1,   0.200,  0.394, -0.246, 10.000,  0.005,
unit_sim,  57262477.564, 0, 24.24500,24.24500, 13.79698,13.26609,0.04277,13.31023,   2.808, -0.940,  0.301,  0,   -12534.8,   0.96763, 0, 
soc0_20220917d, 2022-09-23T13:43:36,  57262477.564, 0.100,   0,  0,  1,  0,  24.2,13.310,    -0.940,     0.301,13.26609,    13.79698,0.02787,13.28100,14.07720,  -0.796209, 0.96763,0.99716,0.96764,
unit_sel, 57262477.964, 0, 1,   0.0291749,  -3.68390,-3.90388,-3.55005,-3.55005,-3.55005,  0.21998,-0.46561,   13.26609,-0.00452,-0.75185,  1, -3.68390,-3.55005, 0, -3.68390,  1, 14.26578,13.27632, 0, 13.27632,  24.24,24.24, 0, 24.24, 192, 192,  -5.000,   0.380, 1,   0.200,  0.394, -0.246, 10.000,  0.005,
unit_sim,  57262477.964, 0, 24.24500,24.24500, 13.79698,13.26608,0.00887,13.27632,  -3.550, -3.684,  0.301,  0,   -12536.1,   0.96763, 0, 
soc0_20220917d, 2022-09-23T13:43:36,  57262477.964, 0.100,   0,  0,  1,  0,  24.2,13.276,    -3.684,     0.301,13.26608,    13.79698,0.00700,13.26795,14.00201,  -0.734057, 0.96763,0.99670,0.96763,
unit_sel, 57262478.364, 0, 1,   0.0287832,  -3.88467,-4.08168,-3.95160,-3.95160,-3.95160,  0.19701,-0.41040,   13.26608,-0.00176,-0.61598,  1, -3.88467,-3.95160, 0, -3.88467,  1, 14.27870,13.27174, 0, 13.27174,  24.24,24.24, 0, 24.24, 192, 192,  -5.000,  -0.579, 1,   0.200,  0.394, -0.246, 10.000,  0.005,
unit_sim,  57262478.364, 0, 24.24500,24.24500, 13.79698,13.26608,0.00430,13.27174,  -3.952, -3.885,  0.301,  0,   -12537.7,   0.96763, 0, 
soc0_20220917d, 2022-09-23T13:43:36,  57262478.364, 0.100,   0,  0,  1,  0,  24.2,13.272,    -3.885,     0.301,13.26608,    13.79698,0.00426,13.26611,13.94026,  -0.674144, 0.96763,0.99632,0.96763,
unit_sel, 57262478.765, 0, 1,   0.0284566,  -3.88467,-4.25949,-3.88467,-3.88467,-3.88467,  0.37481,-0.35255,   13.26608,-0.00126,-0.50457,  1, -3.88467,-3.88467, 0, -3.88467,  1, 14.24425,13.27139, 0, 13.27139,  24.24,24.24, 0, 24.24, 192, 192,  -5.000,  -1.542, 1,   0.200,  0.394, -0.246, 10.000,  0.005,
unit_sim,  57262478.765, 0, 24.24500,24.24500, 13.79698,13.26608,0.00394,13.27139,  -3.885, -3.885,  0.300,  0,   -12539.2,   0.96762, 0, 
soc0_20220917d, 2022-09-23T13:43:38,  57262478.765, 0.100,   0,  0,  1,  0,  24.2,13.271,    -3.885,     0.300,13.26608,    13.79698,0.00392,13.26611,13.88870,  -0.622590, 0.96762,0.99601,0.96762,
unit_sel, 57262479.164, 0, 1,   0.0281792,  -3.95160,-4.25949,-3.95160,-3.95160,-3.95160,  0.30789,-0.30384,   13.26608,-0.00147,-0.41335,  1, -3.95160,-3.95160, 0, -3.95160,  1, 14.22703,13.27095, 0, 13.27095,  24.24,24.24, 0, 24.24, 192, 192,  -5.000,  -2.398, 1,   0.200,  0.394, -0.246, 10.000,  0.005,
unit_sim,  57262479.164, 0, 24.24500,24.24500, 13.79698,13.26608,0.00351,13.27095,  -3.952, -3.952,  0.300,  0,   -12540.8,   0.96762, 0, 
soc0_20220917d, 2022-09-23T13:43:38,  57262479.164, 0.100,   0,  0,  1,  0,  24.2,13.271,    -3.952,     0.300,13.26608,    13.79698,0.00342,13.26617,13.84478,  -0.578614, 0.96762,0.99574,0.96762,
unit_sel, 57262479.565, 0, 1,   0.0279397,  -3.95160,-4.08168,-4.01852,-4.01852,-4.01852,  0.13008,-0.26508,   13.26608,-0.00163,-0.33868,  1, -3.95160,-4.01852, 0, -3.95160,  1, 14.23994,13.27045, 0, 13.27045,  24.24,24.24, 0, 24.24, 192, 192,  -5.000,  -3.107, 1,   0.200,  0.394, -0.246, 10.000,  0.005,
unit_sim,  57262479.565, 0, 24.24500,24.24500, 13.79698,13.26608,0.00301,13.27045,  -4.019, -3.952,  0.300,  0,   -12542.4,   0.96762, 0, 
soc0_20220917d, 2022-09-23T13:43:38,  57262479.565, 0.100,   0,  0,  1,  0,  24.2,13.270,    -3.952,     0.300,13.26608,    13.79698,0.00309,13.26600,13.80677,  -0.540773, 0.96762,0.99550,0.96762,
unit_sel, 57262479.964, 0, 1,   0.0277300,  -3.95160,-4.25949,-3.95160,-3.95160,-3.95160,  0.30789,-0.22354,   13.26608,-0.00124,-0.27753,  1, -3.95160,-3.95160, 0, -3.95160,  1, 14.20980,13.27031, 0, 13.27031,  24.24,24.24, 0, 24.24, 192, 192,  -5.000,  -3.665, 1,   0.200,  0.394, -0.246, 10.000,  0.005,
unit_sim,  57262479.964, 0, 24.24500,24.24500, 13.79698,13.26608,0.00287,13.27031,  -3.952, -3.952,  0.299,  0,   -12544.0,   0.96761, 0, 
soc0_20220917d, 2022-09-23T13:43:38,  57262479.964, 0.100,   0,  0,  1,  0,  24.2,13.270,    -3.952,     0.299,13.26608,    13.79698,0.00285,13.26610,13.77343,  -0.507328, 0.96761,0.99529,0.96761,
unit_sel, 57262480.364, 0, 1,   0.0275446,  -4.01852,-4.25949,-4.01852,-4.01852,-4.01852,  0.24096,-0.18910,   13.26608,-0.00129,-0.22748,  1, -4.01852,-4.01852, 0, -4.01852,  1, 14.21841,13.26980, 0, 13.26980,  24.24,24.24, 0, 24.24, 128, 192,  -5.000,  -4.087, 1,   0.200,  0.394, -0.246, 10.000,  0.005,
unit_sim,  57262480.364, 0, 24.24500,24.24500, 13.79698,13.26608,0.00237,13.26980,  -4.019, -4.019,  0.299,  0,   -12545.6,   0.96761, 0, 
soc0_20220917d, 2022-09-23T13:43:38,  57262480.364, 0.100,   0,  0,  1,  0,  24.2,13.270,    -4.019,     0.299,13.26608,    13.79698,0.00232,13.26613,13.74386,  -0.477733, 0.96761,0.99511,0.96761,
unit_sel, 57262480.764, 0, 1,   0.0273792,  -4.01852,-4.43729,-3.95160,-3.95160,-3.95160,  0.41877,-0.15247,   13.26608,-0.00119,-0.18649,  1, -4.01852,-3.95160, 0, -4.01852,  1, 14.23133,13.26976, 0, 13.26976,  24.24,24.24, 0, 24.24, 128, 192,  -5.000,  -4.395, 1,   0.200,  0.394, -0.246, 10.000,  0.005,
unit_sim,  57262480.764, 0, 24.24500,24.24500, 13.79698,13.26608,0.00232,13.26976,  -3.952, -4.019,  0.299,  0,   -12547.2,   0.96760, 0, 
soc0_20220917d, 2022-09-23T13:43:40,  57262480.764, 0.100,   0,  0,  1,  0,  24.2,13.270,    -4.019,     0.299,13.26608,    13.79698,0.00213,13.26627,13.71850,  -0.452224, 0.96760,0.99494,0.96760,
unit_sel, 57262481.164, 0, 1,   0.0272272,  -4.01852,-4.25949,-4.08545,-4.08545,-4.08545,  0.24096,-0.12386,   13.26608,-0.00130,-0.15295,  1, -4.01852,-4.08545, 0, -4.01852,  1, 14.20119,13.26900, 0, 13.26900,  24.24,24.24, 0, 24.24, 128, 192,  -5.000,  -4.613, 1,   0.200,  0.394, -0.246, 10.000,  0.005,
unit_sim,  57262481.164, 0, 24.24500,24.24500, 13.79698,13.26608,0.00157,13.26900,  -4.085, -4.019,  0.298,  0,   -12548.8,   0.96760, 0, 
soc0_20220917d, 2022-09-23T13:43:40,  57262481.164, 0.100,   0,  0,  1,  0,  24.2,13.269,    -4.019,     0.298,13.26608,    13.79698,0.00172,13.26593,13.70444,  -0.438514, 0.96760,0.99479,0.96760,
unit_sel, 57262481.564, 0, 1,   0.0270835,  -3.95160,-4.25949,-4.01852,-4.01852,-4.01852,  0.30789,-0.09448,   13.26608,-0.00140,-0.12547,  1, -3.95160,-4.01852, 0, -3.95160,  1, 14.21841,13.26907, 0, 13.26907,  24.24,24.24, 0, 24.24, 128, 192,  -4.928,  -4.762, 1,   0.200,  0.394, -0.246, 10.000,  0.005,
unit_sim,  57262481.564, 0, 24.24500,24.24500, 13.79698,13.26608,0.00164,13.26907,  -4.019, -3.952,  0.298,  0,   -12550.4,   0.96759, 0, 
soc0_20220917d, 2022-09-23T13:43:40,  57262481.564, 0.100,   0,  0,  1,  0,  24.2,13.269,    -3.952,     0.298,13.26608,    13.79698,0.00178,13.26593,13.69114,  -0.425208, 0.96759,0.99464,0.96760,
unit_sel, 57262481.964, 0, 1,   0.0269474,  -4.01852,-4.25949,-4.01852,-4.01852,-4.01852,  0.24096,-0.07121,   13.26608,-0.00125,-0.10298,  1, -4.01852,-4.01852, 0, -4.01852,  1, 14.19688,13.26877, 0, 13.26877,  24.24,24.24, 0, 24.24, 128, 192,  -2.219,  -4.738, 1,   0.200,  0.394, -0.246, 10.000,  0.005,
unit_sim,  57262481.964, 0, 24.24500,24.24500, 13.79698,13.26608,0.00134,13.26877,  -4.019, -4.019,  0.298,  0,   -12552.1,   0.96759, 0, 
soc0_20220917d, 2022-09-23T13:43:40,  57262481.964, 0.100,   0,  0,  1,  0,  24.2,13.269,    -4.019,     0.298,13.26608,    13.79698,0.00131,13.26610,13.67851,  -0.412407, 0.96759,0.99451,0.96759,
unit_sel, 57262482.365, 0, 1,   0.0268183,  -4.08545,-4.25949,-4.08545,-4.08545,-4.08545,  0.17404,-0.05236,   13.26608,-0.00143,-0.08457,  1, -4.08545,-4.08545, 0, -4.08545,  1, 14.18396,13.26830, 0, 13.26830,  24.24,24.24, 0, 24.24, 128, 192,  -1.071,  -4.403, 1,   0.200,  0.394, -0.246, 10.000,  0.005,
unit_sim,  57262482.365, 0, 24.24500,24.24500, 13.79698,13.26608,0.00087,13.26830,  -4.085, -4.085,  0.298,  0,   -12553.7,   0.96759, 0, 
soc0_20220917d, 2022-09-23T13:43:40,  57262482.365, 0.100,   0,  0,  1,  0,  24.2,13.268,    -4.085,     0.298,13.26608,    13.79698,0.00080,13.26615,13.66651,  -0.400362, 0.96759,0.99437,0.96759,
unit_sel, 57262482.764, 0, 1,   0.0266955,  -4.01852,-4.25949,-4.08545,-4.08545,-4.08545,  0.24096,-0.03152,   13.26608,-0.00126,-0.06950,  1, -4.01852,-4.08545, 0, -4.01852,  1, 14.19258,13.26798, 0, 13.26798,  24.24,24.24, 0, 24.24, 128, 192,  -0.346,  -3.850, 1,   0.200,  0.394, -0.246, 10.000,  0.005,
unit_sim,  57262482.764, 0, 24.24500,24.24500, 13.79698,13.26608,0.00055,13.26798,  -4.085, -4.019,  0.297,  0,   -12555.3,   0.96758, 0, 
soc0_20220917d, 2022-09-23T13:43:42,  57262482.764, 0.100,   0,  0,  1,  0,  24.2,13.268,    -4.019,     0.297,13.26608,    13.79698,0.00072,13.26591,13.65508,  -0.389170, 0.96758,0.99425,0.96758,
unit_sel, 57262483.164, 0, 1,   0.0265786,  -3.88467,-4.08168,-3.88467,-3.88467,-3.88467,  0.19701,-0.01440,   13.26608,-0.00114,-0.05712,  1, -3.88467,-3.88467, 0, -3.88467,  1, 14.17966,13.26853, 0, 13.26853,  24.24,24.24, 0, 24.24, 128, 192,   0.316,  -3.165, 1,   0.200,  0.394, -0.246, 10.000,  0.005,
unit_sim,  57262483.164, 0, 24.24500,24.24500, 13.79698,13.26608,0.00111,13.26853,  -3.885, -3.885,  0.297,  0,   -12556.9,   0.96758, 0, 
soc0_20220917d, 2022-09-23T13:43:42,  57262483.164, 0.100,   0,  0,  1,  0,  24.2,13.269,    -3.885,     0.297,13.26608,    13.79698,0.00114,13.26605,13.64419,  -0.378144, 0.96758,0.99413,0.96758,
unit_sel, 57262483.565, 0, 1,   0.0264671,  -3.75083,-3.90388,-3.75083,-3.75083,-3.75083,  0.15305,-0.00073,   13.26608,-0.00117,-0.04699,  1, -3.75083,-3.75083, 0, -3.75083,  1, 14.17535,13.26894, 0, 13.26894,  24.24,24.24, 0, 24.24, 128, 192,   0.565,  -2.431, 1,   0.200,  0.394, -0.246, 10.000,  0.005,
unit_sim,  57262483.565, 0, 24.24500,24.24500, 13.79698,13.26607,0.00152,13.26894,  -3.751, -3.751,  0.297,  0,   -12558.4,   0.96757, 0, 
soc0_20220917d, 2022-09-23T13:43:42,  57262483.565, 0.100,   0,  0,  1,  0,  24.2,13.269,    -3.751,     0.297,13.26608,    13.79698,0.00154,13.26606,13.63380,  -0.367745, 0.96757,0.99402,0.96758,
unit_sel, 57262483.964, 0, 1,   0.0263606,  -3.55005,-3.72607,-3.61698,-3.61698,-3.61698,  0.17602,0.01322,   13.26607,-0.00116,-0.03869,  1, -3.55005,-3.61698, 0, -3.55005,  1, 14.18396,13.26933, 0, 13.26933,  24.24,24.24, 0, 24.24, 128, 192,   0.792,  -1.736, 1,   0.200,  0.394, -0.246, 10.000,  0.005,
unit_sim,  57262483.964, 0, 24.24500,24.24500, 13.79698,13.26607,0.00191,13.26933,  -3.617, -3.550,  0.296,  0,   -12559.9,   0.96757, 0, 
soc0_20220917d, 2022-09-23T13:43:42,  57262483.964, 0.100,   0,  0,  1,  0,  24.2,13.269,    -3.550,     0.296,13.26607,    13.79698,0.00213,13.26586,13.62389,  -0.358029, 0.96757,0.99391,0.96757,
unit_sel, 57262484.364, 0, 1,   0.0262588,  -3.41620,-3.72607,-3.41620,-3.41620,-3.41620,  0.30987,0.02753,   13.26607,-0.00097,-0.03189,  1, -3.41620,-3.41620, 0, -3.41620,  1, 14.16243,13.26994, 0, 13.26994,  24.24,24.24, 0, 24.24, 128, 192,   0.734,  -1.126, 1,   0.200,  0.394, -0.246, 10.000,  0.005,
unit_sim,  57262484.364, 0, 24.24500,24.24500, 13.79698,13.26607,0.00252,13.26994,  -3.416, -3.416,  0.296,  0,   -12561.3,   0.96757, 0, 
soc0_20220917d, 2022-09-23T13:43:42,  57262484.364, 0.100,   0,  0,  1,  0,  24.2,13.270,    -3.416,     0.296,13.26607,    13.79698,0.00258,13.26601,13.61440,  -0.348393, 0.96757,0.99380,0.96757,
unit_sel, 57262484.764, 0, 1,   0.0261614,  -3.21543,-3.37047,-3.34928,-3.34928,-3.34928,  0.15504,0.03732,   13.26607,-0.00118,-0.02635,  1, -3.21543,-3.34928, 0, -3.21543,  1, 14.17966,13.27014, 0, 13.27014,  24.24,24.24, 0, 24.24, 128, 128,   0.842,  -0.627, 1,   0.200,  0.394, -0.246, 10.000,  0.005,
unit_sim,  57262484.764, 0, 24.24500,24.24500, 13.79698,13.26607,0.00273,13.27014,  -3.349, -3.215,  0.296,  0,   -12562.6,   0.96756, 0, 
soc0_20220917d, 2022-09-23T13:43:44,  57262484.764, 0.100,   0,  0,  1,  0,  24.2,13.270,    -3.215,     0.296,13.26607,    13.79698,0.00314,13.26566,13.60532,  -0.339661, 0.96756,0.99370,0.96756,
unit_sel, 57262485.164, 0, 1,   0.0260681,  -3.28235,-3.37047,-3.28235,-3.28235,-3.28235,  0.08811,0.04343,   13.26607,-0.00136,-0.02180,  1, -3.28235,-3.28235, 0, -3.28235,  1, 14.15382,13.27032, 0, 13.27032,  24.24,24.24, 0, 24.24, 128, 128,   0.345,  -0.239, 1,   0.200,  0.394, -0.246, 10.000,  0.005,
unit_sim,  57262485.164, 0, 24.24500,24.24500, 13.79698,13.26607,0.00291,13.27032,  -3.282, -3.282,  0.295,  0,   -12563.9,   0.96756, 0, 
soc0_20220917d, 2022-09-23T13:43:44,  57262485.164, 0.100,   0,  0,  1,  0,  24.2,13.270,    -3.282,     0.295,13.26607,    13.79698,0.00288,13.26611,13.59662,  -0.330511, 0.96756,0.99361,0.96756,
unit_sel, 57262485.564, 0, 1,   0.0259786,  -3.14851,-3.37047,-3.28235,-3.28235,-3.28235,  0.22196,0.05628,   13.26607,-0.00139,-0.01810,  1, -3.14851,-3.28235, 0, -3.14851,  1, 14.15813,13.27015, 0, 13.27015,  24.24,24.24, 0, 24.24, 128, 128,   0.284,   0.009, 1,   0.200,  0.394, -0.246, 10.000,  0.005,
unit_sim,  57262485.564, 0, 24.24500,24.24500, 13.79698,13.26607,0.00273,13.27015,  -3.282, -3.149,  0.295,  0,   -12565.2,   0.96756, 0, 
soc0_20220917d, 2022-09-23T13:43:44,  57262485.564, 0.100,   0,  0,  1,  0,  24.2,13.270,    -3.149,     0.295,13.26607,    13.79698,0.00309,13.26572,13.58826,  -0.322540, 0.96756,0.99351,0.96756,
unit_sel, 57262485.964, 0, 1,   0.0258926,  -3.08158,-3.19266,-3.08158,-3.08158,-3.08158,  0.11108,0.06688,   13.26607,-0.00114,-0.01504,  1, -3.08158,-3.08158, 0, -3.08158,  1, 14.17535,13.27071, 0, 13.27071,  24.24,24.24, 0, 24.24, 128, 128,   0.570,   0.171, 1,   0.200,  0.394, -0.246, 10.000,  0.005,
unit_sim,  57262485.964, 0, 24.24500,24.24500, 13.79698,13.26607,0.00330,13.27071,  -3.082, -3.082,  0.295,  0,   -12566.5,   0.96755, 0, 
soc0_20220917d, 2022-09-23T13:43:44,  57262485.964, 0.100,   0,  0,  1,  0,  24.2,13.271,    -3.082,     0.295,13.26607,    13.79698,0.00333,13.26604,13.58024,  -0.314195, 0.96755,0.99343,0.96755,
unit_sel, 57262486.364, 0, 1,   0.0258100,  -2.88081,-3.19266,-2.94773,-2.94773,-2.94773,  0.31186,0.08399,   13.26607,-0.00141,-0.01253,  1, -2.88081,-2.94773, 0, -2.88081,  1, 14.14952,13.27122, 0, 13.27122,  24.24,24.24, 0, 24.24, 128, 128,   0.608,   0.292, 1,   0.200,  0.394, -0.246, 10.000,  0.005,
unit_sim,  57262486.364, 0, 24.24500,24.24500, 13.79698,13.26607,0.00381,13.27122,  -2.948, -2.881,  0.295,  0,   -12567.6,   0.96755, 0, 
soc0_20220917d, 2022-09-23T13:43:44,  57262486.364, 0.100,   0,  0,  1,  0,  24.2,13.271,    -2.881,     0.295,13.26607,    13.79698,0.00400,13.26589,13.57253,  -0.306641, 0.96755,0.99334,0.96755,
unit_sel, 57262486.764, 0, 1,   0.0257306,  -2.94773,-3.19266,-2.81388,-2.81388,-2.81388,  0.24493,0.09893,   13.26607,-0.00087,-0.01049,  1, -2.94773,-2.81388, 0, -2.94773,  1, 14.15813,13.27147, 0, 13.27147,  24.24,24.24, 0, 24.24, 128, 128,   0.330,   0.373, 1,   0.200,  0.394, -0.246, 10.000,  0.005,
unit_sim,  57262486.764, 0, 24.24500,24.24500, 13.79698,13.26607,0.00407,13.27147,  -2.814, -2.948,  0.294,  0,   -12568.8,   0.96755, 0, 
soc0_20220917d, 2022-09-23T13:43:46,  57262486.764, 0.100,   0,  0,  1,  0,  24.2,13.271,    -2.948,     0.294,13.26607,    13.79698,0.00373,13.26640,13.56511,  -0.298706, 0.96755,0.99326,0.96755,
unit_sel, 57262487.164, 0, 1,   0.0256542,  -2.61311,-3.01486,-2.81388,-2.81388,-2.81388,  0.40175,0.11314,   13.26607,-0.00151,-0.00883,  1, -2.61311,-2.81388, 0, -2.61311,  1, 14.14521,13.27155, 0, 13.27155,  24.24,24.24, 0, 24.24, 128, 128,   0.748,   0.426, 1,   0.200,  0.394, -0.246, 10.000,  0.005,
unit_sim,  57262487.164, 0, 24.24500,24.24500, 13.79698,13.26607,0.00415,13.27155,  -2.814, -2.613,  0.294,  0,   -12569.9,   0.96754, 0, 
soc0_20220917d, 2022-09-23T13:43:46,  57262487.164, 0.100,   0,  0,  1,  0,  24.2,13.272,    -2.613,     0.294,13.26607,    13.79698,0.00469,13.26553,13.55797,  -0.292440, 0.96754,0.99318,0.96755,
echo:  v0, 4
echo:  v0, 0
