0 -0.011
1 -0.011
1.00005 -0.086
1.0001 -0.028
1.00015 -0.094
1.0002 -0.086
1.00025 -0.028
1.0003 -0.088
1.00035 -0.028
1.0004 -0.082
1.00045 -0.03
1.0005 -0.08
1.00055 -0.034
1.0006 -0.032
1.00065 -0.086
1.0007 -0.08
1.00075 -0.03
1.0008 -0.096
1.00085 -0.028
1.0009 -0.088
1.00095 -0.022
1.001 -0.054
1.00105 -0.004
1.0011 -0.026
1.00115 0.01
1.0012 -0.014
1.00125 0.018
1.0013 -0.01
1.00135 0.014
1.0014 -0.008
1.00145 0.014
1.0015 -0.01
1.00155 0.014
1.0016 -0.014
1.00165 0.018
1.0017 0.014
1.00175 -0.014
1.0018 0.016
1.00185 -0.02
1.0019 0.01
1.00195 -0.02
1.002 -0.028
1.00205 0.01
1.0021 -0.036
1.00215 0.008
1.0022 0.006
1.00225 -0.042
1.0023 0.004
1.00235000000001 -0.042
1.00240000000001 0.002
1.00245000000001 -0.05
1.00250000000001 0.002
1.00255000000001 -0.054
1.00260000000001 -0.002
1.00265000000001 -0.056
1.00270000000001 -0.006
1.00275000000001 -0.06
1.00280000000001 -0.006
1.00285000000001 -0.07
1.00290000000001 -0.008
1.00295000000001 -0.074
1.00300000000001 -0.012
1.00305000000001 -0.072
1.00310000000001 -0.014
1.00315000000001 -0.08
1.00320000000001 -0.08
1.00325000000001 -0.014
1.00330000000001 -0.042
1.00335000000001 0
1.00340000000001 -0.024
1.00345000000001 0.006
1.00350000000001 -0.028
1.00355000000001 0.01
1.00360000000001 -0.016
1.00365000000001 0.01
1.00370000000001 0.01
1.00375000000001 -0.014
1.00380000000001 -0.02
1.00385000000001 0.016
1.00390000000001 -0.018
1.00395000000001 0.014
1.00400000000001 -0.026
1.00405000000001 0.014
1.00410000000001 0.01
1.00415000000001 -0.032
1.00420000000001 -0.03
1.00425000000001 0.008
1.00430000000001 -0.018
1.00435000000001 0.012
1.00440000000001 -0.012
1.00445000000001 0.014
1.00450000000001 0.01
1.00455000000001 -0.012
1.00460000000001 -0.012
1.00465000000001 0.014
1.00470000000001 -0.016
1.00475000000001 0.012
1.00480000000001 0.014
1.00485000000001 -0.014
1.00490000000001 0.014
1.00495000000001 -0.012
1.00500000000001 -0.012
1.00505000000001 0.012
1.00510000000001 -0.012
1.00515000000001 0.014
1.00520000000001 -0.012
1.00525000000001 0.01
1.00530000000001 0.01
1.00535000000001 -0.014
1.00540000000001 0.016
1.00545000000001 -0.012
1.00550000000001 0.012
1.00555000000001 -0.012
1.00560000000001 0.012
1.00565000000001 -0.012
1.00570000000001 0.014
1.00575000000001 -0.012
1.00580000000001 0.01
1.00585000000001 -0.012
1.00590000000001 0.01
1.00595000000001 -0.014
1.00600000000001 0.014
1.00605000000001 -0.018
1.00610000000001 0.014
1.00615000000001 -0.014
1.00620000000001 -0.014
1.00625000000001 0.012
1.00630000000001 -0.016
1.00635000000001 0.012
1.00640000000001 -0.016
1.00645000000001 0.014
1.00650000000001 0.016
1.00655000000001 -0.014
1.00660000000001 0.014
1.00665000000001 -0.012
1.00670000000001 0.014
1.00675000000001 -0.014
1.00680000000001 0.016
1.00685000000001 -0.016
1.00690000000001 0.016
1.00695000000001 -0.016
1.00700000000001 -0.012
1.00705000000001 0.014
1.00710000000002 -0.014
1.00715000000002 0.016
1.00720000000002 -0.012
1.00725000000002 0.012
1.00730000000002 -0.012
1.00735000000002 0.018
1.00740000000002 -0.012
1.00745000000002 0.018
1.00750000000002 -0.012
1.00755000000002 0.014
1.00760000000002 0.012
1.00765000000002 -0.016
1.00770000000002 0.012
1.00775000000002 -0.014
1.00780000000002 0.014
1.00785000000002 -0.014
1.00790000000002 0.01
1.00795000000002 -0.03
1.00800000000002 0.014
1.00805000000002 -0.034
1.00810000000002 0.012
1.00815000000002 -0.034
1.00820000000002 0.012
1.00825000000002 -0.04
1.00830000000002 -0.044
1.00835000000002 0.01
1.00840000000002 0.006
1.00845000000002 -0.046
1.00850000000002 -0.046
1.00855000000002 0.008
1.00860000000002 -0.056
1.00865000000002 0.008
1.00870000000002 -0.002
1.00875000000002 -0.058
1.00880000000002 -0.07
1.00885000000002 0
1.00890000000002 -0.072
1.00895000000002 0
1.00900000000002 -0.01
1.00905000000002 -0.076
1.00910000000002 -0.008
1.00915000000002 -0.08
1.00920000000002 -0.074
1.00925000000002 -0.016
1.00930000000002 -0.02
1.00935000000002 -0.066
1.00940000000002 -0.022
1.00945000000002 -0.064
1.00950000000002 -0.066
1.00955000000002 -0.028
1.00960000000002 -0.07
1.00965000000002 -0.028
1.00970000000002 -0.074
1.00975000000002 -0.03
1.00980000000002 -0.034
1.00985000000002 -0.076
1.00990000000002 -0.038
1.00995000000002 -0.08
1.01000000000002 -0.03
1.01005000000002 -0.09
1.01010000000002 -0.03
1.01015000000002 -0.092
1.01020000000002 -0.014
1.01025000000002 -0.08
1.01030000000002 -0.056
1.01035000000002 -0.004
1.01040000000002 -0.042
1.01045000000002 0.006
1.01050000000002 -0.034
1.01055000000002 0.012
1.01060000000002 -0.034
1.01065000000002 0.01
1.01070000000002 -0.012
1.01075000000002 0.014
1.01080000000002 -0.012
1.01085000000002 0.016
1.01090000000002 -0.012
1.01095000000002 0.014
1.01100000000002 0.012
1.01105000000002 -0.018
1.01110000000002 0.012
1.01115000000002 -0.022
1.01120000000002 -0.028
1.01125000000002 0.014
1.01130000000002 0.01
1.01135000000002 -0.028
1.01140000000002 -0.028
1.01145000000002 0.008
1.01150000000002 -0.026
1.01155000000002 0.008
1.01160000000002 0.006
1.01165000000002 -0.028
1.01170000000002 0
1.01175000000002 -0.036
1.01180000000003 0
1.01185000000003 -0.036
1.01190000000003 0
1.01195000000003 -0.042
1.01200000000003 -0.006
1.01205000000003 -0.062
1.01210000000003 -0.006
1.01215000000003 -0.066
1.01220000000003 -0.048
1.01225000000003 -0.002
1.01230000000003 -0.04
1.01235000000003 0.002
1.01240000000003 0.008
1.01245000000003 -0.044
1.01250000000003 0.008
1.01255000000003 -0.042
1.01260000000003 -0.05
1.01265000000003 0.006
1.01270000000003 -0.052
1.01275000000003 0.002
1.01280000000003 -0.054
1.01285000000003 -0.002
1.01290000000003 -0.006
1.01295000000003 -0.066
1.01300000000003 -0.006
1.01305000000003 -0.072
1.01310000000003 -0.01
1.01315000000003 -0.068
1.01320000000003 -0.072
1.01325000000003 -0.01
1.01330000000003 -0.058
1.01335000000003 -0.016
1.01340000000003 -0.064
1.01345000000003 -0.012
1.01350000000003 -0.03
1.01355000000003 0.006
1.01360000000003 -0.02
1.01365000000003 0.01
1.01370000000003 -0.014
1.01375000000003 0.012
1.01380000000003 0.014
1.01385000000003 -0.016
1.01390000000003 0.014
1.01395000000003 -0.012
1.01400000000003 0.014
1.01405000000003 -0.012
1.01410000000003 0.014
1.01415000000003 -0.012
1.01420000000003 0.014
1.01425000000003 -0.016
1.01430000000003 -0.014
1.01435000000003 0.01
1.01440000000003 -0.016
1.01445000000003 0.014
1.01450000000003 -0.014
1.01455000000003 0.014
1.01460000000003 0.012
1.01465000000003 -0.014
1.01470000000003 0.014
1.01475000000003 -0.012
1.01480000000003 0.014
1.01485000000003 -0.012
1.01490000000003 0.01
1.01495000000003 -0.022
1.01500000000003 0.014
1.01505000000003 -0.024
1.01510000000003 -0.022
1.01515000000003 0.012
1.01520000000003 -0.018
1.01525000000003 0.014
1.01530000000003 -0.034
1.01535000000003 0.014
1.01540000000003 -0.026
1.01545000000003 0.008
1.01550000000003 -0.036
1.01555000000003 0.01
1.01560000000003 0.006
1.01565000000003 -0.044
1.01570000000003 0.01
1.01575000000003 -0.042
1.01580000000003 0.002
1.01585000000003 -0.05
1.01590000000003 0
1.01595000000003 -0.046
1.01600000000003 -0.002
1.01605000000003 -0.06
1.01610000000003 -0.006
1.01615000000003 -0.066
1.01620000000003 -0.006
1.01625000000003 -0.068
1.01630000000003 -0.008
1.01635000000003 -0.08
1.01640000000003 -0.014
1.01645000000003 -0.08
1.01650000000003 -0.078
1.01655000000004 -0.018
1.01660000000004 -0.02
1.01665000000004 -0.088
1.01670000000004 -0.022
1.01675000000004 -0.084
1.01680000000004 -0.028
1.01685000000004 -0.086
1.01690000000004 -0.088
1.01695000000004 -0.028
1.01700000000004 -0.092
1.01705000000004 -0.03
1.01710000000004 -0.028
1.01715000000004 -0.082
1.01720000000004 -0.08
1.01725000000004 -0.034
1.01730000000004 -0.034
1.01735000000004 -0.072
1.01740000000004 -0.076
1.01745000000004 -0.03
1.01750000000004 -0.088
1.01755000000004 -0.024
1.01760000000004 -0.074
1.01765000000004 -0.01
1.01770000000004 -0.036
1.01775000000004 0
1.01780000000004 -0.016
1.01785000000004 0.01
1.01790000000004 -0.012
1.01795000000004 0.014
1.01800000000004 0.018
1.01805000000004 -0.01
1.01810000000004 0.02
1.01815000000004 -0.018
1.01820000000004 0.014
1.01825000000004 -0.018
1.01830000000004 -0.026
1.01835000000004 0.016
1.01840000000004 0.01
1.01845000000004 -0.028
1.01850000000004 0.01
1.01855000000004 -0.03
1.01860000000004 0.008
1.01865000000004 -0.04
1.01870000000004 0.004
1.01875000000004 -0.044
1.01880000000004 0.006
1.01885000000004 -0.046
1.01890000000004 0.002
1.01895000000004 -0.05
1.01900000000004 0
1.01905000000004 -0.056
1.01910000000004 -0.004
1.01915000000004 -0.058
1.01920000000004 -0.006
1.01925000000004 -0.054
1.01930000000004 -0.006
1.01935000000004 -0.044
1.01940000000004 -0.008
1.01945000000004 -0.056
1.01950000000004 -0.066
1.01955000000004 -0.014
1.01960000000004 -0.014
1.01965000000004 -0.078
1.01970000000004 -0.068
1.01975000000004 -0.014
1.01980000000004 -0.064
1.01985000000004 -0.016
1.01990000000004 -0.014
1.01995000000004 -0.056
1.02000000000004 -0.046
1.02005000000004 -0.004
1.02010000000004 -0.024
1.02015000000004 0.008
1.02020000000004 -0.012
1.02025000000004 0.012
1.02030000000004 0.014
1.02035000000004 -0.012
1.02040000000004 -0.01
1.02045000000004 0.014
1.02050000000004 -0.01
1.02055000000004 0.016
1.02060000000004 -0.01
1.02065000000004 0.014
1.02070000000004 -0.012
1.02075000000004 0.014
1.02080000000004 0.012
1.02085000000004 -0.014
1.02090000000004 0.014
1.02095000000004 -0.014
1.02100000000004 0.016
1.02105000000004 -0.014
1.02110000000004 0.014
1.02115000000004 -0.014
1.02120000000004 -0.012
1.02125000000004 0.014
1.02130000000005 -0.012
1.02135000000005 0.014
1.02140000000005 -0.012
1.02145000000005 0.014
1.02150000000005 -0.014
1.02155000000005 0.014
1.02160000000005 0.01
1.02165000000005 -0.012
1.02170000000005 0.014
1.02175000000005 -0.012
1.02180000000005 -0.014
1.02185000000005 0.012
1.02190000000005 0.012
1.02195000000005 -0.016
1.02200000000005 0.014
1.02205000000005 -0.016
1.02210000000005 -0.014
1.02215000000005 0.016
1.02220000000005 -0.014
1.02225000000005 0.012
1.02230000000005 0.014
1.02235000000005 -0.014
1.02240000000005 -0.014
1.02245000000005 0.014
1.02250000000005 0.012
1.02255000000005 -0.012
1.02260000000005 -0.014
1.02265000000005 0.014
1.02270000000005 0.014
1.02275000000005 -0.016
1.02280000000005 0.018
1.02285000000005 -0.016
1.02290000000005 -0.014
1.02295000000005 0.016
1.02300000000005 0.012
1.02305000000005 -0.016
1.02310000000005 -0.018
1.02315000000005 0.014
1.02320000000005 -0.014
1.02325000000005 0.014
1.02330000000005 -0.016
1.02335000000005 0.022
1.02340000000005 0.01
1.02345000000005 -0.014
1.02350000000005 0.022
1.02355000000005 -0.014
1.02360000000005 0.012
1.02365000000005 -0.014
1.02370000000005 -0.014
1.02375000000005 0.018
1.02380000000005 -0.012
1.02385000000005 0.012
1.02390000000005 -0.014
1.02395000000005 0.012
1.02400000000005 -0.014
1.02405000000005 0.018
1.02410000000005 -0.012
1.02415000000005 0.02
1.02420000000005 0.01
1.02425000000005 -0.018
1.02430000000005 0.018
1.02435000000005 -0.02
1.02440000000005 0.014
1.02445000000005 -0.016
1.02450000000005 -0.018
1.02455000000005 0.018
1.02460000000005 0.012
1.02465000000005 -0.02
1.02470000000005 0.016
1.02475000000005 -0.024
1.02480000000005 -0.026
1.02485000000005 0.02
1.02490000000005 0.014
1.02495000000005 -0.026
1.02500000000005 0.01
1.02505000000005 -0.032
1.02510000000005 -0.038
1.02515000000005 0.01
1.02520000000005 -0.028
1.02525000000005 0.016
1.02530000000005 -0.042
1.02535000000005 0.01
1.02540000000005 -0.038
1.02545000000005 0.002
1.02550000000005 0.002
1.02555000000005 -0.05
1.02560000000005 0
1.02565000000005 -0.062
1.02570000000005 -0.07
1.02575000000005 0
1.02580000000005 -0.006
1.02585000000005 -0.068
1.02590000000005 -0.01
1.02595000000005 -0.072
1.02600000000005 -0.076
1.02605000000006 -0.008
1.02610000000006 -0.08
1.02615000000006 -0.018
1.02620000000006 -0.088
1.02625000000006 -0.022
1.02630000000006 -0.094
1.02635000000006 -0.022
1.02640000000006 -0.026
1.02645000000006 -0.092
1.02650000000006 -0.09
1.02655000000006 -0.024
1.02660000000006 -0.092
1.02665000000006 -0.03
1.02670000000006 -0.092
1.02675000000006 -0.03
1.02680000000006 -0.092
1.02685000000006 -0.028
1.02690000000006 -0.086
1.02695000000006 -0.038
1.02700000000006 -0.08
1.02705000000006 -0.036
1.02710000000006 -0.034
1.02715000000006 -0.098
1.02720000000006 -0.096
1.02725000000006 -0.022
1.02730000000006 -0.048
1.02735000000006 -0.006
1.02740000000006 -0.022
1.02745000000006 0.008
1.02750000000006 -0.012
1.02755000000006 0.014
1.02760000000006 0.014
1.02765000000006 -0.01
1.02770000000006 0.014
1.02775000000006 -0.01
1.02780000000006 0.014
1.02785000000006 -0.01
1.02790000000006 0.016
1.02795000000006 -0.012
1.02800000000006 -0.012
1.02805000000006 0.012
1.02810000000006 -0.014
1.02815000000006 0.012
1.02820000000006 -0.012
1.02825000000006 0.012
1.02830000000006 0.012
1.02835000000006 -0.012
1.02840000000006 -0.018
1.02845000000006 0.014
1.02850000000006 0.012
1.02855000000006 -0.022
1.02860000000006 0.014
1.02865000000006 -0.022
1.02870000000006 0.01
1.02875000000006 -0.014
1.02880000000006 0.01
1.02885000000006 -0.016
1.02890000000006 0.01
1.02895000000006 -0.014
1.02900000000006 -0.012
1.02905000000006 0.012
1.02910000000006 0.014
1.02915000000006 -0.018
1.02920000000006 -0.02
1.02925000000006 0.014
1.02930000000006 0.016
1.02935000000006 -0.026
1.02940000000006 -0.032
1.02945000000006 0.01
1.02950000000006 -0.032
1.02955000000006 0.008
1.02960000000006 0.008
1.02965000000006 -0.036
1.02970000000006 0.008
1.02975000000006 -0.042
1.02980000000006 0.006
1.02985000000006 -0.038
1.02990000000006 0.002
1.02995000000006 -0.052
1.03000000000006 0
1.03005000000006 -0.056
1.03010000000006 0
1.03015000000006 -0.052
1.03020000000006 -0.002
1.03025000000006 -0.06
1.03030000000006 -0.066
1.03035000000006 -0.006
1.03040000000006 -0.072
1.03045000000006 -0.008
1.03050000000006 -0.014
1.03055000000006 -0.078
1.03060000000006 -0.014
1.03065000000006 -0.08
1.03070000000006 -0.086
1.03075000000007 -0.018
1.03080000000007 -0.02
1.03085000000007 -0.084
1.03090000000007 -0.022
1.03095000000007 -0.086
1.03100000000007 -0.08
1.03105000000007 -0.024
1.03110000000007 -0.058
1.03115000000007 -0.006
1.03120000000007 -0.046
1.03125000000007 0.006
1.03130000000007 -0.02
1.03135000000007 0.01
1.03140000000007 -0.014
1.03145000000007 0.014
1.03150000000007 -0.012
1.03155000000007 0.014
1.03160000000007 -0.012
1.03165000000007 0.014
1.03170000000007 0.014
1.03175000000007 -0.014
1.03180000000007 0.012
1.03185000000007 -0.012
1.03190000000007 -0.012
1.03195000000007 0.014
1.03200000000007 -0.018
1.03205000000007 0.012
1.03210000000007 0.01
1.03215000000007 -0.016
1.03220000000007 0.01
1.03225000000007 -0.026
1.03230000000007 0.014
1.03235000000007 -0.032
1.03240000000007 0.01
1.03245000000007 -0.034
1.03250000000007 -0.034
1.03255000000007 0.01
1.03260000000007 0.008
1.03265000000007 -0.042
1.03270000000007 0.002
1.03275000000007 -0.044
1.03280000000007 0.002
1.03285000000007 -0.042
1.03290000000007 0.002
1.03295000000007 -0.052
1.03300000000007 -0.004
1.03305000000007 -0.058
1.03310000000007 -0.004
1.03315000000007 -0.064
1.03320000000007 -0.006
1.03325000000007 -0.042
1.03330000000007 -0.008
1.03335000000007 -0.054
1.03340000000007 -0.052
1.03345000000007 -0.012
1.03350000000007 -0.016
1.03355000000007 -0.078
1.03360000000007 -0.064
1.03365000000007 -0.022
1.03370000000007 -0.024
1.03375000000007 -0.074
1.03380000000007 -0.026
1.03385000000007 -0.072
1.03390000000007 -0.088
1.03395000000007 -0.028
1.03400000000007 -0.028
1.03405000000007 -0.086
1.03410000000007 -0.088
1.03415000000007 -0.03
1.03420000000007 -0.03
1.03425000000007 -0.08
1.03430000000007 -0.078
1.03435000000007 -0.034
1.03440000000007 -0.078
1.03445000000007 -0.034
1.03450000000007 -0.034
1.03455000000007 -0.074
1.03460000000007 -0.036
1.03465000000007 -0.102
1.03470000000007 -0.066
1.03475000000007 -0.014
1.03480000000007 -0.044
1.03485000000007 -0.002
1.03490000000007 -0.028
1.03495000000007 0.01
1.03500000000007 -0.016
1.03505000000007 0.016
1.03510000000007 0.014
1.03515000000007 -0.012
1.03520000000007 0.016
1.03525000000007 -0.012
1.03530000000007 0.014
1.03535000000007 -0.012
1.03540000000007 0.014
1.03545000000007 -0.014
1.03550000000008 0.014
1.03555000000008 -0.02
1.03560000000008 0.01
1.03565000000008 -0.02
1.03570000000008 -0.018
1.03575000000008 0.01
1.03580000000008 0.01
1.03585000000008 -0.024
1.03590000000008 0.008
1.03595000000008 -0.044
1.03600000000008 0.002
1.03605000000008 -0.044
1.03610000000008 0.002
1.03615000000008 -0.054
1.03620000000008 0
1.03625000000008 -0.056
1.03630000000008 -0.002
1.03635000000008 -0.06
1.03640000000008 -0.006
1.03645000000008 -0.068
1.03650000000008 -0.008
1.03655000000008 -0.072
1.03660000000008 -0.008
1.03665000000008 -0.07
1.03670000000008 -0.078
1.03675000000008 -0.014
1.03680000000008 -0.052
1.03685000000008 -0.002
1.03690000000008 -0.02
1.03695000000008 0.01
1.03700000000008 -0.016
1.03705000000008 0.01
1.03710000000008 0.014
1.03715000000008 -0.012
1.03720000000008 0.014
1.03725000000008 -0.012
1.03730000000008 -0.012
1.03735000000008 0.014
1.03740000000008 -0.014
1.03745000000008 0.012
1.03750000000008 0.014
1.03755000000008 -0.012
1.03760000000008 -0.014
1.03765000000008 0.014
1.03770000000008 -0.016
1.03775000000008 0.014
1.03780000000008 -0.016
1.03785000000008 0.016
1.03790000000008 -0.014
1.03795000000008 0.014
1.03800000000008 0.012
1.03805000000008 -0.016
1.03810000000008 0.012
1.03815000000008 -0.012
1.03820000000008 -0.012
1.03825000000008 0.014
1.03830000000008 0.012
1.03835000000008 -0.012
1.03840000000008 -0.012
1.03845000000008 0.014
1.03850000000008 -0.012
1.03855000000008 0.012
1.03860000000008 -0.012
1.03865000000008 0.012
1.03870000000008 -0.012
1.03875000000008 0.012
1.03880000000008 0.01
1.03885000000008 -0.012
1.03890000000008 -0.014
1.03895000000008 0.014
1.03900000000008 -0.018
1.03905000000008 0.014
1.03910000000008 0.01
1.03915000000008 -0.014
1.03920000000008 0.014
1.03925000000008 -0.016
1.03930000000008 -0.012
1.03935000000008 0.016
1.03940000000008 -0.012
1.03945000000008 0.014
1.03950000000008 -0.012
1.03955000000008 0.016
1.03960000000008 -0.012
1.03965000000008 0.016
1.03970000000008 -0.014
1.03975000000008 0.012
1.03980000000008 0.014
1.03985000000008 -0.02
1.03990000000008 0.01
1.03995000000008 -0.014
1.04000000000008 -0.016
1.04005000000008 0.014
1.04010000000008 -0.012
1.04015000000008 0.012
1.04020000000008 -0.012
1.04025000000009 0.018
1.04030000000009 -0.012
1.04035000000009 0.018
1.04040000000009 -0.014
1.04045000000009 0.014
1.04050000000009 0.016
1.04055000000009 -0.02
1.04060000000009 0.016
1.04065000000009 -0.02
1.04070000000009 -0.016
1.04075000000009 0.018
1.04080000000009 -0.018
1.04085000000009 0.014
1.04090000000009 -0.012
1.04095000000009 0.014
1.04100000000009 0.022
1.04105000000009 -0.02
1.04110000000009 -0.012
1.04115000000009 0.022
1.04120000000009 0.01
1.04125000000009 -0.012
1.04130000000009 0.018
1.04135000000009 -0.024
1.04140000000009 0.014
1.04145000000009 -0.016
1.04150000000009 0.014
1.04155000000009 -0.018
1.04160000000009 0.014
1.04165000000009 -0.032
1.04170000000009 0.018
1.04175000000009 -0.032
1.04180000000009 0.01
1.04185000000009 -0.028
1.04190000000009 0.004
1.04195000000009 -0.044
1.04200000000009 0.01
1.04205000000009 -0.046
1.04210000000009 0.008
1.04215000000009 -0.048
1.04220000000009 -0.054
1.04225000000009 0.002
1.04230000000009 -0.058
1.04235000000009 -0.004
1.04240000000009 0
1.04245000000009 -0.064
1.04250000000009 -0.004
1.04255000000009 -0.072
1.04260000000009 -0.006
1.04265000000009 -0.074
1.04270000000009 -0.08
1.04275000000009 -0.01
1.04280000000009 -0.012
1.04285000000009 -0.092
1.04290000000009 -0.022
1.04295000000009 -0.086
1.04300000000009 -0.09
1.04305000000009 -0.024
1.04310000000009 -0.096
1.04315000000009 -0.028
1.04320000000009 -0.028
1.04325000000009 -0.094
1.04330000000009 -0.028
1.04335000000009 -0.072
1.04340000000009 -0.032
1.04345000000009 -0.074
1.04350000000009 -0.034
1.04355000000009 -0.078
1.04360000000009 -0.034
1.04365000000009 -0.092
1.04370000000009 -0.076
1.04375000000009 -0.03
1.04380000000009 -0.066
1.04385000000009 -0.02
1.04390000000009 -0.066
1.04395000000009 -0.016
1.04400000000009 -0.052
1.04405000000009 -0.004
1.04410000000009 -0.046
1.04415000000009 0.006
1.04420000000009 -0.048
1.04425000000009 0.008
1.04430000000009 0.008
1.04435000000009 -0.042
1.04440000000009 -0.036
1.04445000000009 0.008
1.04450000000009 0.014
1.04455000000009 -0.028
1.04460000000009 0.014
1.04465000000009 -0.028
1.04470000000009 0.01
1.04475000000009 -0.024
1.04480000000009 -0.02
1.04485000000009 0.014
1.04490000000009 0.012
1.04495000000009 -0.022
1.0450000000001 -0.032
1.0450500000001 0.01
1.0451000000001 -0.034
1.0451500000001 0.01
1.0452000000001 0.01
1.0452500000001 -0.024
1.0453000000001 -0.016
1.0453500000001 0.008
1.0454000000001 -0.014
1.0454500000001 0.014
1.0455000000001 -0.014
1.0455500000001 0.012
1.0456000000001 -0.012
1.0456500000001 0.014
1.0457000000001 -0.012
1.0457500000001 0.012
1.0458000000001 0.014
1.0458500000001 -0.016
1.0459000000001 0.01
1.0459500000001 -0.02
1.0460000000001 -0.026
1.0460500000001 0.014
1.0461000000001 -0.02
1.0461500000001 0.014
1.0462000000001 -0.028
1.0462500000001 0.012
1.0463000000001 -0.036
1.0463500000001 0.008
1.0464000000001 0.008
1.0464500000001 -0.04
1.0465000000001 0.01
1.0465500000001 -0.038
1.0466000000001 -0.042
1.0466500000001 0.008
1.0467000000001 0.002
1.0467500000001 -0.044
1.0468000000001 0.002
1.0468500000001 -0.056
1.0469000000001 -0.056
1.0469500000001 0.002
1.0470000000001 -0.002
1.0470500000001 -0.06
1.0471000000001 -0.006
1.0471500000001 -0.062
1.0472000000001 -0.07
1.0472500000001 -0.006
1.0473000000001 -0.008
1.0473500000001 -0.074
1.0474000000001 -0.014
1.0474500000001 -0.08
1.0475000000001 -0.018
1.0475500000001 -0.078
1.0476000000001 -0.018
1.0476500000001 -0.074
1.0477000000001 -0.022
1.0477500000001 -0.072
1.0478000000001 -0.062
1.0478500000001 -0.004
1.0479000000001 -0.028
1.0479500000001 0.008
1.0480000000001 -0.016
1.0480500000001 0.012
1.0481000000001 -0.012
1.0481500000001 0.014
1.0482000000001 0.016
1.0482500000001 -0.012
1.0483000000001 0.014
1.0483500000001 -0.012
1.0484000000001 0.014
1.0484500000001 -0.012
1.0485000000001 -0.012
1.0485500000001 0.014
1.0486000000001 -0.018
1.0486500000001 0.014
1.0487000000001 -0.02
1.0487500000001 0.016
1.0488000000001 0.012
1.0488500000001 -0.026
1.0489000000001 -0.032
1.0489500000001 0.01
1.0490000000001 0.01
1.0490500000001 -0.03
1.0491000000001 0.008
1.0491500000001 -0.036
1.0492000000001 0.01
1.0492500000001 -0.046
1.0493000000001 0.006
1.0493500000001 -0.042
1.0494000000001 0.002
1.0494500000001 -0.042
1.0495000000001 0.002
1.0495500000001 -0.05
1.0496000000001 -0.002
1.0496500000001 -0.042
1.0497000000001 -0.048
1.04975000000011 -0.004
1.04980000000011 -0.048
1.04985000000011 -0.008
1.04990000000011 -0.012
1.04995000000011 -0.072
1.05000000000011 -0.01
1.05005000000011 -0.082
1.05010000000011 -0.016
1.05015000000011 -0.082
1.05020000000011 -0.022
1.05025000000011 -0.082
1.05030000000011 -0.022
1.05035000000011 -0.09
1.05040000000011 -0.088
1.05045000000011 -0.026
1.05050000000011 -0.088
1.05055000000011 -0.026
1.05060000000011 -0.088
1.05065000000011 -0.03
1.05070000000011 -0.08
1.05075000000011 -0.03
1.05080000000011 -0.086
1.05085000000011 -0.03
1.05090000000011 -0.074
1.05095000000011 -0.034
1.05100000000011 -0.074
1.05105000000011 -0.032
1.05110000000011 -0.092
1.05115000000011 -0.032
1.05120000000011 -0.076
1.05125000000011 -0.02
1.05130000000011 -0.044
1.05135000000011 0.002
1.05140000000011 -0.032
1.05145000000011 0.008
1.05150000000011 0.01
1.05155000000011 -0.036
1.05160000000011 0.006
1.05165000000011 -0.032
1.05170000000011 0.006
1.05175000000011 -0.034
1.05180000000011 0.004
1.05185000000011 -0.034
1.05190000000011 0.002
1.05195000000011 -0.044
1.05200000000011 0.002
1.05205000000011 -0.06
1.05210000000011 -0.064
1.05215000000011 -0.004
1.05220000000011 -0.066
1.05225000000011 -0.006
1.05230000000011 -0.006
1.05235000000011 -0.068
1.05240000000011 -0.048
1.05245000000011 0
1.05250000000011 -0.032
1.05255000000011 0.006
1.05260000000011 0.012
1.05265000000011 -0.034
1.05270000000011 0.008
1.05275000000011 -0.028
1.05280000000011 0.01
1.05285000000011 -0.034
1.05290000000011 0.006
1.05295000000011 -0.04
1.05300000000011 -0.044
1.05305000000011 0.008
1.05310000000011 0.002
1.05315000000011 -0.05
1.05320000000011 0
1.05325000000011 -0.036
1.05330000000011 -0.04
1.05335000000011 0.002
1.05340000000011 0.01
1.05345000000011 -0.018
1.05350000000011 -0.014
1.05355000000011 0.012
1.05360000000011 0.014
1.05365000000011 -0.014
1.05370000000011 -0.014
1.05375000000011 0.014
1.05380000000011 0.016
1.05385000000011 -0.014
1.05390000000011 0.014
1.05395000000011 -0.018
1.05400000000011 0.014
1.05405000000011 -0.02
1.05410000000011 0.014
1.05415000000011 -0.016
1.05420000000011 0.012
1.05425000000011 -0.016
1.05430000000011 -0.018
1.05435000000011 0.012
1.05440000000011 -0.014
1.05445000000012 0.012
1.05450000000012 0.016
1.05455000000012 -0.012
1.05460000000012 -0.012
1.05465000000012 0.014
1.05470000000012 0.014
1.05475000000012 -0.016
1.05480000000012 -0.012
1.05485000000012 0.012
1.05490000000012 -0.014
1.05495000000012 0.014
1.05500000000012 -0.012
1.05505000000012 0.01
1.05510000000012 -0.012
1.05515000000012 0.014
1.05520000000012 -0.012
1.05525000000012 0.014
1.05530000000012 -0.014
1.05535000000012 0.014
1.05540000000012 0.01
1.05545000000012 -0.014
1.05550000000012 0.012
1.05555000000012 -0.014
1.05560000000012 0.014
1.05565000000012 -0.014
1.05570000000012 0.01
1.05575000000012 -0.012
1.05580000000012 -0.012
1.05585000000012 0.014
1.05590000000012 -0.014
1.05595000000012 0.014
1.05600000000012 0.012
1.05605000000012 -0.016
1.05610000000012 0.01
1.05615000000012 -0.012
1.05620000000012 0.01
1.05625000000012 -0.012
1.05630000000012 0.014
1.05635000000012 -0.014
1.05640000000012 0.012
1.05645000000012 -0.016
1.05650000000012 0.012
1.05655000000012 -0.016
1.05660000000012 0.014
1.05665000000012 -0.014
1.05670000000012 0.016
1.05675000000012 -0.014
1.05680000000012 -0.012
1.05685000000012 0.016
1.05690000000012 -0.016
1.05695000000012 0.014
1.05700000000012 -0.012
1.05705000000012 0.014
1.05710000000012 0.016
1.05715000000012 -0.014
1.05720000000012 0.02
1.05725000000012 -0.014
1.05730000000012 0.016
1.05735000000012 -0.012
1.05740000000012 -0.012
1.05745000000012 0.012
1.05750000000012 0.01
1.05755000000012 -0.012
1.05760000000012 -0.012
1.05765000000012 0.018
1.05770000000012 -0.012
1.05775000000012 0.02
1.05780000000012 0.014
1.05785000000012 -0.016
1.05790000000012 0.012
1.05795000000012 -0.02
1.05800000000012 0.018
1.05805000000012 -0.02
1.05810000000012 0.014
1.05815000000012 -0.028
1.05820000000012 0.018
1.05825000000012 -0.028
1.05830000000012 0.01
1.05835000000012 -0.034
1.05840000000012 0.016
1.05845000000012 -0.042
1.05850000000012 -0.042
1.05855000000012 0.01
1.05860000000012 0.01
1.05865000000012 -0.048
1.05870000000012 0.008
1.05875000000012 -0.052
1.05880000000012 0.002
1.05885000000012 -0.052
1.05890000000012 0
1.05895000000012 -0.062
1.05900000000012 -0.07
1.05905000000012 -0.004
1.05910000000012 -0.006
1.05915000000012 -0.068
1.05920000000013 -0.008
1.05925000000013 -0.062
1.05930000000013 -0.018
1.05935000000013 -0.062
1.05940000000013 -0.018
1.05945000000013 -0.058
1.05950000000013 -0.02
1.05955000000013 -0.068
1.05960000000013 -0.024
1.05965000000013 -0.066
1.05970000000013 -0.026
1.05975000000013 -0.072
1.05980000000013 -0.072
1.05985000000013 -0.028
1.05990000000013 -0.03
1.05995000000013 -0.094
