0 -0.108
0.00005 0.01
0.0001 -0.108
0.00015 0.004
0.0002 0.012
0.00025 -0.086
0.0003 -0.116
0.00035 -0.008
0.0004 -0.104
0.00045 -0.008
0.0005 -0.102
0.00055 -0.012
0.0006 -0.11
0.00065 -0.016
0.0007 -0.102
0.00075 -0.006
0.0008 -0.116
0.00085 0.022
0.0009 -0.114
0.00095 0.012
0.001 -0.1
0.00105 0.018
0.0011 -0.116
0.00115 0.042
0.0012 0.044
0.00125 -0.11
0.0013 -0.104
0.00135 0.024
0.0014 -0.116
0.00145 0.02
0.0015 -0.112
0.00155 0.022
0.0016 -0.122
0.00165 0.03
0.0017 0.012
0.00175 -0.136
0.0018 0.024
0.00185 -0.112
0.0019 0.024
0.00195 -0.126
0.002 0.058
0.00205 -0.132
0.0021 0.054
0.00215 -0.124
0.0022 0.014
0.00225 -0.124
0.0023 -0.124
0.00235 0.022
0.0024 0.034
0.00245 -0.108
0.0025 0.022
0.00255 -0.11
0.0026 -0.002
0.00265 -0.124
0.0027 -0.094
0.00275 -0.016
0.0028 -0.126
0.00285 -0.022
0.0029 0.006
0.00295 -0.124
0.003 0.03
0.00305 -0.116
0.0031 0.01
0.00315 -0.11
0.0032 0.01
0.00325 -0.112
0.0033 -0.108
0.00335 0.004
0.0034 -0.126
0.00345 -0.008
0.0035 -0.126
0.00355 0.012
0.0036 -0.006
0.00365 -0.104
0.0037 -0.112
0.00375 -0.006
0.0038 -0.12
0.00385 0.002
0.0039 0.006
0.00395 -0.098
0.004 0.008
0.00405 -0.106
0.0041 -0.096
0.00415 0.014
0.0042 0.004
0.00425 -0.104
0.0043 -0.004
0.00435 -0.118
0.0044 0
0.00445 -0.098
0.0045 -0.014
0.00455 -0.094
0.0046 -0.012
0.00465 -0.088
0.0047 -0.094
0.00475 -0.018
0.0048 -0.022
0.00485 -0.088
0.0049 -0.008
0.00495 -0.104
0.005 -0.006
0.00505 -0.094
0.0051 -0.016
0.00515 -0.076
0.0052 -0.016
0.00525 -0.1
0.0053 -0.014
0.00535 -0.08
0.0054 -0.07
0.00545 -0.014
0.00549999999999999 -0.018
0.00554999999999999 -0.068
0.00559999999999999 -0.01
0.00564999999999999 -0.07
0.00569999999999999 -0.016
0.00574999999999999 -0.068
0.00579999999999999 -0.07
0.00584999999999999 -0.018
0.00589999999999999 -0.012
0.00594999999999999 -0.066
0.00599999999999999 -0.066
0.00604999999999999 -0.008
0.00609999999999999 -0.072
0.00614999999999999 -0.01
0.00619999999999999 -0.07
0.00624999999999999 -0.006
0.00629999999999999 -0.012
0.00634999999999999 -0.07
0.00639999999999999 -0.006
0.00644999999999999 -0.064
0.00649999999999999 -0.008
0.00654999999999999 -0.062
0.00659999999999999 -0.006
0.00664999999999999 -0.064
0.00669999999999999 0.002
0.00674999999999999 -0.062
0.00679999999999999 -0.07
0.00684999999999999 -0.008
0.00689999999999999 -0.004
0.00694999999999999 -0.062
0.00699999999999999 -0.062
0.00704999999999999 -0.004
0.00709999999999999 -0.064
0.00714999999999998 0.002
0.00719999999999998 -0.066
0.00724999999999998 -0.006
0.00729999999999998 -0.002
0.00734999999999998 -0.066
0.00739999999999998 -0.066
0.00744999999999998 -0.004
0.00749999999999998 -0.002
0.00754999999999998 -0.072
0.00759999999999998 -0.068
0.00764999999999998 -0.004
0.00769999999999998 -0.066
0.00774999999999998 0
0.00779999999999998 0.01
0.00784999999999998 -0.08
0.00789999999999998 0.004
0.00794999999999998 -0.076
0.00799999999999998 -0.076
0.00804999999999998 0
0.00809999999999998 -0.074
0.00814999999999998 0.018
0.00819999999999998 0.01
0.00824999999999998 -0.07
0.00829999999999998 0.004
0.00834999999999998 -0.072
0.00839999999999998 0
0.00844999999999998 -0.062
0.00849999999999998 -0.08
0.00854999999999998 -0.002
0.00859999999999998 0
0.00864999999999998 -0.078
0.00869999999999998 -0.008
0.00874999999999998 -0.08
0.00879999999999998 0.004
0.00884999999999997 -0.066
0.00889999999999997 -0.08
0.00894999999999997 0
0.00899999999999997 -0.006
0.00904999999999997 -0.076
0.00909999999999997 0.002
0.00914999999999997 -0.082
0.00919999999999997 -0.078
0.00924999999999997 0
0.00929999999999997 -0.08
0.00934999999999997 0.002
0.00939999999999997 -0.076
0.00944999999999997 0.008
0.00949999999999997 -0.078
0.00954999999999997 -0.008
0.00959999999999997 -0.074
0.00964999999999997 -0.006
0.00969999999999997 -0.08
0.00974999999999997 -0.008
0.00979999999999997 -0.002
0.00984999999999997 -0.088
0.00989999999999997 -0.012
0.00994999999999997 -0.078
0.00999999999999997 -0.012
0.01005 -0.078
0.0101 -0.004
0.01015 -0.084
0.0102 -0.08
0.01025 -0.002
0.0103 -0.09
0.01035 0.014
0.0104 -0.012
0.01045 -0.084
0.0105 -0.088
0.01055 -0.008
0.0106 -0.096
0.01065 -0.014
0.0107 -0.078
0.01075 -0.01
0.0108 -0.084
0.01085 -0.006
0.0109 -0.078
0.01095 -0.024
0.011 -0.008
0.01105 -0.102
0.0111 -0.09
0.01115 -0.01
0.0112 -0.096
0.01125 -0.008
0.0113 -0.02
0.01135 -0.084
0.0114 -0.08
0.01145 -0.016
0.0115 -0.09
0.01155 -0.014
0.0116 -0.102
0.01165 -0.004
0.0117 -0.088
0.01175 -0.01
0.0118 -0.09
0.01185 0.002
0.0119 -0.02
0.01195 -0.084
0.012 -0.09
0.01205 -0.006
0.0121 -0.106
0.01215 -0.02
0.0122 -0.016
0.01225 -0.096
0.0123 -0.088
0.01235 -0.02
0.0124 -0.016
0.01245 -0.074
0.0125 -0.08
0.01255 -0.016
0.0126 -0.02
0.01265 -0.086
0.0127 -0.084
0.01275 -0.016
0.0128 -0.078
0.01285 -0.02
0.0129 -0.074
0.01295 -0.028
0.0129999999999999 -0.084
0.0130499999999999 -0.02
0.0130999999999999 -0.082
0.0131499999999999 -0.02
0.0131999999999999 -0.072
0.0132499999999999 -0.012
0.0132999999999999 -0.078
0.0133499999999999 -0.01
0.0133999999999999 -0.072
0.0134499999999999 -0.016
0.0134999999999999 -0.074
0.0135499999999999 -0.016
0.0135999999999999 -0.016
0.0136499999999999 -0.07
0.0136999999999999 -0.018
0.0137499999999999 -0.078
0.0137999999999999 -0.014
0.0138499999999999 -0.078
0.0138999999999999 -0.066
0.0139499999999999 -0.014
0.0139999999999999 -0.064
0.0140499999999999 -0.01
0.0140999999999999 -0.006
0.0141499999999999 -0.076
0.0141999999999999 -0.066
0.0142499999999999 -0.012
0.0142999999999999 -0.01
0.0143499999999999 -0.062
0.0143999999999999 -0.004
0.0144499999999999 -0.07
0.0144999999999999 -0.074
0.0145499999999999 -0.008
0.0145999999999999 -0.062
0.0146499999999999 -0.018
0.0146999999999999 -0.082
0.0147499999999999 -0.01
0.0147999999999999 -0.012
0.0148499999999999 -0.092
0.0148999999999999 -0.086
0.0149499999999999 -0.008
0.0149999999999999 -0.098
0.0150499999999999 0.002
0.0150999999999999 -0.078
0.0151499999999999 -0.002
0.0151999999999999 -0.104
0.0152499999999999 0.016
0.0152999999999999 -0.088
0.0153499999999999 0.008
0.0153999999999999 0.01
0.0154499999999999 -0.088
0.0154999999999999 0.008
0.0155499999999999 -0.08
0.0155999999999999 0.008
0.0156499999999999 -0.074
0.0156999999999999 -0.102
0.0157499999999999 0.022
0.0157999999999999 0.004
0.0158499999999999 -0.104
0.0158999999999999 0.016
0.0159499999999999 -0.084
0.0159999999999999 -0.094
0.0160499999999999 0.02
0.0160999999999999 -0.078
0.01615 0.028
0.0162 0.012
0.01625 -0.096
0.0163 0.024
0.01635 -0.08
0.0164 -0.096
0.01645 0.012
0.0165 0.018
0.01655 -0.108
0.0166 -0.094
0.01665 0.024
0.0167 0.006
0.01675 -0.11
0.0168 0.036
0.01685 -0.102
0.0169 0.002
0.01695 -0.112
0.017 0.026
0.01705 -0.106
0.0171 0.036
0.01715 -0.104
0.0172 0.06
0.01725 -0.108
0.0173 -0.108
0.01735 0.028
0.0174 0.018
0.01745 -0.116
0.0175 0.066
0.01755 -0.108
0.0176 0.018
0.01765 -0.104
0.0177 -0.112
0.01775 0.014
0.0178 -0.126
0.01785 0.054
0.0179 0.016
0.01795 -0.12
0.018 0.038
0.01805 -0.118
0.0181 0.028
0.01815 -0.124
0.0182 0.01
0.01825 -0.12
0.0183 0.048
0.01835 -0.12
0.0184 -0.11
0.01845 0.002
0.0185 0.018
0.01855 -0.126
0.0186 -0.002
0.01865 -0.118
0.0187 -0.124
0.01875 0.038
0.0188 0.038
0.01885 -0.122
0.0189 -0.112
0.01895 -0.026
0.019 -0.14
0.01905 0.024
0.0191 -0.132
0.01915 0.012
0.0192 -0.11
0.01925 0.02
0.0193 -0.128
0.01935 0.042
0.0194 0.006
0.01945 -0.126
0.0195 0.034
0.01955 -0.108
0.0196 0.016
0.0196500000000001 -0.118
0.0197000000000001 -0.104
0.0197500000000001 0.03
0.0198000000000001 0.002
0.0198500000000001 -0.112
0.0199000000000001 -0.106
0.0199500000000001 0.002
0.0200000000000001 -0.122
0.0200500000000001 0.004
0.0201000000000001 -0.12
0.0201500000000001 0.004
0.0202000000000001 0.008
0.0202500000000001 -0.108
0.0203000000000001 -0.114
0.0203500000000001 0.012
0.0204000000000001 0
0.0204500000000001 -0.096
0.0205000000000001 0.002
0.0205500000000001 -0.1
0.0206000000000001 -0.116
0.0206500000000001 -0.036
0.0207000000000001 -0.016
0.0207500000000001 -0.112
0.0208000000000001 -0.11
0.0208500000000001 -0.02
0.0209000000000001 -0.002
0.0209500000000001 -0.092
0.0210000000000001 -0.002
0.0210500000000001 -0.114
0.0211000000000001 -0.122
0.0211500000000001 -0.004
0.0212000000000001 -0.1
0.0212500000000001 0.004
0.0213000000000001 0
0.0213500000000001 -0.102
0.0214000000000001 -0.078
0.0214500000000001 -0.004
0.0215000000000001 -0.104
0.0215500000000001 -0.002
0.0216000000000001 -0.09
0.0216500000000001 -0.008
0.0217000000000001 -0.002
0.0217500000000001 -0.09
0.0218000000000001 -0.074
0.0218500000000001 0.006
0.0219000000000001 -0.07
0.0219500000000001 -0.02
0.0220000000000001 -0.014
0.0220500000000001 -0.09
0.0221000000000001 -0.016
0.0221500000000001 -0.078
0.0222000000000001 -0.08
0.0222500000000001 -0.014
0.0223000000000001 -0.07
0.0223500000000001 -0.014
0.0224000000000001 -0.066
0.0224500000000001 -0.016
0.0225000000000001 -0.062
0.0225500000000001 -0.012
0.0226000000000001 -0.06
0.0226500000000001 -0.016
0.0227000000000001 -0.06
0.0227500000000001 -0.012
0.0228000000000001 -0.016
0.0228500000000001 -0.068
0.0229000000000001 -0.008
0.0229500000000001 -0.062
0.0230000000000001 -0.012
0.0230500000000001 -0.062
0.0231000000000001 -0.064
0.0231500000000002 0.004
0.0232000000000002 -0.004
0.0232500000000002 -0.06
0.0233000000000002 -0.064
0.0233500000000002 -0.006
0.0234000000000002 -0.066
0.0234500000000002 -0.004
0.0235000000000002 -0.068
0.0235500000000002 -0.006
0.0236000000000002 -0.062
0.0236500000000002 -0.004
0.0237000000000002 -0.006
0.0237500000000002 -0.062
0.0238000000000002 -0.062
0.0238500000000002 -0.006
0.0239000000000002 -0.004
0.0239500000000002 -0.066
0.0240000000000002 0.002
0.0240500000000002 -0.068
0.0241000000000002 -0.066
0.0241500000000002 -0.002
0.0242000000000002 0.004
0.0242500000000002 -0.072
0.0243000000000002 -0.004
0.0243500000000002 -0.086
0.0244000000000002 0.002
0.0244500000000002 -0.066
0.0245000000000002 0
0.0245500000000002 -0.084
0.0246000000000002 -0.068
0.0246500000000002 -0.004
0.0247000000000002 -0.078
0.0247500000000002 -0.004
0.0248000000000002 0.01
0.0248500000000002 -0.084
0.0249000000000002 -0.08
0.0249500000000002 0.01
0.0250000000000002 -0.07
0.0250500000000002 0.006
0.0251000000000002 0.002
0.0251500000000002 -0.072
0.0252000000000002 -0.078
0.0252500000000002 0.004
0.0253000000000002 -0.074
0.0253500000000002 0.014
0.0254000000000002 -0.072
0.0254500000000002 0.002
0.0255000000000002 -0.002
0.0255500000000002 -0.08
0.0256000000000002 0.002
0.0256500000000002 -0.084
0.0257000000000002 -0.068
0.0257500000000002 0.004
0.0258000000000002 -0.08
0.0258500000000002 -0.002
0.0259000000000002 -0.002
0.0259500000000002 -0.084
0.0260000000000002 0.006
0.0260500000000002 -0.072
0.0261000000000002 0
0.0261500000000002 -0.09
0.0262000000000002 -0.006
0.0262500000000002 -0.078
0.0263000000000002 -0.002
0.0263500000000002 -0.078
0.0264000000000002 -0.002
0.0264500000000002 -0.088
0.0265000000000002 0.01
0.0265500000000002 -0.074
0.0266000000000003 -0.082
0.0266500000000003 -0.014
0.0267000000000003 -0.008
0.0267500000000003 -0.08
0.0268000000000003 0.006
0.0268500000000003 -0.088
0.0269000000000003 -0.008
0.0269500000000003 -0.07
0.0270000000000003 -0.088
0.0270500000000003 0.002
0.0271000000000003 -0.014
0.0271500000000003 -0.092
0.0272000000000003 -0.006
0.0272500000000003 -0.088
0.0273000000000003 -0.012
0.0273500000000003 -0.09
0.0274000000000003 -0.012
0.0274500000000003 -0.092
0.0275000000000003 -0.002
0.0275500000000003 -0.094
0.0276000000000003 -0.082
0.0276500000000003 -0.02
0.0277000000000003 -0.086
0.0277500000000003 0.002
0.0278000000000003 -0.096
0.0278500000000003 -0.014
0.0279000000000003 -0.01
0.0279500000000003 -0.084
0.0280000000000003 -0.02
0.0280500000000003 -0.084
0.0281000000000003 -0.012
0.0281500000000003 -0.092
0.0282000000000003 -0.018
0.0282500000000003 -0.094
0.0283000000000003 -0.012
0.0283500000000003 -0.088
0.0284000000000003 -0.024
0.0284500000000003 -0.086
0.0285000000000003 -0.022
0.0285500000000003 -0.088
0.0286000000000003 -0.022
0.0286500000000003 -0.086
0.0287000000000003 -0.016
0.0287500000000003 -0.08
0.0288000000000003 -0.024
0.0288500000000003 -0.086
0.0289000000000003 -0.022
0.0289500000000003 -0.088
0.0290000000000003 -0.08
0.0290500000000003 -0.02
0.0291000000000003 -0.092
0.0291500000000003 -0.016
0.0292000000000003 -0.086
0.0292500000000003 -0.014
0.0293000000000003 -0.084
0.0293500000000003 -0.014
0.0294000000000003 -0.1
0.0294500000000003 -0.022
0.0295000000000003 -0.006
0.0295500000000003 -0.08
0.0296000000000003 -0.02
0.0296500000000003 -0.082
0.0297000000000003 -0.02
0.0297500000000003 -0.08
0.0298000000000003 -0.016
0.0298500000000003 -0.072
0.0299000000000003 -0.08
0.0299500000000003 -0.016
0.0300000000000003 -0.074
0.0300500000000003 -0.02
0.0301000000000004 -0.014
0.0301500000000004 -0.076
0.0302000000000004 -0.074
0.0302500000000004 -0.012
0.0303000000000004 -0.012
0.0303500000000004 -0.07
0.0304000000000004 -0.02
0.0304500000000004 -0.066
0.0305000000000004 -0.072
0.0305500000000004 -0.02
0.0306000000000004 -0.066
0.0306500000000004 -0.01
0.0307000000000004 -0.014
0.0307500000000004 -0.062
0.0308000000000004 -0.016
0.0308500000000004 -0.066
0.0309000000000004 -0.062
0.0309500000000004 -0.016
0.0310000000000004 -0.014
0.0310500000000004 -0.066
0.0311000000000004 -0.01
0.0311500000000004 -0.098
0.0312000000000004 -0.006
0.0312500000000004 -0.076
0.0313000000000004 -0.008
0.0313500000000004 -0.094
0.0314000000000004 -0.086
0.0314500000000004 0.002
0.0315000000000004 -0.004
0.0315500000000004 -0.074
0.0316000000000004 -0.004
0.0316500000000004 -0.08
0.0317000000000004 -0.074
0.0317500000000004 0.012
0.0318000000000004 0.008
0.0318500000000004 -0.098
0.0319000000000004 0.002
0.0319500000000004 -0.088
0.0320000000000004 -0.104
0.0320500000000004 0.004
0.0321000000000004 0.01
0.0321500000000004 -0.102
0.0322000000000004 0.006
0.0322500000000004 -0.086
0.0323000000000004 0.008
0.0323500000000004 -0.062
0.0324000000000004 -0.102
0.0324500000000004 -0.002
0.0325000000000004 0.006
0.0325500000000004 -0.088
0.0326000000000004 0.01
0.0326500000000004 -0.07
0.0327000000000004 -0.006
0.0327500000000004 -0.1
0.0328000000000004 -0.014
0.0328500000000004 -0.078
0.0329000000000004 0.01
0.0329500000000004 -0.092
0.0330000000000004 0.02
0.0330500000000004 -0.092
0.0331000000000004 -0.094
0.0331500000000004 0.024
0.0332000000000004 0.014
0.0332500000000004 -0.1
0.0333000000000004 0.036
0.0333500000000004 -0.094
0.0334000000000004 -0.108
0.0334500000000004 0.026
0.0335000000000004 0.042
0.0335500000000005 -0.094
0.0336000000000005 0.016
0.0336500000000005 -0.104
0.0337000000000005 0.05
0.0337500000000005 -0.112
0.0338000000000005 0.052
0.0338500000000005 -0.11
0.0339000000000005 -0.108
0.0339500000000005 0.062
0.0340000000000005 -0.104
0.0340500000000005 0.046
0.0341000000000005 -0.104
0.0341500000000005 0.034
0.0342000000000005 0.026
0.0342500000000005 -0.122
0.0343000000000005 0.038
0.0343500000000005 -0.112
0.0344000000000005 -0.096
0.0344500000000005 0.062
0.0345000000000005 -0.122
0.0345500000000005 -0.014
0.0346000000000005 -0.004
0.0346500000000005 -0.116
0.0347000000000005 -0.018
0.0347500000000005 -0.124
0.0348000000000005 0.008
0.0348500000000005 -0.114
0.0349000000000005 -0.102
0.0349500000000005 0.038
0.0350000000000005 0.018
0.0350500000000005 -0.128
0.0351000000000005 0.018
0.0351500000000005 -0.114
0.0352000000000005 -0.108
0.0352500000000005 0.01
0.0353000000000005 0.024
0.0353500000000005 -0.104
0.0354000000000005 -0.116
0.0354500000000005 0.026
0.0355000000000005 -0.112
0.0355500000000005 0.026
0.0356000000000005 0.034
0.0356500000000005 -0.098
0.0357000000000005 0.03
0.0357500000000005 -0.13
0.0358000000000005 -0.116
0.0358500000000005 0
0.0359000000000005 0
0.0359500000000005 -0.11
0.0360000000000005 -0.112
0.0360500000000005 0.01
0.0361000000000005 0.01
0.0361500000000005 -0.116
0.0362000000000005 0.022
0.0362500000000005 -0.12
0.0363000000000005 0.022
0.0363500000000005 -0.124
0.0364000000000005 0.02
0.0364500000000005 -0.128
0.0365000000000005 -0.118
0.0365500000000005 -0.028
0.0366000000000005 -0.008
0.0366500000000005 -0.102
0.0367000000000005 -0.024
0.0367500000000005 -0.102
0.0368000000000005 -0.098
0.0368500000000005 0
0.0369000000000005 -0.11
0.0369500000000005 -0.002
0.0370000000000005 -0.006
0.0370500000000006 -0.114
0.0371000000000006 -0.096
0.0371500000000006 0.008
0.0372000000000006 0.014
0.0372500000000006 -0.102
0.0373000000000006 -0.002
0.0373500000000006 -0.108
0.0374000000000006 -0.004
0.0374500000000006 -0.114
0.0375000000000006 0.008
0.0375500000000006 -0.12
0.0376000000000006 0.008
0.0376500000000006 -0.096
0.0377000000000006 0.002
0.0377500000000006 -0.1
0.0378000000000006 0
0.0378500000000006 -0.094
0.0379000000000006 0
0.0379500000000006 -0.086
0.0380000000000006 0.014
0.0380500000000006 -0.112
0.0381000000000006 -0.018
0.0381500000000006 -0.074
0.0382000000000006 -0.014
0.0382500000000006 -0.108
0.0383000000000006 0.002
0.0383500000000006 -0.116
0.0384000000000006 -0.016
0.0384500000000006 -0.096
0.0385000000000006 -0.01
0.0385500000000006 -0.096
0.0386000000000006 -0.02
0.0386500000000006 -0.088
0.0387000000000006 -0.074
0.0387500000000006 -0.02
0.0388000000000006 -0.076
0.0388500000000006 -0.016
0.0389000000000006 -0.064
0.0389500000000006 -0.014
0.0390000000000006 -0.014
0.0390500000000006 -0.072
0.0391000000000006 -0.016
0.0391500000000006 -0.074
0.0392000000000006 -0.064
0.0392500000000006 -0.01
0.0393000000000006 -0.008
0.0393500000000006 -0.058
0.0394000000000006 -0.068
0.0394500000000006 -0.002
0.0395000000000006 -0.068
0.0395500000000006 -0.012
0.0396000000000006 -0.066
0.0396500000000006 -0.008
0.0397000000000006 -0.004
0.0397500000000006 -0.066
0.0398000000000006 -0.006
0.0398500000000006 -0.064
0.0399000000000006 -0.006
0.0399500000000006 -0.062
0.0400000000000006 -0.068
0.0400500000000006 -0.01
0.0401000000000006 -0.066
0.0401500000000006 -0.002
0.0402000000000006 -0.012
0.0402500000000006 -0.07
0.0403000000000006 -0.064
0.0403500000000006 0
0.0404000000000006 -0.006
0.0404500000000006 -0.064
0.0405000000000007 0
0.0405500000000007 -0.064
0.0406000000000007 -0.004
0.0406500000000007 -0.064
0.0407000000000007 -0.002
0.0407500000000007 -0.068
0.0408000000000007 0.002
0.0408500000000007 -0.07
0.0409000000000007 0.002
0.0409500000000007 -0.078
0.0410000000000007 0
0.0410500000000007 -0.068
0.0411000000000007 -0.078
0.0411500000000007 0.016
0.0412000000000007 -0.08
0.0412500000000007 0
0.0413000000000007 -0.09
0.0413500000000007 0.002
0.0414000000000007 -0.002
0.0414500000000007 -0.082
0.0415000000000007 -0.002
0.0415500000000007 -0.072
0.0416000000000007 0.01
0.0416500000000007 -0.08
0.0417000000000007 -0.074
0.0417500000000007 0.012
0.0418000000000007 -0.066
0.0418500000000007 0.002
0.0419000000000007 -0.076
0.0419500000000007 0.002
0.0420000000000007 0.008
0.0420500000000007 -0.088
0.0421000000000007 -0.076
0.0421500000000007 -0.008
0.0422000000000007 -0.072
0.0422500000000007 0.002
0.0423000000000007 -0.082
0.0423500000000007 0.018
0.0424000000000007 -0.01
0.0424500000000007 -0.072
0.0425000000000007 0.002
0.0425500000000007 -0.072
0.0426000000000007 0
0.0426500000000007 -0.068
0.0427000000000007 0.004
0.0427500000000007 -0.08
0.0428000000000007 -0.078
0.0428500000000007 0
0.0429000000000007 -0.004
0.0429500000000007 -0.072
0.0430000000000007 -0.08
0.0430500000000007 -0.002
0.0431000000000007 -0.006
0.0431500000000007 -0.08
0.0432000000000007 -0.08
0.0432500000000007 0.006
0.0433000000000007 -0.074
0.0433500000000007 -0.006
0.0434000000000007 -0.084
0.0434500000000007 -0.008
0.0435000000000007 0.002
0.0435500000000007 -0.08
0.0436000000000007 -0.082
0.0436500000000007 -0.004
0.0437000000000007 -0.096
0.0437500000000007 -0.006
0.0438000000000007 -0.082
0.0438500000000007 -0.012
0.0439000000000007 -0.014
0.0439500000000007 -0.096
0.0440000000000008 -0.012
0.0440500000000008 -0.08
0.0441000000000008 -0.094
0.0441500000000008 -0.01
0.0442000000000008 -0.09
0.0442500000000008 -0.014
0.0443000000000008 -0.092
0.0443500000000008 -0.006
0.0444000000000008 -0.078
0.0444500000000008 -0.024
0.0445000000000008 -0.016
0.0445500000000008 -0.076
0.0446000000000008 -0.082
0.0446500000000008 -0.016
0.0447000000000008 -0.08
0.0447500000000008 -0.016
0.0448000000000008 -0.02
0.0448500000000008 -0.076
0.0449000000000008 -0.088
0.0449500000000008 -0.014
0.0450000000000008 -0.022
0.0450500000000008 -0.098
0.0451000000000008 -0.088
0.0451500000000008 -0.014
0.0452000000000008 -0.102
0.0452500000000008 0.002
0.0453000000000008 -0.098
0.0453500000000008 -0.014
0.0454000000000008 -0.016
0.0454500000000008 -0.094
0.0455000000000008 -0.02
0.0455500000000008 -0.098
0.0456000000000008 -0.014
0.0456500000000008 -0.092
0.0457000000000008 -0.084
0.0457500000000008 -0.018
0.0458000000000008 -0.004
0.0458500000000008 -0.092
0.0459000000000008 -0.016
0.0459500000000008 -0.08
0.0460000000000008 -0.02
0.0460500000000008 -0.09
0.0461000000000008 -0.012
0.0461500000000008 -0.08
0.0462000000000008 -0.088
0.0462500000000008 -0.016
0.0463000000000008 -0.022
0.0463500000000008 -0.072
0.0464000000000008 -0.024
0.0464500000000008 -0.084
0.0465000000000008 -0.074
0.0465500000000008 -0.014
0.0466000000000008 -0.07
0.0466500000000008 -0.006
0.0467000000000008 -0.018
0.0467500000000008 -0.078
0.0468000000000008 -0.022
0.0468500000000008 -0.068
0.0469000000000008 -0.068
0.0469500000000008 -0.01
0.0470000000000008 -0.066
0.0470500000000008 -0.018
0.0471000000000008 -0.07
0.0471500000000008 -0.014
0.0472000000000008 -0.07
0.0472500000000008 -0.008
0.0473000000000008 -0.07
0.0473500000000008 -0.014
0.0474000000000008 -0.064
0.0474500000000008 -0.012
0.0475000000000009 -0.064
0.0475500000000009 -0.01
0.0476000000000009 -0.008
0.0476500000000009 -0.068
0.0477000000000009 -0.01
0.0477500000000009 -0.084
0.0478000000000009 -0.084
0.0478500000000009 -0.008
0.0479000000000009 0.01
0.0479500000000009 -0.082
0.0480000000000009 -0.094
0.0480500000000009 -0.01
0.0481000000000009 -0.006
0.0481500000000009 -0.09
0.0482000000000009 0.002
0.0482500000000009 -0.062
0.0483000000000009 -0.064
0.0483500000000009 0.002
0.0484000000000009 -0.082
0.0484500000000009 -0.014
0.0485000000000009 0.006
0.0485500000000009 -0.09
0.0486000000000009 -0.1
0.0486500000000009 -0.006
0.0487000000000009 -0.068
0.0487500000000009 0
0.0488000000000009 -0.1
0.0488500000000009 -0.012
0.0489000000000009 0.008
0.0489500000000009 -0.08
0.0490000000000009 0.01
0.0490500000000009 -0.096
0.0491000000000009 -0.096
0.0491500000000009 0.008
0.0492000000000009 0.024
0.0492500000000009 -0.082
0.0493000000000009 0.006
0.0493500000000009 -0.088
0.0494000000000009 0.026
0.0494500000000009 -0.088
0.0495000000000009 0.018
0.0495500000000009 -0.082
0.0496000000000009 0.036
0.0496500000000009 -0.088
0.0497000000000009 0.05
0.0497500000000009 -0.084
0.0498000000000009 0.02
0.0498500000000009 -0.088
0.0499000000000009 -0.106
0.0499500000000009 0.036
0.0500000000000009 0.022
0.0500500000000009 -0.108
0.0501000000000009 0.012
0.0501500000000009 -0.108
0.0502000000000009 0.04
0.0502500000000009 -0.104
0.0503000000000009 0.05
0.0503500000000009 -0.106
0.0504000000000009 0.008
0.0504500000000009 -0.112
0.0505000000000009 -0.018
0.0505500000000009 -0.118
0.0506000000000009 -0.108
0.0506500000000009 0.014
0.0507000000000009 0.016
0.0507500000000009 -0.116
0.0508000000000009 -0.1
0.0508500000000009 -0.012
0.0509000000000009 0.038
0.0509500000000009 -0.114
0.051000000000001 0.03
0.051050000000001 -0.102
0.051100000000001 0.042
0.051150000000001 -0.108
0.051200000000001 0.022
0.051250000000001 -0.118
0.051300000000001 -0.118
0.051350000000001 0.014
0.051400000000001 0.028
0.051450000000001 -0.11
0.051500000000001 0.004
0.051550000000001 -0.116
0.051600000000001 -0.124
0.051650000000001 0.036
0.051700000000001 -0.126
0.051750000000001 0.016
0.051800000000001 -0.104
0.051850000000001 0.038
0.051900000000001 0.032
0.051950000000001 -0.124
0.052000000000001 0.03
0.052050000000001 -0.116
0.052100000000001 0.028
0.052150000000001 -0.116
0.052200000000001 0.022
0.052250000000001 -0.11
0.052300000000001 -0.132
0.052350000000001 0.006
0.052400000000001 -0.122
0.052450000000001 0
0.052500000000001 0.016
0.052550000000001 -0.11
0.052600000000001 -0.028
0.052650000000001 -0.124
0.052700000000001 -0.132
0.052750000000001 -0.014
0.052800000000001 -0.006
0.052850000000001 -0.12
0.052900000000001 -0.11
0.052950000000001 0.03
0.053000000000001 -0.128
0.053050000000001 0.008
0.053100000000001 -0.004
0.053150000000001 -0.116
0.053200000000001 0.014
0.053250000000001 -0.122
0.053300000000001 -0.122
0.053350000000001 0.018
0.053400000000001 0.004
0.053450000000001 -0.126
0.053500000000001 0.006
0.053550000000001 -0.118
0.053600000000001 -0.004
0.053650000000001 -0.104
0.053700000000001 0.014
0.053750000000001 -0.104
0.053800000000001 0.002
0.053850000000001 -0.086
0.053900000000001 0.008
0.053950000000001 -0.11
0.054000000000001 0.01
0.054050000000001 -0.104
0.054100000000001 -0.012
0.054150000000001 -0.088
0.054200000000001 -0.096
0.054250000000001 0.006
0.054300000000001 -0.098
0.054350000000001 -0.006
0.054400000000001 -0.01
0.054450000000001 -0.12
0.0545000000000011 -0.024
0.0545500000000011 -0.094
0.0546000000000011 -0.006
0.0546500000000011 -0.086
0.0547000000000011 -0.016
0.0547500000000011 -0.084
0.0548000000000011 -0.024
0.0548500000000011 -0.096
0.0549000000000011 -0.004
0.0549500000000011 -0.088
0.0550000000000011 -0.014
0.0550500000000011 -0.072
0.0551000000000011 -0.094
0.0551500000000011 -0.014
0.0552000000000011 -0.102
0.0552500000000011 -0.006
0.0553000000000011 -0.014
0.0553500000000011 -0.078
0.0554000000000011 -0.012
0.0554500000000011 -0.074
0.0555000000000011 -0.074
0.0555500000000011 -0.014
0.0556000000000011 -0.072
0.0556500000000011 -0.014
0.0557000000000011 -0.072
0.0557500000000011 -0.016
0.0558000000000011 -0.068
0.0558500000000011 -0.006
0.0559000000000011 -0.062
0.0559500000000011 -0.014
0.0560000000000011 -0.01
0.0560500000000011 -0.072
0.0561000000000011 -0.062
0.0561500000000011 -0.006
0.0562000000000011 -0.014
0.0562500000000011 -0.064
0.0563000000000011 -0.068
0.0563500000000011 -0.014
0.0564000000000011 -0.014
0.0564500000000011 -0.062
0.0565000000000011 -0.006
0.0565500000000011 -0.064
0.0566000000000011 -0.064
0.0566500000000011 -0.014
0.0567000000000011 -0.058
0.0567500000000011 -0.006
0.0568000000000011 -0.064
0.0568500000000011 -0.004
0.0569000000000011 -0.002
0.0569500000000011 -0.058
0.0570000000000011 0.002
0.0570500000000011 -0.068
0.0571000000000011 -0.062
0.0571500000000011 -0.008
0.0572000000000011 -0.064
0.0572500000000011 -0.004
0.0573000000000011 -0.058
0.0573500000000011 -0.006
0.0574000000000011 -0.004
0.0574500000000011 -0.072
0.0575000000000011 0.002
0.0575500000000011 -0.076
0.0576000000000011 -0.08
0.0576500000000011 0.002
0.0577000000000011 -0.07
0.0577500000000011 -0.002
0.0578000000000011 -0.068
0.0578500000000011 0.014
0.0579000000000011 -0.078
0.0579500000000011 0.008
0.0580000000000012 -0.072
0.0580500000000012 0.006
0.0581000000000012 -0.082
0.0581500000000012 0.004
0.0582000000000012 0
0.0582500000000012 -0.084
0.0583000000000012 -0.004
0.0583500000000012 -0.062
0.0584000000000012 0.002
0.0584500000000012 -0.068
0.0585000000000012 0
0.0585500000000012 -0.07
0.0586000000000012 -0.084
0.0586500000000012 -0.002
0.0587000000000012 -0.078
0.0587500000000012 0.012
0.0588000000000012 -0.068
0.0588500000000012 0.002
0.0589000000000012 0.002
0.0589500000000012 -0.088
0.0590000000000012 -0.086
0.0590500000000012 0.004
0.0591000000000012 -0.08
0.0591500000000012 0.006
0.0592000000000012 -0.008
0.0592500000000012 -0.084
0.0593000000000012 0.01
0.0593500000000012 -0.086
0.0594000000000012 -0.004
0.0594500000000012 -0.074
0.0595000000000012 -0.008
0.0595500000000012 -0.078
0.0596000000000012 -0.08
0.0596500000000012 0.008
0.0597000000000012 -0.084
0.0597500000000012 -0.008
0.0598000000000012 -0.002
0.0598500000000012 -0.086
0.0599000000000012 0.002
0.0599500000000012 -0.086
